****7****
100
5338;522;1;2;0;
4918;3400;1;2;0;
752;9270;1;2;0;
6608;5036;1;2;0;
411;8318;1;2;0;
4645;5560;1;2;0;
4070;5295;1;2;0;
107;7240;1;2;0;
1887;6324;1;2;0;
7146;1171;1;2;0;
2926;7793;1;2;0;
7400;8444;1;2;0;
5859;4764;1;2;0;
604;2189;1;2;0;
7988;1660;1;2;0;
2432;9678;1;2;0;
8534;3701;1;2;0;
9429;9285;1;2;0;
2971;6036;1;2;0;
672;9733;1;2;0;
4354;5316;1;2;0;
1644;4775;1;2;0;
610;1750;1;2;0;
8366;8849;1;2;0;
8073;5512;1;2;0;
6371;7350;1;2;0;
9656;3770;1;2;0;
5793;5514;1;2;0;
4885;6396;1;2;0;
7703;9225;1;2;0;
8056;6486;1;2;0;
5254;6589;1;2;0;
187;4682;1;2;0;
2225;9509;1;2;0;
7069;2896;1;2;0;
9241;7774;1;2;0;
4564;884;1;2;0;
2549;1525;1;2;0;
8985;7266;1;2;0;
373;3409;1;2;0;
2777;6743;1;2;0;
758;8784;1;2;0;
6864;6551;1;2;0;
4298;8101;1;2;0;
9298;8352;1;2;0;
3677;7353;1;2;0;
4837;8930;1;2;0;
293;1375;1;2;0;
9963;8869;1;2;0;
883;7031;1;2;0;
8117;123;1;2;79320;
2680;7358;1;2;61915;
4204;6342;1;2;228924;
929;9750;1;2;198777;
7671;6860;1;2;187120;
887;3410;1;2;16669;
8987;2707;1;2;6927;
2663;6412;1;2;106278;
7944;3056;1;2;107249;
7906;8277;1;2;226675;
1288;6393;1;2;24640;
2444;5424;1;2;122142;
6148;5979;1;2;176172;
7118;6907;1;2;22695;
7216;930;1;2;197770;
6097;8168;1;2;35854;
5628;7154;1;2;247245;
3509;6168;1;2;212697;
2579;463;1;2;80928;
3024;4720;1;2;199041;
4351;6007;1;2;116322;
2152;8451;1;2;228199;
7311;4598;1;2;215857;
5164;8067;1;2;70807;
9118;1634;1;2;185427;
6283;4083;1;2;52234;
6857;9710;1;2;6484;
137;9570;1;2;210953;
2533;8501;1;2;58975;
7984;1524;1;2;147463;
1711;5874;1;2;38384;
1830;8025;1;2;135886;
3724;1688;1;2;226941;
1596;6851;1;2;40470;
2727;2320;1;2;75137;
1139;8602;1;2;218176;
7718;5458;1;2;11197;
7802;1946;1;2;11013;
4053;4478;1;2;48960;
7118;2461;1;2;7228;
4902;4171;1;2;162376;
5045;2352;1;2;39043;
3637;6075;1;2;9371;
9531;4023;1;2;24474;
7140;3101;1;2;82105;
2734;4240;1;2;179917;
8762;8309;1;2;103763;
4499;6111;1;2;100888;
9805;6515;1;2;183874;
9964;3633;1;2;183646;
0;1;644;644;
1;1;885;10885;
2;1;11;20011;
3;1;199;30199;
4;1;281;40281;
5;1;362;50362;
6;1;130;60130;
7;1;918;70918;
8;1;789;80789;
9;1;100;90100;
10;1;448;100448;
11;1;163;110163;
12;1;920;120920;
13;1;939;130939;
14;1;263;140263;
15;1;411;150411;
16;1;24;160024;
17;1;854;170854;
18;1;855;180855;
19;1;785;190785;
