****1****
100
14;902;1;2;0;
710;826;1;2;0;
571;627;1;2;0;
52;486;1;2;0;
836;784;1;2;0;
25;77;1;2;0;
404;127;1;2;0;
172;59;1;2;0;
50;567;1;2;0;
761;170;1;2;0;
441;934;1;2;0;
322;468;1;2;0;
804;849;1;2;0;
1000;512;1;2;0;
474;491;1;2;0;
327;839;1;2;0;
745;36;1;2;0;
665;667;1;2;0;
662;716;1;2;0;
153;497;1;2;0;
852;529;1;2;0;
925;607;1;2;0;
7;96;1;2;0;
665;57;1;2;0;
15;778;1;2;0;
226;455;1;2;0;
711;899;1;2;0;
275;866;1;2;0;
747;274;1;2;0;
377;572;1;2;0;
764;703;1;2;0;
410;860;1;2;0;
91;74;1;2;0;
527;752;1;2;0;
142;31;1;2;0;
601;993;1;2;0;
911;525;1;2;0;
599;917;1;2;0;
973;615;1;2;0;
325;987;1;2;0;
392;902;1;2;0;
793;455;1;2;0;
800;67;1;2;0;
320;898;1;2;0;
340;49;1;2;0;
469;456;1;2;0;
751;231;1;2;0;
667;193;1;2;0;
656;545;1;2;0;
945;797;1;2;0;
575;897;1;2;18525;
837;773;1;2;6803;
754;745;1;2;18701;
430;83;1;2;14740;
332;876;1;2;6193;
483;942;1;2;4492;
381;634;1;2;11833;
201;441;1;2;12725;
431;459;1;2;3058;
87;4;1;2;14914;
235;578;1;2;12958;
376;767;1;2;9179;
114;520;1;2;4552;
171;301;1;2;18414;
620;632;1;2;7396;
874;115;1;2;21526;
800;847;1;2;13732;
774;47;1;2;9625;
851;830;1;2;14815;
120;268;1;2;20944;
685;502;1;2;23178;
146;877;1;2;23542;
379;343;1;2;5077;
709;513;1;2;11246;
122;484;1;2;362;
761;710;1;2;18924;
342;861;1;2;10801;
908;635;1;2;2335;
618;837;1;2;458;
435;308;1;2;15059;
254;992;1;2;16729;
355;489;1;2;19496;
870;867;1;2;9660;
256;928;1;2;8170;
295;49;1;2;2516;
965;161;1;2;3389;
101;503;1;2;13033;
435;762;1;2;22775;
815;380;1;2;20340;
377;814;1;2;13282;
853;419;1;2;18763;
535;774;1;2;22492;
742;995;1;2;8647;
642;603;1;2;13526;
55;897;1;2;1045;
304;213;1;2;5850;
261;313;1;2;1712;
79;747;1;2;115;
883;913;1;2;15181;
875;289;1;2;9475;
0;1;74;74;
1;1;94;1094;
2;1;15;2015;
3;1;64;3064;
4;1;28;4028;
5;1;40;5040;
6;1;42;6042;
7;1;69;7069;
8;1;34;8034;
9;1;39;9039;
10;1;63;10063;
11;1;88;11088;
12;1;62;12062;
13;1;17;13017;
14;1;84;14084;
15;1;38;15038;
16;1;20;16020;
17;1;96;17096;
18;1;22;18022;
19;1;33;19033;
