6123,6145
6123,6145
6123,6145
6123,6145
6120,6145
6120,6145
6120,6145
6120,6145
6120,6145
6120,6145
6120,6145
6120,6145
6118,6145
6118,6145
6118,6145
6116,6145
6116,6145
6115,6145
6115,6145
6115,6145
6115,6145
6115,6145
6115,6145
6115,6145
6115,6145
6115,6145
6115,6145
6115,6145
6115,6145
6115,6145
6115,6145
6115,6145
6115,6145
6109,6145
6109,6145
6109,6145
6107,6145
6107,6145
6107,6145
6107,6145
6107,6145
6107,6145
6106,6145
6106,6145
6106,6145
6106,6145
6106,6145
6106,6145
6106,6145
6106,6145
6106,6145
6106,6145
6106,6145
6106,6145
6106,6145
6106,6145
6106,6145
6106,6145
6106,6145
6106,6145
