5498,5567
5491,5567
5489,5567
5489,5567
5483,5567
5479,5567
5479,5567
5479,5567
5479,5567
5479,5567
5477,5567
5477,5567
5477,5567
5477,5567
5477,5567
5475,5567
5473,5567
5473,5567
5472,5567
5466,5567
5466,5567
5466,5567
5466,5567
5466,5567
5466,5567
5466,5567
5466,5567
5464,5567
5463,5567
5463,5567
5462,5567
5462,5567
5461,5567
5461,5567
5459,5567
5459,5567
5458,5567
5458,5567
5458,5567
5458,5567
5458,5567
5458,5567
5458,5567
5458,5567
5458,5567
5458,5567
5458,5567
5458,5567
5458,5567
5457,5567
5457,5567
5456,5567
5456,5567
5456,5567
5456,5567
5456,5567
5456,5567
5456,5567
5456,5567
5456,5567
