****7****
100
189;194;1;2;0;
218;166;1;2;0;
203;180;1;2;0;
205;181;1;2;0;
203;203;1;2;0;
173;211;1;2;0;
190;199;1;2;0;
229;218;1;2;0;
199;225;1;2;0;
237;227;1;2;0;
211;160;1;2;0;
199;169;1;2;0;
176;248;1;2;0;
171;247;1;2;0;
203;232;1;2;0;
175;243;1;2;0;
176;243;1;2;0;
159;229;1;2;0;
174;166;1;2;0;
212;179;1;2;0;
171;235;1;2;0;
193;211;1;2;0;
184;172;1;2;0;
231;186;1;2;0;
248;170;1;2;0;
163;161;1;2;0;
180;212;1;2;0;
180;206;1;2;0;
162;153;1;2;0;
156;216;1;2;0;
235;181;1;2;0;
209;213;1;2;0;
175;170;1;2;0;
244;151;1;2;0;
238;206;1;2;0;
232;159;1;2;0;
244;175;1;2;0;
220;178;1;2;0;
198;153;1;2;0;
214;196;1;2;0;
174;179;1;2;0;
159;204;1;2;0;
193;189;1;2;0;
213;206;1;2;0;
245;219;1;2;0;
172;230;1;2;0;
202;183;1;2;0;
246;227;1;2;0;
155;240;1;2;0;
180;243;1;2;0;
197;163;1;2;2042;
243;188;1;2;3960;
223;188;1;2;1713;
240;186;1;2;1070;
169;195;1;2;1495;
213;187;1;2;4626;
169;182;1;2;2610;
191;214;1;2;3272;
176;210;1;2;600;
181;153;1;2;1000;
174;152;1;2;4335;
176;245;1;2;3963;
200;218;1;2;4760;
227;208;1;2;3001;
179;228;1;2;2207;
237;243;1;2;4505;
210;162;1;2;117;
152;155;1;2;2246;
246;181;1;2;2620;
170;212;1;2;4910;
225;236;1;2;3288;
244;162;1;2;300;
202;164;1;2;407;
151;241;1;2;3463;
188;222;1;2;4172;
170;209;1;2;745;
242;169;1;2;1046;
197;223;1;2;4878;
217;220;1;2;1215;
150;240;1;2;1636;
237;167;1;2;541;
227;162;1;2;1498;
163;166;1;2;3466;
220;219;1;2;1632;
236;209;1;2;4355;
229;230;1;2;1604;
168;174;1;2;292;
170;221;1;2;3031;
230;189;1;2;1564;
168;241;1;2;3781;
173;180;1;2;682;
163;209;1;2;1602;
166;175;1;2;1265;
186;245;1;2;3670;
246;231;1;2;3340;
231;163;1;2;2484;
227;181;1;2;606;
194;153;1;2;4351;
235;233;1;2;198;
198;204;1;2;770;
0;1;3;3;
1;1;78;278;
2;1;29;429;
3;1;78;678;
4;1;91;891;
5;1;89;1089;
6;1;65;1265;
7;1;59;1459;
8;1;14;1614;
9;1;20;1820;
10;1;96;2096;
11;1;9;2209;
12;1;97;2497;
13;1;44;2644;
14;1;43;2843;
15;1;34;3034;
16;1;77;3277;
17;1;56;3456;
18;1;50;3650;
19;1;54;3854;
