****11****
100
214;182;1;2;0;
193;152;1;2;0;
179;178;1;2;0;
179;187;1;2;0;
163;196;1;2;0;
236;239;1;2;0;
231;204;1;2;0;
176;232;1;2;0;
168;224;1;2;0;
211;215;1;2;0;
197;196;1;2;0;
183;229;1;2;0;
205;247;1;2;0;
159;175;1;2;0;
243;199;1;2;0;
180;159;1;2;0;
231;175;1;2;0;
161;212;1;2;0;
156;243;1;2;0;
249;169;1;2;0;
241;187;1;2;0;
210;222;1;2;0;
241;189;1;2;0;
204;212;1;2;0;
163;166;1;2;0;
177;162;1;2;0;
164;162;1;2;0;
241;171;1;2;0;
159;150;1;2;0;
196;152;1;2;0;
200;178;1;2;0;
214;233;1;2;0;
204;225;1;2;0;
248;210;1;2;0;
170;199;1;2;0;
181;162;1;2;0;
237;241;1;2;0;
234;180;1;2;0;
180;189;1;2;0;
242;194;1;2;0;
157;221;1;2;0;
158;171;1;2;0;
233;150;1;2;0;
192;242;1;2;0;
150;190;1;2;0;
197;152;1;2;0;
219;161;1;2;0;
188;173;1;2;0;
188;186;1;2;0;
185;209;1;2;0;
235;216;1;2;4892;
174;159;1;2;2416;
205;190;1;2;3407;
249;186;1;2;4175;
221;194;1;2;3423;
156;194;1;2;1821;
249;247;1;2;2441;
248;201;1;2;481;
211;191;1;2;4109;
249;227;1;2;4882;
160;165;1;2;4028;
183;241;1;2;2035;
191;196;1;2;1328;
189;248;1;2;3525;
195;219;1;2;195;
173;177;1;2;3756;
194;176;1;2;3703;
207;226;1;2;17;
241;187;1;2;348;
198;239;1;2;91;
194;201;1;2;3404;
204;235;1;2;4427;
175;228;1;2;3758;
239;167;1;2;81;
238;212;1;2;644;
182;236;1;2;2277;
223;232;1;2;3353;
212;241;1;2;4604;
205;232;1;2;1435;
188;232;1;2;2228;
152;176;1;2;4165;
231;182;1;2;1374;
201;207;1;2;1272;
170;196;1;2;3029;
237;185;1;2;1580;
225;169;1;2;350;
241;194;1;2;1923;
235;209;1;2;2976;
157;164;1;2;515;
217;154;1;2;2887;
218;208;1;2;734;
223;189;1;2;3848;
212;193;1;2;25;
180;165;1;2;594;
217;205;1;2;4844;
168;232;1;2;3731;
158;223;1;2;247;
229;160;1;2;4624;
244;220;1;2;2639;
240;239;1;2;4641;
0;1;70;70;
1;1;11;211;
2;1;89;489;
3;1;26;626;
4;1;84;884;
5;1;80;1080;
6;1;15;1215;
7;1;46;1446;
8;1;23;1623;
9;1;61;1861;
10;1;76;2076;
11;1;91;2291;
12;1;57;2457;
13;1;95;2695;
14;1;46;2846;
15;1;89;3089;
16;1;66;3266;
17;1;28;3428;
18;1;92;3692;
19;1;74;3874;
