****6****
100
180;165;1;2;0;
233;173;1;2;0;
227;218;1;2;0;
248;209;1;2;0;
224;238;1;2;0;
230;193;1;2;0;
178;190;1;2;0;
183;218;1;2;0;
189;169;1;2;0;
249;247;1;2;0;
203;204;1;2;0;
240;232;1;2;0;
226;180;1;2;0;
218;209;1;2;0;
203;242;1;2;0;
165;233;1;2;0;
209;248;1;2;0;
208;186;1;2;0;
168;206;1;2;0;
198;194;1;2;0;
246;230;1;2;0;
237;227;1;2;0;
171;170;1;2;0;
195;162;1;2;0;
190;246;1;2;0;
159;195;1;2;0;
200;202;1;2;0;
229;228;1;2;0;
232;197;1;2;0;
188;238;1;2;0;
189;155;1;2;0;
221;201;1;2;0;
205;232;1;2;0;
237;175;1;2;0;
240;237;1;2;0;
220;189;1;2;0;
218;207;1;2;0;
166;191;1;2;0;
180;163;1;2;0;
203;172;1;2;0;
160;213;1;2;0;
169;162;1;2;0;
165;249;1;2;0;
193;199;1;2;0;
196;183;1;2;0;
187;188;1;2;0;
188;211;1;2;0;
239;243;1;2;0;
245;178;1;2;0;
168;235;1;2;0;
166;238;1;2;3437;
186;196;1;2;2747;
227;178;1;2;2469;
180;200;1;2;4044;
243;219;1;2;3534;
210;170;1;2;3131;
160;169;1;2;1958;
249;159;1;2;2465;
210;248;1;2;4350;
205;228;1;2;2000;
243;196;1;2;4734;
219;232;1;2;2102;
212;209;1;2;1463;
170;192;1;2;1070;
238;237;1;2;3621;
218;198;1;2;3707;
194;160;1;2;4072;
202;211;1;2;1653;
249;172;1;2;3048;
188;179;1;2;3370;
246;224;1;2;153;
245;246;1;2;3440;
241;160;1;2;4271;
166;180;1;2;3153;
192;168;1;2;4942;
240;188;1;2;840;
209;232;1;2;2487;
248;237;1;2;1062;
245;236;1;2;1808;
191;174;1;2;1422;
168;223;1;2;313;
192;218;1;2;1157;
150;161;1;2;3226;
167;177;1;2;2462;
179;172;1;2;197;
230;214;1;2;4204;
229;173;1;2;4136;
190;224;1;2;1953;
212;219;1;2;1646;
209;212;1;2;1802;
187;231;1;2;4420;
239;225;1;2;758;
240;225;1;2;2920;
150;194;1;2;3132;
243;175;1;2;2463;
153;155;1;2;4534;
154;234;1;2;3815;
190;174;1;2;4377;
212;189;1;2;3636;
221;248;1;2;3877;
0;1;57;57;
1;1;36;236;
2;1;74;474;
3;1;67;667;
4;1;77;877;
5;1;1;1001;
6;1;45;1245;
7;1;19;1419;
8;1;76;1676;
9;1;86;1886;
10;1;72;2072;
11;1;73;2273;
12;1;7;2407;
13;1;17;2617;
14;1;98;2898;
15;1;2;3002;
16;1;20;3220;
17;1;4;3404;
18;1;10;3610;
19;1;77;3877;
