****0****
100
220;181;1;2;0;
211;175;1;2;0;
223;174;1;2;0;
152;152;1;2;0;
167;167;1;2;0;
172;208;1;2;0;
191;241;1;2;0;
240;199;1;2;0;
182;234;1;2;0;
187;183;1;2;0;
168;217;1;2;0;
235;193;1;2;0;
183;234;1;2;0;
186;177;1;2;0;
180;242;1;2;0;
202;202;1;2;0;
225;163;1;2;0;
179;198;1;2;0;
239;181;1;2;0;
153;156;1;2;0;
151;175;1;2;0;
166;244;1;2;0;
167;156;1;2;0;
194;151;1;2;0;
193;183;1;2;0;
236;163;1;2;0;
202;221;1;2;0;
207;235;1;2;0;
158;243;1;2;0;
214;188;1;2;0;
187;218;1;2;0;
192;163;1;2;0;
183;222;1;2;0;
163;172;1;2;0;
205;166;1;2;0;
230;158;1;2;0;
244;247;1;2;0;
153;161;1;2;0;
205;249;1;2;0;
214;200;1;2;0;
234;152;1;2;0;
214;238;1;2;0;
176;223;1;2;0;
223;184;1;2;0;
168;239;1;2;0;
174;206;1;2;0;
208;168;1;2;0;
171;241;1;2;0;
192;184;1;2;0;
216;200;1;2;0;
153;196;1;2;612;
247;193;1;2;4146;
210;201;1;2;2362;
226;151;1;2;3742;
228;167;1;2;2298;
154;240;1;2;352;
240;159;1;2;3177;
164;167;1;2;3176;
235;188;1;2;3747;
177;174;1;2;1394;
227;177;1;2;832;
186;174;1;2;4389;
199;234;1;2;4047;
212;210;1;2;1600;
160;241;1;2;203;
197;197;1;2;1256;
206;188;1;2;4547;
157;154;1;2;2617;
218;239;1;2;2042;
171;167;1;2;1074;
241;196;1;2;4424;
158;232;1;2;2525;
171;234;1;2;4528;
182;248;1;2;4626;
247;158;1;2;2981;
182;205;1;2;3766;
155;214;1;2;3612;
189;173;1;2;3928;
192;242;1;2;2927;
185;215;1;2;2539;
150;158;1;2;4025;
195;167;1;2;1472;
165;188;1;2;4789;
219;172;1;2;2099;
185;222;1;2;2908;
243;154;1;2;4515;
200;211;1;2;2270;
243;202;1;2;113;
242;244;1;2;1984;
183;179;1;2;1628;
189;231;1;2;440;
246;177;1;2;14;
185;192;1;2;1265;
208;213;1;2;2476;
181;248;1;2;1773;
162;193;1;2;2834;
151;243;1;2;3440;
156;188;1;2;3137;
185;233;1;2;304;
205;166;1;2;1984;
0;1;94;94;
1;1;9;209;
2;1;26;426;
3;1;92;692;
4;1;5;805;
5;1;5;1005;
6;1;7;1207;
7;1;40;1440;
8;1;99;1699;
9;1;60;1860;
10;1;50;2050;
11;1;62;2262;
12;1;87;2487;
13;1;81;2681;
14;1;12;2812;
15;1;87;3087;
16;1;93;3293;
17;1;56;3456;
18;1;42;3642;
19;1;47;3847;
