****8****
100
236;192;1;2;0;
200;191;1;2;0;
208;237;1;2;0;
227;163;1;2;0;
186;181;1;2;0;
209;240;1;2;0;
210;189;1;2;0;
217;152;1;2;0;
177;181;1;2;0;
163;242;1;2;0;
152;210;1;2;0;
203;249;1;2;0;
205;245;1;2;0;
182;182;1;2;0;
200;183;1;2;0;
187;238;1;2;0;
177;237;1;2;0;
179;235;1;2;0;
225;208;1;2;0;
248;213;1;2;0;
191;159;1;2;0;
203;203;1;2;0;
199;170;1;2;0;
206;178;1;2;0;
153;171;1;2;0;
171;155;1;2;0;
231;176;1;2;0;
154;186;1;2;0;
171;238;1;2;0;
170;221;1;2;0;
172;208;1;2;0;
209;199;1;2;0;
195;190;1;2;0;
237;222;1;2;0;
201;235;1;2;0;
185;242;1;2;0;
197;190;1;2;0;
196;198;1;2;0;
162;204;1;2;0;
226;165;1;2;0;
225;199;1;2;0;
171;158;1;2;0;
225;227;1;2;0;
194;246;1;2;0;
216;215;1;2;0;
169;238;1;2;0;
225;180;1;2;0;
239;170;1;2;0;
173;226;1;2;0;
195;224;1;2;0;
164;182;1;2;4941;
163;223;1;2;1331;
211;235;1;2;4959;
187;203;1;2;4886;
189;176;1;2;4850;
164;153;1;2;3049;
213;171;1;2;2045;
184;211;1;2;1036;
167;153;1;2;4181;
190;229;1;2;1192;
216;195;1;2;4496;
234;208;1;2;4741;
199;169;1;2;135;
169;159;1;2;4246;
163;198;1;2;4715;
216;164;1;2;2525;
166;179;1;2;2729;
233;166;1;2;1061;
223;183;1;2;3519;
238;175;1;2;4456;
197;241;1;2;2243;
241;225;1;2;2560;
158;174;1;2;3094;
165;194;1;2;4535;
224;159;1;2;1949;
210;177;1;2;1070;
151;246;1;2;2180;
165;229;1;2;1008;
241;203;1;2;1417;
172;243;1;2;1981;
183;190;1;2;3231;
191;182;1;2;1632;
157;242;1;2;2755;
247;157;1;2;1556;
194;232;1;2;210;
193;244;1;2;3567;
159;197;1;2;4675;
154;212;1;2;1341;
217;156;1;2;364;
165;178;1;2;925;
238;163;1;2;4979;
202;156;1;2;1257;
241;216;1;2;1027;
157;213;1;2;185;
169;158;1;2;1453;
190;153;1;2;1070;
243;162;1;2;1561;
239;218;1;2;1418;
167;237;1;2;1701;
248;152;1;2;928;
0;1;25;25;
1;1;91;291;
2;1;41;441;
3;1;92;692;
4;1;43;843;
5;1;99;1099;
6;1;90;1290;
7;1;35;1435;
8;1;65;1665;
9;1;33;1833;
10;1;94;2094;
11;1;29;2229;
12;1;84;2484;
13;1;14;2614;
14;1;89;2889;
15;1;68;3068;
16;1;6;3206;
17;1;92;3492;
18;1;95;3695;
19;1;99;3899;
