****18****
100
199;213;1;2;0;
194;150;1;2;0;
226;244;1;2;0;
172;169;1;2;0;
236;237;1;2;0;
178;237;1;2;0;
159;166;1;2;0;
213;202;1;2;0;
226;155;1;2;0;
156;152;1;2;0;
230;235;1;2;0;
225;248;1;2;0;
167;236;1;2;0;
244;215;1;2;0;
177;202;1;2;0;
222;226;1;2;0;
218;218;1;2;0;
178;194;1;2;0;
213;152;1;2;0;
213;151;1;2;0;
239;241;1;2;0;
190;200;1;2;0;
210;153;1;2;0;
153;186;1;2;0;
210;211;1;2;0;
240;190;1;2;0;
196;215;1;2;0;
188;166;1;2;0;
154;182;1;2;0;
231;181;1;2;0;
187;155;1;2;0;
209;155;1;2;0;
224;190;1;2;0;
151;239;1;2;0;
192;215;1;2;0;
240;234;1;2;0;
206;180;1;2;0;
184;218;1;2;0;
236;239;1;2;0;
206;196;1;2;0;
200;196;1;2;0;
237;199;1;2;0;
162;227;1;2;0;
215;166;1;2;0;
212;248;1;2;0;
249;249;1;2;0;
206;160;1;2;0;
206;232;1;2;0;
152;207;1;2;0;
221;195;1;2;0;
172;163;1;2;1018;
181;245;1;2;4709;
201;231;1;2;3700;
158;178;1;2;2115;
204;217;1;2;1323;
168;246;1;2;1002;
236;208;1;2;4284;
187;159;1;2;3811;
198;215;1;2;1296;
152;225;1;2;4371;
197;199;1;2;4420;
178;182;1;2;4237;
246;234;1;2;252;
203;194;1;2;713;
210;248;1;2;2559;
219;167;1;2;4536;
196;205;1;2;319;
172;243;1;2;2259;
152;243;1;2;3892;
166;245;1;2;1942;
203;245;1;2;457;
153;173;1;2;244;
199;221;1;2;2572;
226;174;1;2;2172;
233;235;1;2;3264;
207;156;1;2;1364;
229;154;1;2;193;
210;177;1;2;148;
201;231;1;2;4525;
161;200;1;2;1737;
196;153;1;2;3064;
180;157;1;2;285;
249;206;1;2;3109;
202;234;1;2;998;
199;217;1;2;1830;
247;174;1;2;1928;
163;205;1;2;2294;
235;166;1;2;2975;
152;169;1;2;4307;
210;180;1;2;1821;
216;226;1;2;651;
216;208;1;2;1743;
192;208;1;2;4333;
188;160;1;2;3672;
160;162;1;2;1236;
169;211;1;2;347;
236;176;1;2;541;
155;214;1;2;2899;
154;168;1;2;4680;
186;181;1;2;4775;
0;1;67;67;
1;1;98;298;
2;1;33;433;
3;1;100;700;
4;1;16;816;
5;1;91;1091;
6;1;45;1245;
7;1;59;1459;
8;1;1;1601;
9;1;45;1845;
10;1;49;2049;
11;1;64;2264;
12;1;82;2482;
13;1;11;2611;
14;1;76;2876;
15;1;33;3033;
16;1;82;3282;
17;1;89;3489;
18;1;13;3613;
19;1;68;3868;
