****5****
100
193;199;1;2;0;
227;189;1;2;0;
222;221;1;2;0;
248;156;1;2;0;
248;243;1;2;0;
230;236;1;2;0;
160;241;1;2;0;
232;244;1;2;0;
249;225;1;2;0;
234;226;1;2;0;
196;161;1;2;0;
159;191;1;2;0;
207;219;1;2;0;
209;171;1;2;0;
246;221;1;2;0;
197;189;1;2;0;
171;226;1;2;0;
180;195;1;2;0;
150;230;1;2;0;
202;248;1;2;0;
175;234;1;2;0;
235;185;1;2;0;
225;217;1;2;0;
231;177;1;2;0;
193;215;1;2;0;
205;191;1;2;0;
179;215;1;2;0;
184;236;1;2;0;
184;195;1;2;0;
209;180;1;2;0;
167;156;1;2;0;
171;188;1;2;0;
232;153;1;2;0;
233;184;1;2;0;
185;237;1;2;0;
183;210;1;2;0;
221;220;1;2;0;
197;249;1;2;0;
187;178;1;2;0;
176;182;1;2;0;
195;231;1;2;0;
176;224;1;2;0;
248;162;1;2;0;
162;182;1;2;0;
208;221;1;2;0;
164;225;1;2;0;
179;237;1;2;0;
215;214;1;2;0;
192;150;1;2;0;
248;227;1;2;0;
238;233;1;2;48;
161;203;1;2;4217;
160;193;1;2;2425;
186;177;1;2;1525;
220;155;1;2;4160;
218;168;1;2;1405;
203;226;1;2;1874;
217;153;1;2;3818;
205;170;1;2;1980;
199;170;1;2;1631;
177;210;1;2;395;
166;174;1;2;4668;
203;184;1;2;2126;
219;173;1;2;2108;
181;243;1;2;3883;
222;163;1;2;3380;
175;216;1;2;3777;
203;236;1;2;3233;
161;243;1;2;2651;
235;192;1;2;4265;
208;219;1;2;3350;
216;188;1;2;2928;
229;241;1;2;4702;
186;162;1;2;4564;
222;246;1;2;3952;
163;218;1;2;3939;
223;195;1;2;4841;
210;248;1;2;1900;
153;160;1;2;1559;
215;245;1;2;4359;
150;155;1;2;2334;
198;173;1;2;532;
169;153;1;2;3934;
227;241;1;2;4963;
208;165;1;2;907;
234;178;1;2;1690;
226;203;1;2;2953;
184;216;1;2;3096;
228;171;1;2;172;
217;236;1;2;1162;
248;189;1;2;4987;
249;237;1;2;512;
188;208;1;2;3935;
222;186;1;2;1616;
217;244;1;2;2953;
159;181;1;2;1065;
222;157;1;2;4332;
177;243;1;2;3819;
235;173;1;2;2759;
203;240;1;2;3041;
0;1;70;70;
1;1;89;289;
2;1;61;461;
3;1;91;691;
4;1;41;841;
5;1;48;1048;
6;1;35;1235;
7;1;31;1431;
8;1;6;1606;
9;1;35;1835;
10;1;4;2004;
11;1;94;2294;
12;1;77;2477;
13;1;23;2623;
14;1;41;2841;
15;1;35;3035;
16;1;32;3232;
17;1;72;3472;
18;1;73;3673;
19;1;4;3804;
