****15****
100
211;202;1;2;0;
235;234;1;2;0;
249;242;1;2;0;
228;198;1;2;0;
205;202;1;2;0;
193;242;1;2;0;
170;242;1;2;0;
191;198;1;2;0;
198;234;1;2;0;
175;206;1;2;0;
230;236;1;2;0;
232;246;1;2;0;
153;228;1;2;0;
187;220;1;2;0;
221;179;1;2;0;
207;182;1;2;0;
231;192;1;2;0;
218;230;1;2;0;
236;248;1;2;0;
230;243;1;2;0;
152;173;1;2;0;
235;172;1;2;0;
217;176;1;2;0;
172;165;1;2;0;
161;198;1;2;0;
222;241;1;2;0;
184;156;1;2;0;
189;239;1;2;0;
234;178;1;2;0;
162;205;1;2;0;
207;219;1;2;0;
237;188;1;2;0;
214;157;1;2;0;
220;152;1;2;0;
155;200;1;2;0;
246;158;1;2;0;
223;231;1;2;0;
232;242;1;2;0;
210;155;1;2;0;
157;221;1;2;0;
155;181;1;2;0;
164;241;1;2;0;
187;155;1;2;0;
231;172;1;2;0;
183;195;1;2;0;
179;192;1;2;0;
164;219;1;2;0;
230;228;1;2;0;
226;152;1;2;0;
183;232;1;2;0;
202;179;1;2;637;
227;212;1;2;4971;
219;172;1;2;1015;
178;195;1;2;1618;
210;161;1;2;1392;
199;166;1;2;546;
173;151;1;2;1615;
203;193;1;2;3504;
172;225;1;2;698;
200;227;1;2;1449;
182;179;1;2;4797;
224;208;1;2;862;
249;177;1;2;1292;
230;158;1;2;4944;
169;170;1;2;3437;
199;171;1;2;4968;
162;195;1;2;4153;
170;200;1;2;4069;
192;174;1;2;2794;
245;224;1;2;1741;
183;209;1;2;2548;
150;183;1;2;1096;
180;182;1;2;4511;
184;215;1;2;2279;
233;234;1;2;4030;
246;183;1;2;4310;
228;195;1;2;791;
211;167;1;2;1237;
237;209;1;2;4909;
239;157;1;2;1572;
171;190;1;2;3360;
184;243;1;2;1671;
155;173;1;2;2241;
206;207;1;2;320;
217;242;1;2;4054;
248;191;1;2;4070;
201;169;1;2;1677;
150;230;1;2;4254;
150;169;1;2;1065;
225;159;1;2;2048;
175;232;1;2;176;
184;218;1;2;245;
179;175;1;2;3118;
206;184;1;2;1611;
150;151;1;2;668;
230;202;1;2;3727;
243;153;1;2;2279;
153;205;1;2;477;
232;157;1;2;2391;
170;233;1;2;1575;
0;1;67;67;
1;1;9;209;
2;1;67;467;
3;1;57;657;
4;1;96;896;
5;1;35;1035;
6;1;88;1288;
7;1;25;1425;
8;1;60;1660;
9;1;94;1894;
10;1;33;2033;
11;1;94;2294;
12;1;9;2409;
13;1;33;2633;
14;1;48;2848;
15;1;16;3016;
16;1;13;3213;
17;1;100;3500;
18;1;17;3617;
19;1;58;3858;
