****10****
100
164;191;1;2;0;
195;213;1;2;0;
155;202;1;2;0;
222;218;1;2;0;
246;230;1;2;0;
224;151;1;2;0;
161;168;1;2;0;
223;241;1;2;0;
199;237;1;2;0;
158;178;1;2;0;
241;245;1;2;0;
165;209;1;2;0;
215;237;1;2;0;
193;247;1;2;0;
169;186;1;2;0;
243;184;1;2;0;
179;188;1;2;0;
247;184;1;2;0;
192;172;1;2;0;
204;188;1;2;0;
152;179;1;2;0;
241;163;1;2;0;
249;214;1;2;0;
207;199;1;2;0;
153;167;1;2;0;
227;245;1;2;0;
214;194;1;2;0;
204;180;1;2;0;
181;248;1;2;0;
177;153;1;2;0;
236;222;1;2;0;
187;165;1;2;0;
160;236;1;2;0;
151;202;1;2;0;
158;206;1;2;0;
192;161;1;2;0;
187;236;1;2;0;
226;186;1;2;0;
200;235;1;2;0;
235;204;1;2;0;
153;165;1;2;0;
151;217;1;2;0;
209;205;1;2;0;
247;193;1;2;0;
155;226;1;2;0;
196;241;1;2;0;
150;185;1;2;0;
208;160;1;2;0;
171;210;1;2;0;
164;232;1;2;0;
218;159;1;2;1598;
155;245;1;2;84;
191;247;1;2;87;
229;153;1;2;1716;
196;154;1;2;2178;
207;162;1;2;1062;
202;167;1;2;4637;
248;211;1;2;2464;
235;169;1;2;4706;
157;181;1;2;1095;
239;249;1;2;2054;
236;154;1;2;4582;
209;248;1;2;739;
168;179;1;2;2691;
182;225;1;2;4190;
164;234;1;2;2951;
195;187;1;2;4102;
154;237;1;2;929;
214;223;1;2;2415;
237;182;1;2;1567;
226;171;1;2;733;
176;157;1;2;4178;
169;168;1;2;3503;
163;187;1;2;211;
209;219;1;2;400;
164;185;1;2;2915;
178;230;1;2;4562;
162;187;1;2;2913;
159;203;1;2;4516;
228;242;1;2;4121;
228;218;1;2;556;
227;196;1;2;420;
183;167;1;2;3797;
189;181;1;2;773;
224;192;1;2;4592;
186;206;1;2;1665;
233;235;1;2;3821;
168;199;1;2;1456;
191;161;1;2;1272;
187;239;1;2;3739;
215;217;1;2;711;
216;246;1;2;4246;
176;180;1;2;4684;
155;219;1;2;3529;
222;246;1;2;2709;
159;182;1;2;2175;
184;217;1;2;642;
189;236;1;2;2212;
235;177;1;2;3575;
182;215;1;2;1383;
0;1;25;25;
1;1;83;283;
2;1;17;417;
3;1;38;638;
4;1;2;802;
5;1;65;1065;
6;1;97;1297;
7;1;28;1428;
8;1;95;1695;
9;1;73;1873;
10;1;85;2085;
11;1;17;2217;
12;1;81;2481;
13;1;10;2610;
14;1;13;2813;
15;1;31;3031;
16;1;19;3219;
17;1;97;3497;
18;1;89;3689;
19;1;53;3853;
