****4****
100
166;229;1;2;0;
178;230;1;2;0;
223;177;1;2;0;
176;191;1;2;0;
249;161;1;2;0;
200;151;1;2;0;
234;154;1;2;0;
234;195;1;2;0;
155;191;1;2;0;
206;190;1;2;0;
196;168;1;2;0;
221;196;1;2;0;
192;160;1;2;0;
219;173;1;2;0;
180;218;1;2;0;
238;249;1;2;0;
198;219;1;2;0;
229;171;1;2;0;
198;155;1;2;0;
165;150;1;2;0;
218;215;1;2;0;
151;154;1;2;0;
172;236;1;2;0;
200;229;1;2;0;
177;208;1;2;0;
169;176;1;2;0;
226;192;1;2;0;
222;220;1;2;0;
155;244;1;2;0;
196;237;1;2;0;
212;184;1;2;0;
236;212;1;2;0;
205;167;1;2;0;
186;154;1;2;0;
224;201;1;2;0;
206;192;1;2;0;
218;207;1;2;0;
249;240;1;2;0;
245;151;1;2;0;
220;225;1;2;0;
209;191;1;2;0;
151;237;1;2;0;
186;175;1;2;0;
159;191;1;2;0;
169;205;1;2;0;
178;184;1;2;0;
192;217;1;2;0;
246;247;1;2;0;
234;234;1;2;0;
203;209;1;2;0;
185;159;1;2;3979;
206;169;1;2;4204;
248;164;1;2;432;
170;239;1;2;305;
212;192;1;2;4025;
200;218;1;2;2127;
241;189;1;2;3661;
221;223;1;2;3886;
188;172;1;2;3682;
225;156;1;2;1686;
236;244;1;2;2541;
241;200;1;2;1405;
246;150;1;2;2827;
203;171;1;2;4141;
220;233;1;2;2747;
227;183;1;2;1936;
192;226;1;2;4292;
165;249;1;2;907;
179;240;1;2;3659;
243;215;1;2;350;
213;153;1;2;4370;
192;244;1;2;3571;
242;192;1;2;4861;
206;246;1;2;1879;
212;168;1;2;1236;
161;245;1;2;2226;
229;240;1;2;444;
237;155;1;2;3696;
223;236;1;2;1611;
230;230;1;2;2376;
196;245;1;2;4775;
208;239;1;2;4311;
170;231;1;2;189;
185;239;1;2;2842;
220;154;1;2;2574;
191;165;1;2;4936;
246;196;1;2;1291;
230;184;1;2;1827;
161;209;1;2;4667;
234;189;1;2;4253;
172;236;1;2;2272;
165;246;1;2;2791;
204;167;1;2;688;
186;154;1;2;1079;
216;176;1;2;2342;
216;217;1;2;3749;
164;166;1;2;2236;
249;246;1;2;2857;
244;209;1;2;1519;
225;193;1;2;2644;
0;1;37;37;
1;1;18;218;
2;1;12;412;
3;1;45;645;
4;1;85;885;
5;1;9;1009;
6;1;42;1242;
7;1;39;1439;
8;1;78;1678;
9;1;72;1872;
10;1;28;2028;
11;1;82;2282;
12;1;43;2443;
13;1;94;2694;
14;1;8;2808;
15;1;19;3019;
16;1;13;3213;
17;1;28;3428;
18;1;61;3661;
19;1;27;3827;
