****14****
100
210;247;1;2;0;
211;180;1;2;0;
247;162;1;2;0;
211;189;1;2;0;
153;238;1;2;0;
181;226;1;2;0;
234;186;1;2;0;
201;246;1;2;0;
204;189;1;2;0;
206;210;1;2;0;
162;164;1;2;0;
150;154;1;2;0;
169;234;1;2;0;
168;178;1;2;0;
164;199;1;2;0;
202;176;1;2;0;
248;163;1;2;0;
206;245;1;2;0;
228;167;1;2;0;
236;231;1;2;0;
208;219;1;2;0;
159;192;1;2;0;
156;211;1;2;0;
240;210;1;2;0;
202;196;1;2;0;
223;166;1;2;0;
162;175;1;2;0;
170;234;1;2;0;
159;188;1;2;0;
214;225;1;2;0;
189;166;1;2;0;
151;187;1;2;0;
232;207;1;2;0;
235;162;1;2;0;
176;221;1;2;0;
195;234;1;2;0;
191;204;1;2;0;
228;249;1;2;0;
217;218;1;2;0;
161;169;1;2;0;
217;234;1;2;0;
185;181;1;2;0;
159;205;1;2;0;
165;220;1;2;0;
195;230;1;2;0;
247;234;1;2;0;
198;248;1;2;0;
224;180;1;2;0;
157;209;1;2;0;
192;184;1;2;0;
232;189;1;2;1798;
225;244;1;2;4926;
224;211;1;2;768;
236;231;1;2;4144;
172;166;1;2;3412;
234;174;1;2;4360;
156;171;1;2;2753;
154;156;1;2;295;
204;230;1;2;3985;
212;241;1;2;3434;
198;223;1;2;1145;
168;151;1;2;4139;
221;225;1;2;511;
243;163;1;2;427;
231;238;1;2;1816;
203;222;1;2;1990;
239;180;1;2;4943;
206;236;1;2;3806;
174;191;1;2;232;
221;153;1;2;3154;
214;201;1;2;3645;
246;171;1;2;2418;
173;243;1;2;90;
161;188;1;2;4788;
182;169;1;2;4929;
171;223;1;2;125;
237;164;1;2;1813;
172;172;1;2;4954;
165;197;1;2;1269;
242;220;1;2;288;
158;236;1;2;1017;
151;232;1;2;1017;
194;155;1;2;212;
216;218;1;2;134;
151;202;1;2;4927;
175;224;1;2;4527;
222;211;1;2;3294;
152;185;1;2;3219;
169;152;1;2;1121;
178;244;1;2;223;
243;204;1;2;484;
158;205;1;2;3812;
247;201;1;2;2820;
233;167;1;2;306;
205;169;1;2;937;
249;194;1;2;3053;
217;218;1;2;2881;
200;173;1;2;2652;
157;244;1;2;4646;
161;172;1;2;4857;
0;1;38;38;
1;1;68;268;
2;1;50;450;
3;1;98;698;
4;1;77;877;
5;1;5;1005;
6;1;44;1244;
7;1;26;1426;
8;1;57;1657;
9;1;96;1896;
10;1;10;2010;
11;1;26;2226;
12;1;17;2417;
13;1;17;2617;
14;1;45;2845;
15;1;42;3042;
16;1;68;3268;
17;1;41;3441;
18;1;41;3641;
19;1;36;3836;
