****1****
100
150;156;1;2;0;
202;241;1;2;0;
224;189;1;2;0;
224;239;1;2;0;
197;192;1;2;0;
182;242;1;2;0;
200;159;1;2;0;
233;156;1;2;0;
215;239;1;2;0;
195;213;1;2;0;
198;196;1;2;0;
226;236;1;2;0;
176;238;1;2;0;
222;221;1;2;0;
245;164;1;2;0;
219;197;1;2;0;
222;223;1;2;0;
188;248;1;2;0;
163;214;1;2;0;
237;210;1;2;0;
157;222;1;2;0;
202;159;1;2;0;
183;185;1;2;0;
166;249;1;2;0;
226;163;1;2;0;
212;226;1;2;0;
210;189;1;2;0;
212;188;1;2;0;
229;185;1;2;0;
159;224;1;2;0;
151;228;1;2;0;
171;175;1;2;0;
202;162;1;2;0;
225;167;1;2;0;
226;165;1;2;0;
227;185;1;2;0;
237;231;1;2;0;
195;170;1;2;0;
218;211;1;2;0;
169;194;1;2;0;
176;184;1;2;0;
170;236;1;2;0;
175;232;1;2;0;
175;154;1;2;0;
219;236;1;2;0;
180;172;1;2;0;
167;153;1;2;0;
249;171;1;2;0;
165;225;1;2;0;
188;194;1;2;0;
240;165;1;2;4943;
179;198;1;2;3851;
199;166;1;2;3648;
171;210;1;2;3162;
157;182;1;2;2306;
182;216;1;2;3192;
238;238;1;2;2533;
220;212;1;2;2125;
223;212;1;2;4566;
191;239;1;2;691;
235;181;1;2;4343;
214;210;1;2;703;
239;211;1;2;3896;
228;184;1;2;4249;
192;191;1;2;2511;
195;175;1;2;2809;
174;163;1;2;1873;
240;185;1;2;1941;
175;159;1;2;1679;
231;152;1;2;4481;
173;237;1;2;2827;
234;201;1;2;2687;
243;242;1;2;1825;
168;221;1;2;1504;
205;215;1;2;4856;
174;160;1;2;2284;
162;237;1;2;3035;
237;179;1;2;4315;
175;205;1;2;4007;
227;186;1;2;291;
168;162;1;2;3001;
192;198;1;2;2840;
228;192;1;2;3661;
226;162;1;2;4110;
210;218;1;2;2348;
187;194;1;2;1446;
238;158;1;2;4595;
155;198;1;2;88;
159;223;1;2;816;
224;201;1;2;580;
239;171;1;2;2359;
193;214;1;2;4732;
150;244;1;2;4165;
200;220;1;2;1079;
173;232;1;2;3960;
164;170;1;2;1079;
165;210;1;2;248;
205;167;1;2;4865;
174;176;1;2;2631;
199;202;1;2;227;
0;1;63;63;
1;1;42;242;
2;1;4;404;
3;1;88;688;
4;1;37;837;
5;1;20;1020;
6;1;61;1261;
7;1;38;1438;
8;1;14;1614;
9;1;29;1829;
10;1;40;2040;
11;1;37;2237;
12;1;9;2409;
13;1;64;2664;
14;1;71;2871;
15;1;61;3061;
16;1;30;3230;
17;1;91;3491;
18;1;57;3657;
19;1;97;3897;
