****9****
100
206;169;1;2;0;
238;174;1;2;0;
209;155;1;2;0;
214;155;1;2;0;
206;216;1;2;0;
234;230;1;2;0;
159;226;1;2;0;
173;201;1;2;0;
224;215;1;2;0;
187;189;1;2;0;
247;233;1;2;0;
217;182;1;2;0;
246;205;1;2;0;
150;203;1;2;0;
248;196;1;2;0;
202;204;1;2;0;
167;242;1;2;0;
181;227;1;2;0;
199;197;1;2;0;
184;155;1;2;0;
163;168;1;2;0;
188;172;1;2;0;
244;163;1;2;0;
176;219;1;2;0;
228;165;1;2;0;
210;178;1;2;0;
248;177;1;2;0;
210;196;1;2;0;
184;162;1;2;0;
150;182;1;2;0;
208;154;1;2;0;
189;226;1;2;0;
246;172;1;2;0;
155;195;1;2;0;
219;241;1;2;0;
153;184;1;2;0;
160;243;1;2;0;
159;206;1;2;0;
156;237;1;2;0;
227;235;1;2;0;
152;187;1;2;0;
215;203;1;2;0;
166;175;1;2;0;
201;200;1;2;0;
188;153;1;2;0;
185;198;1;2;0;
157;176;1;2;0;
226;205;1;2;0;
198;231;1;2;0;
203;219;1;2;0;
175;206;1;2;4580;
185;151;1;2;758;
193;209;1;2;1972;
223;246;1;2;4327;
160;211;1;2;1941;
177;237;1;2;4186;
179;227;1;2;415;
214;175;1;2;637;
240;152;1;2;3070;
240;185;1;2;3111;
209;210;1;2;734;
165;197;1;2;4144;
229;193;1;2;3829;
233;166;1;2;2883;
239;176;1;2;1390;
150;155;1;2;247;
164;237;1;2;664;
182;153;1;2;505;
160;244;1;2;2527;
193;186;1;2;646;
179;246;1;2;4775;
173;213;1;2;3098;
168;244;1;2;299;
174;227;1;2;4801;
177;168;1;2;3549;
242;168;1;2;4314;
193;235;1;2;206;
226;219;1;2;2704;
232;229;1;2;2572;
244;172;1;2;540;
191;153;1;2;1616;
151;176;1;2;378;
159;246;1;2;4112;
209;223;1;2;3261;
176;150;1;2;3680;
221;242;1;2;2307;
223;238;1;2;4093;
165;214;1;2;3689;
158;248;1;2;2494;
197;242;1;2;105;
224;235;1;2;3869;
248;237;1;2;282;
186;246;1;2;3488;
219;157;1;2;2315;
182;235;1;2;409;
211;158;1;2;685;
162;232;1;2;3392;
199;199;1;2;3430;
157;207;1;2;3593;
242;206;1;2;644;
0;1;5;5;
1;1;31;231;
2;1;93;493;
3;1;21;621;
4;1;29;829;
5;1;32;1032;
6;1;63;1263;
7;1;18;1418;
8;1;28;1628;
9;1;53;1853;
10;1;87;2087;
11;1;87;2287;
12;1;69;2469;
13;1;19;2619;
14;1;73;2873;
15;1;33;3033;
16;1;32;3232;
17;1;81;3481;
18;1;93;3693;
19;1;45;3845;
