****3****
100
213;161;1;2;0;
175;206;1;2;0;
235;223;1;2;0;
202;202;1;2;0;
231;209;1;2;0;
221;165;1;2;0;
204;239;1;2;0;
226;218;1;2;0;
208;178;1;2;0;
188;154;1;2;0;
150;156;1;2;0;
199;187;1;2;0;
167;189;1;2;0;
233;156;1;2;0;
195;202;1;2;0;
230;210;1;2;0;
213;156;1;2;0;
166;150;1;2;0;
229;170;1;2;0;
154;163;1;2;0;
229;226;1;2;0;
230;184;1;2;0;
167;206;1;2;0;
204;225;1;2;0;
187;242;1;2;0;
181;187;1;2;0;
200;230;1;2;0;
176;170;1;2;0;
221;160;1;2;0;
176;218;1;2;0;
212;156;1;2;0;
178;228;1;2;0;
162;246;1;2;0;
228;194;1;2;0;
167;233;1;2;0;
159;198;1;2;0;
161;239;1;2;0;
184;178;1;2;0;
248;238;1;2;0;
205;185;1;2;0;
183;236;1;2;0;
222;233;1;2;0;
168;200;1;2;0;
153;240;1;2;0;
162;231;1;2;0;
160;225;1;2;0;
238;189;1;2;0;
203;202;1;2;0;
237;233;1;2;0;
198;206;1;2;0;
168;207;1;2;3618;
179;249;1;2;4157;
159;247;1;2;348;
214;182;1;2;4236;
200;206;1;2;3913;
219;156;1;2;558;
161;169;1;2;800;
223;196;1;2;2976;
214;201;1;2;2298;
202;184;1;2;427;
210;155;1;2;1508;
167;236;1;2;1883;
159;246;1;2;109;
191;162;1;2;2759;
156;165;1;2;4753;
208;186;1;2;1217;
164;249;1;2;2301;
154;222;1;2;2407;
231;187;1;2;819;
165;239;1;2;4407;
248;199;1;2;3220;
188;217;1;2;317;
179;178;1;2;86;
219;219;1;2;2513;
239;177;1;2;1252;
167;235;1;2;594;
201;150;1;2;4522;
159;154;1;2;4976;
210;187;1;2;2151;
165;203;1;2;1651;
154;153;1;2;888;
200;243;1;2;3479;
184;224;1;2;3580;
165;193;1;2;3065;
210;182;1;2;406;
170;151;1;2;279;
218;202;1;2;3243;
213;211;1;2;1622;
232;224;1;2;3394;
189;239;1;2;854;
186;195;1;2;194;
185;197;1;2;3685;
151;231;1;2;3971;
197;246;1;2;1161;
212;158;1;2;3778;
154;178;1;2;1572;
234;246;1;2;761;
213;161;1;2;173;
197;196;1;2;2214;
222;235;1;2;1940;
0;1;51;51;
1;1;74;274;
2;1;55;455;
3;1;32;632;
4;1;10;810;
5;1;2;1002;
6;1;58;1258;
7;1;11;1411;
8;1;83;1683;
9;1;6;1806;
10;1;11;2011;
11;1;32;2232;
12;1;49;2449;
13;1;25;2625;
14;1;40;2840;
15;1;24;3024;
16;1;82;3282;
17;1;69;3469;
18;1;100;3700;
19;1;66;3866;
