5831,5863
5807,5863
5802,5863
5796,5863
5792,5863
5790,5863
5788,5863
5788,5863
5788,5863
5788,5863
5787,5863
5787,5863
5787,5863
5786,5863
5785,5863
5785,5863
5783,5863
5783,5863
5782,5863
5780,5863
5780,5863
5780,5863
5780,5863
5780,5863
5780,5863
5779,5863
5779,5863
5779,5863
5779,5863
5779,5863
5779,5863
5779,5863
5779,5863
5779,5863
5779,5863
5779,5863
5779,5863
5779,5863
5779,5863
5779,5863
5778,5863
5778,5863
5778,5863
5778,5863
5778,5863
5778,5863
5778,5863
5778,5863
5778,5863
5778,5863
5778,5863
5778,5863
5778,5863
5778,5863
5778,5863
5778,5863
5778,5863
5778,5863
5778,5863
5778,5863
