****17****
100
101;125;1;2;0;
148;98;1;2;0;
114;109;1;2;0;
94;117;1;2;0;
61;73;1;2;0;
77;142;1;2;0;
116;95;1;2;0;
75;118;1;2;0;
147;51;1;2;0;
58;123;1;2;0;
108;95;1;2;0;
120;96;1;2;0;
70;142;1;2;0;
131;121;1;2;0;
93;114;1;2;0;
57;145;1;2;0;
141;108;1;2;0;
145;105;1;2;0;
119;141;1;2;0;
124;130;1;2;0;
116;103;1;2;0;
122;82;1;2;0;
148;100;1;2;0;
103;145;1;2;0;
101;111;1;2;0;
70;112;1;2;0;
108;140;1;2;0;
58;129;1;2;0;
85;91;1;2;0;
100;80;1;2;0;
55;59;1;2;0;
127;98;1;2;0;
117;74;1;2;0;
53;86;1;2;0;
65;79;1;2;0;
118;131;1;2;0;
132;143;1;2;0;
116;130;1;2;0;
93;69;1;2;0;
77;144;1;2;0;
82;97;1;2;0;
106;140;1;2;0;
140;66;1;2;0;
119;127;1;2;0;
108;121;1;2;0;
57;65;1;2;0;
131;87;1;2;0;
66;50;1;2;0;
111;69;1;2;0;
139;127;1;2;0;
99;59;1;2;441;
81;52;1;2;723;
114;95;1;2;1470;
141;90;1;2;2435;
141;98;1;2;599;
131;115;1;2;1200;
108;125;1;2;354;
67;92;1;2;2261;
104;108;1;2;913;
118;80;1;2;14;
95;129;1;2;306;
57;112;1;2;234;
134;128;1;2;135;
133;72;1;2;144;
113;63;1;2;2497;
135;96;1;2;2260;
78;106;1;2;1893;
93;123;1;2;1023;
93;130;1;2;1182;
94;98;1;2;1855;
83;95;1;2;457;
134;102;1;2;1056;
88;138;1;2;1494;
139;122;1;2;2043;
82;137;1;2;897;
73;122;1;2;1490;
82;50;1;2;1636;
65;146;1;2;1576;
91;89;1;2;2402;
128;133;1;2;914;
94;119;1;2;609;
92;55;1;2;1932;
52;93;1;2;604;
142;134;1;2;599;
107;66;1;2;1850;
132;90;1;2;2457;
56;122;1;2;1123;
135;89;1;2;704;
88;83;1;2;958;
125;61;1;2;300;
110;57;1;2;1247;
140;99;1;2;1604;
75;53;1;2;1606;
50;98;1;2;1390;
149;55;1;2;1102;
83;89;1;2;738;
141;95;1;2;57;
51;81;1;2;959;
58;71;1;2;1961;
56;147;1;2;1749;
0;1;38;38;
1;1;8;108;
2;1;16;216;
3;1;41;341;
4;1;1;401;
5;1;18;518;
6;1;49;649;
7;1;28;728;
8;1;23;823;
9;1;4;904;
10;1;30;1030;
11;1;21;1121;
12;1;42;1242;
13;1;29;1329;
14;1;28;1428;
15;1;1;1501;
16;1;12;1612;
17;1;18;1718;
18;1;49;1849;
19;1;5;1905;
