****14****
100
66;141;1;2;0;
111;86;1;2;0;
130;102;1;2;0;
132;108;1;2;0;
120;143;1;2;0;
132;83;1;2;0;
102;146;1;2;0;
54;149;1;2;0;
124;149;1;2;0;
110;89;1;2;0;
132;90;1;2;0;
92;92;1;2;0;
144;108;1;2;0;
90;60;1;2;0;
75;125;1;2;0;
59;144;1;2;0;
68;73;1;2;0;
132;101;1;2;0;
77;114;1;2;0;
59;148;1;2;0;
108;141;1;2;0;
133;60;1;2;0;
138;137;1;2;0;
111;112;1;2;0;
136;71;1;2;0;
104;70;1;2;0;
63;98;1;2;0;
64;57;1;2;0;
57;104;1;2;0;
120;134;1;2;0;
132;81;1;2;0;
128;102;1;2;0;
104;62;1;2;0;
53;132;1;2;0;
127;62;1;2;0;
82;137;1;2;0;
54;65;1;2;0;
147;94;1;2;0;
105;61;1;2;0;
56;143;1;2;0;
82;62;1;2;0;
64;96;1;2;0;
111;78;1;2;0;
55;118;1;2;0;
133;125;1;2;0;
54;67;1;2;0;
109;85;1;2;0;
119;63;1;2;0;
97;123;1;2;0;
97;74;1;2;0;
87;129;1;2;1430;
143;97;1;2;446;
87;52;1;2;2157;
146;145;1;2;1069;
58;59;1;2;1438;
119;140;1;2;1512;
139;75;1;2;334;
144;92;1;2;1881;
79;61;1;2;177;
78;86;1;2;240;
103;124;1;2;1274;
118;117;1;2;2445;
131;55;1;2;554;
55;51;1;2;1545;
112;111;1;2;437;
118;81;1;2;59;
130;70;1;2;1692;
118;64;1;2;1749;
116;145;1;2;2408;
80;74;1;2;1325;
92;79;1;2;1951;
83;147;1;2;2100;
73;129;1;2;603;
65;134;1;2;364;
52;148;1;2;2011;
101;117;1;2;2092;
88;149;1;2;40;
52;69;1;2;531;
58;136;1;2;890;
128;66;1;2;1853;
82;108;1;2;1780;
114;93;1;2;2106;
61;116;1;2;771;
118;83;1;2;2437;
75;86;1;2;672;
94;137;1;2;1915;
96;128;1;2;177;
119;130;1;2;798;
56;91;1;2;656;
140;69;1;2;2433;
101;53;1;2;1369;
138;117;1;2;1239;
77;80;1;2;1987;
95;148;1;2;1672;
98;126;1;2;1835;
51;70;1;2;418;
123;117;1;2;2479;
146;86;1;2;2211;
137;144;1;2;1362;
66;86;1;2;2344;
0;1;13;13;
1;1;38;138;
2;1;7;207;
3;1;21;321;
4;1;29;429;
5;1;24;524;
6;1;22;622;
7;1;6;706;
8;1;7;807;
9;1;42;942;
10;1;2;1002;
11;1;7;1107;
12;1;46;1246;
13;1;2;1302;
14;1;33;1433;
15;1;35;1535;
16;1;5;1605;
17;1;4;1704;
18;1;16;1816;
19;1;30;1930;
