****1****
100
118;135;1;2;0;
130;50;1;2;0;
91;83;1;2;0;
80;95;1;2;0;
54;139;1;2;0;
82;83;1;2;0;
82;121;1;2;0;
112;83;1;2;0;
95;76;1;2;0;
119;125;1;2;0;
83;55;1;2;0;
76;106;1;2;0;
67;86;1;2;0;
135;54;1;2;0;
64;57;1;2;0;
100;84;1;2;0;
142;80;1;2;0;
137;135;1;2;0;
113;67;1;2;0;
81;69;1;2;0;
109;65;1;2;0;
54;93;1;2;0;
137;116;1;2;0;
127;134;1;2;0;
94;96;1;2;0;
109;127;1;2;0;
53;88;1;2;0;
136;70;1;2;0;
76;121;1;2;0;
126;142;1;2;0;
128;76;1;2;0;
76;72;1;2;0;
58;115;1;2;0;
58;73;1;2;0;
85;89;1;2;0;
144;144;1;2;0;
104;148;1;2;0;
139;143;1;2;0;
114;116;1;2;0;
127;59;1;2;0;
115;139;1;2;0;
88;118;1;2;0;
129;126;1;2;0;
91;55;1;2;0;
97;67;1;2;0;
147;127;1;2;0;
94;125;1;2;0;
102;54;1;2;0;
91;110;1;2;0;
78;78;1;2;0;
101;72;1;2;1777;
55;71;1;2;1895;
101;87;1;2;2170;
130;148;1;2;535;
119;139;1;2;131;
98;115;1;2;1666;
55;63;1;2;1838;
52;92;1;2;1658;
128;144;1;2;316;
121;56;1;2;2429;
149;107;1;2;884;
123;65;1;2;2039;
86;116;1;2;2361;
68;148;1;2;1120;
115;118;1;2;673;
83;118;1;2;1874;
139;124;1;2;451;
65;126;1;2;1678;
87;56;1;2;237;
114;127;1;2;882;
68;126;1;2;906;
145;51;1;2;2379;
143;88;1;2;1400;
131;58;1;2;1342;
69;76;1;2;1057;
144;109;1;2;1799;
84;98;1;2;2146;
142;66;1;2;2386;
142;103;1;2;779;
88;67;1;2;2057;
141;86;1;2;28;
52;133;1;2;1473;
129;79;1;2;785;
125;112;1;2;134;
119;131;1;2;60;
81;125;1;2;690;
63;111;1;2;1194;
72;103;1;2;908;
57;147;1;2;1494;
100;86;1;2;767;
121;77;1;2;1159;
71;131;1;2;1053;
74;63;1;2;2487;
115;138;1;2;323;
116;107;1;2;683;
144;90;1;2;1739;
82;103;1;2;368;
69;125;1;2;2018;
124;84;1;2;870;
133;135;1;2;2164;
0;1;10;10;
1;1;9;109;
2;1;29;229;
3;1;26;326;
4;1;32;432;
5;1;11;511;
6;1;25;625;
7;1;6;706;
8;1;24;824;
9;1;4;904;
10;1;23;1023;
11;1;14;1114;
12;1;46;1246;
13;1;40;1340;
14;1;21;1421;
15;1;18;1518;
16;1;36;1636;
17;1;13;1713;
18;1;16;1816;
19;1;18;1918;
