****18****
100
112;121;1;2;0;
55;95;1;2;0;
133;115;1;2;0;
117;130;1;2;0;
121;66;1;2;0;
138;109;1;2;0;
123;105;1;2;0;
51;75;1;2;0;
122;101;1;2;0;
52;95;1;2;0;
54;81;1;2;0;
67;148;1;2;0;
61;145;1;2;0;
98;74;1;2;0;
114;148;1;2;0;
78;128;1;2;0;
119;136;1;2;0;
74;102;1;2;0;
101;93;1;2;0;
82;73;1;2;0;
109;122;1;2;0;
84;134;1;2;0;
78;137;1;2;0;
60;102;1;2;0;
88;62;1;2;0;
147;144;1;2;0;
146;117;1;2;0;
94;57;1;2;0;
64;142;1;2;0;
82;128;1;2;0;
93;62;1;2;0;
106;62;1;2;0;
148;82;1;2;0;
67;100;1;2;0;
125;51;1;2;0;
75;136;1;2;0;
76;61;1;2;0;
121;104;1;2;0;
148;131;1;2;0;
56;86;1;2;0;
95;106;1;2;0;
132;143;1;2;0;
125;77;1;2;0;
51;139;1;2;0;
121;135;1;2;0;
69;64;1;2;0;
147;125;1;2;0;
77;98;1;2;0;
110;146;1;2;0;
100;137;1;2;0;
99;125;1;2;498;
125;136;1;2;154;
131;134;1;2;528;
90;122;1;2;1696;
146;104;1;2;952;
73;131;1;2;1161;
62;103;1;2;976;
81;117;1;2;7;
108;96;1;2;121;
68;144;1;2;2439;
56;146;1;2;292;
82;121;1;2;2489;
79;103;1;2;314;
57;95;1;2;1149;
132;91;1;2;1187;
149;114;1;2;2035;
71;78;1;2;932;
78;109;1;2;1704;
87;119;1;2;757;
143;138;1;2;1563;
98;96;1;2;1073;
131;80;1;2;410;
103;109;1;2;218;
58;116;1;2;2233;
138;50;1;2;748;
72;50;1;2;1328;
91;123;1;2;2307;
112;104;1;2;1186;
104;141;1;2;1201;
94;134;1;2;449;
79;134;1;2;2358;
112;68;1;2;2424;
117;121;1;2;803;
126;129;1;2;526;
133;117;1;2;788;
80;91;1;2;43;
144;133;1;2;1955;
135;147;1;2;2495;
138;53;1;2;1675;
110;97;1;2;2115;
74;79;1;2;1260;
84;93;1;2;1900;
124;60;1;2;1527;
75;89;1;2;451;
92;72;1;2;2330;
61;54;1;2;846;
83;148;1;2;537;
78;134;1;2;2337;
127;74;1;2;447;
71;86;1;2;631;
0;1;50;50;
1;1;11;111;
2;1;15;215;
3;1;13;313;
4;1;45;445;
5;1;8;508;
6;1;46;646;
7;1;19;719;
8;1;21;821;
9;1;50;950;
10;1;44;1044;
11;1;12;1112;
12;1;36;1236;
13;1;38;1338;
14;1;36;1436;
15;1;41;1541;
16;1;1;1601;
17;1;40;1740;
18;1;39;1839;
19;1;34;1934;
