****7****
100
82;107;1;2;0;
127;79;1;2;0;
102;115;1;2;0;
81;106;1;2;0;
122;97;1;2;0;
132;127;1;2;0;
128;137;1;2;0;
146;84;1;2;0;
117;80;1;2;0;
72;104;1;2;0;
124;53;1;2;0;
91;105;1;2;0;
105;68;1;2;0;
124;80;1;2;0;
103;112;1;2;0;
83;135;1;2;0;
69;60;1;2;0;
65;73;1;2;0;
77;148;1;2;0;
130;149;1;2;0;
147;112;1;2;0;
126;126;1;2;0;
100;75;1;2;0;
112;119;1;2;0;
105;86;1;2;0;
125;131;1;2;0;
141;66;1;2;0;
138;148;1;2;0;
137;112;1;2;0;
78;90;1;2;0;
126;63;1;2;0;
75;146;1;2;0;
126;142;1;2;0;
69;53;1;2;0;
92;101;1;2;0;
105;90;1;2;0;
116;133;1;2;0;
66;118;1;2;0;
58;80;1;2;0;
87;65;1;2;0;
68;115;1;2;0;
98;59;1;2;0;
131;86;1;2;0;
57;70;1;2;0;
100;138;1;2;0;
110;77;1;2;0;
51;88;1;2;0;
125;127;1;2;0;
80;96;1;2;0;
131;123;1;2;0;
100;138;1;2;967;
66;73;1;2;1849;
86;82;1;2;634;
75;149;1;2;1261;
140;50;1;2;151;
122;86;1;2;2441;
94;89;1;2;477;
55;68;1;2;177;
145;143;1;2;326;
127;141;1;2;530;
100;91;1;2;1125;
65;59;1;2;1488;
98;95;1;2;2442;
113;121;1;2;2329;
146;111;1;2;345;
136;135;1;2;51;
138;80;1;2;584;
75;137;1;2;2018;
114;132;1;2;758;
83;109;1;2;48;
84;112;1;2;2032;
74;79;1;2;1835;
87;80;1;2;269;
84;95;1;2;1725;
132;92;1;2;1498;
81;130;1;2;98;
118;118;1;2;919;
94;144;1;2;938;
140;60;1;2;2472;
79;93;1;2;122;
61;128;1;2;1077;
85;52;1;2;1308;
71;141;1;2;160;
54;75;1;2;772;
108;109;1;2;1905;
75;140;1;2;1213;
80;60;1;2;1132;
115;56;1;2;2143;
89;146;1;2;1924;
97;127;1;2;802;
65;91;1;2;1808;
94;78;1;2;1069;
57;51;1;2;71;
98;55;1;2;1258;
137;65;1;2;1960;
117;143;1;2;16;
78;73;1;2;489;
108;139;1;2;1458;
83;130;1;2;2440;
69;78;1;2;1696;
0;1;50;50;
1;1;44;144;
2;1;20;220;
3;1;9;309;
4;1;40;440;
5;1;1;501;
6;1;23;623;
7;1;48;748;
8;1;2;802;
9;1;27;927;
10;1;48;1048;
11;1;10;1110;
12;1;9;1209;
13;1;35;1335;
14;1;25;1425;
15;1;50;1550;
16;1;3;1603;
17;1;18;1718;
18;1;33;1833;
19;1;33;1933;
