****9****
100
55;72;1;2;0;
90;68;1;2;0;
132;122;1;2;0;
76;112;1;2;0;
139;64;1;2;0;
91;109;1;2;0;
67;62;1;2;0;
81;133;1;2;0;
119;134;1;2;0;
55;79;1;2;0;
111;68;1;2;0;
104;135;1;2;0;
89;51;1;2;0;
106;83;1;2;0;
137;113;1;2;0;
110;142;1;2;0;
87;50;1;2;0;
112;121;1;2;0;
75;138;1;2;0;
83;64;1;2;0;
104;124;1;2;0;
75;122;1;2;0;
136;58;1;2;0;
57;58;1;2;0;
142;114;1;2;0;
139;55;1;2;0;
132;94;1;2;0;
140;71;1;2;0;
147;149;1;2;0;
56;134;1;2;0;
64;116;1;2;0;
78;101;1;2;0;
68;140;1;2;0;
72;93;1;2;0;
128;58;1;2;0;
59;135;1;2;0;
84;84;1;2;0;
59;71;1;2;0;
92;66;1;2;0;
131;137;1;2;0;
82;120;1;2;0;
142;64;1;2;0;
116;85;1;2;0;
137;65;1;2;0;
136;95;1;2;0;
149;50;1;2;0;
113;77;1;2;0;
53;131;1;2;0;
67;127;1;2;0;
127;98;1;2;0;
135;136;1;2;2207;
70;123;1;2;905;
143;65;1;2;569;
76;104;1;2;2254;
98;149;1;2;1880;
65;136;1;2;2000;
80;122;1;2;1582;
132;74;1;2;835;
59;129;1;2;1608;
129;106;1;2;1623;
77;144;1;2;1400;
62;64;1;2;574;
56;109;1;2;538;
118;135;1;2;583;
112;83;1;2;1137;
120;50;1;2;1421;
67;133;1;2;1034;
111;115;1;2;1100;
118;76;1;2;2448;
106;55;1;2;1006;
124;134;1;2;1865;
128;98;1;2;443;
105;56;1;2;1438;
149;124;1;2;1162;
148;86;1;2;1414;
98;108;1;2;1982;
82;125;1;2;12;
138;138;1;2;1876;
122;106;1;2;550;
133;115;1;2;973;
101;89;1;2;2350;
114;119;1;2;1886;
94;126;1;2;488;
132;77;1;2;1226;
108;128;1;2;1356;
69;76;1;2;257;
130;109;1;2;2432;
75;149;1;2;1960;
88;122;1;2;2179;
76;105;1;2;2195;
74;108;1;2;1135;
108;125;1;2;397;
90;69;1;2;557;
79;103;1;2;2155;
95;113;1;2;775;
147;132;1;2;51;
57;113;1;2;1405;
143;90;1;2;871;
122;128;1;2;2053;
57;107;1;2;2393;
0;1;8;8;
1;1;32;132;
2;1;19;219;
3;1;49;349;
4;1;40;440;
5;1;44;544;
6;1;11;611;
7;1;32;732;
8;1;15;815;
9;1;49;949;
10;1;14;1014;
11;1;21;1121;
12;1;14;1214;
13;1;9;1309;
14;1;34;1434;
15;1;8;1508;
16;1;6;1606;
17;1;17;1717;
18;1;28;1828;
19;1;13;1913;
