****5****
100
146;146;1;2;0;
107;97;1;2;0;
50;123;1;2;0;
146;139;1;2;0;
94;120;1;2;0;
146;55;1;2;0;
97;91;1;2;0;
121;140;1;2;0;
143;103;1;2;0;
62;140;1;2;0;
66;70;1;2;0;
109;60;1;2;0;
72;51;1;2;0;
84;72;1;2;0;
142;50;1;2;0;
101;90;1;2;0;
98;59;1;2;0;
137;99;1;2;0;
84;86;1;2;0;
88;129;1;2;0;
56;136;1;2;0;
86;103;1;2;0;
78;57;1;2;0;
145;71;1;2;0;
62;57;1;2;0;
61;78;1;2;0;
129;72;1;2;0;
141;103;1;2;0;
125;127;1;2;0;
125;69;1;2;0;
128;129;1;2;0;
109;76;1;2;0;
138;97;1;2;0;
77;124;1;2;0;
133;67;1;2;0;
55;91;1;2;0;
54;143;1;2;0;
144;82;1;2;0;
103;91;1;2;0;
55;115;1;2;0;
99;119;1;2;0;
96;78;1;2;0;
93;139;1;2;0;
132;69;1;2;0;
116;59;1;2;0;
88;94;1;2;0;
138;148;1;2;0;
73;78;1;2;0;
147;100;1;2;0;
105;82;1;2;0;
118;110;1;2;1510;
122;56;1;2;590;
106;109;1;2;1576;
111;126;1;2;1745;
132;124;1;2;2401;
76;113;1;2;1355;
147;80;1;2;1221;
85;76;1;2;2090;
135;99;1;2;1680;
84;50;1;2;2329;
68;118;1;2;1651;
93;90;1;2;1905;
64;98;1;2;1219;
77;111;1;2;2444;
138;94;1;2;1400;
80;72;1;2;1396;
56;69;1;2;159;
94;56;1;2;1154;
72;94;1;2;1544;
78;80;1;2;2276;
92;99;1;2;1061;
118;94;1;2;1526;
50;109;1;2;10;
93;136;1;2;2079;
112;76;1;2;805;
58;107;1;2;1390;
120;65;1;2;1072;
63;61;1;2;1769;
133;83;1;2;1632;
105;64;1;2;513;
76;58;1;2;1990;
68;126;1;2;68;
51;126;1;2;342;
135;69;1;2;1891;
128;83;1;2;1457;
117;144;1;2;1442;
128;66;1;2;700;
110;79;1;2;456;
50;115;1;2;297;
87;70;1;2;1905;
102;148;1;2;112;
118;118;1;2;1567;
130;72;1;2;676;
102;57;1;2;1159;
59;87;1;2;461;
95;54;1;2;2480;
140;84;1;2;1114;
101;96;1;2;1526;
77;96;1;2;2368;
86;85;1;2;186;
0;1;13;13;
1;1;38;138;
2;1;24;224;
3;1;46;346;
4;1;8;408;
5;1;42;542;
6;1;8;608;
7;1;41;741;
8;1;16;816;
9;1;45;945;
10;1;43;1043;
11;1;25;1125;
12;1;6;1206;
13;1;4;1304;
14;1;12;1412;
15;1;50;1550;
16;1;50;1650;
17;1;16;1716;
18;1;40;1840;
19;1;42;1942;
