****12****
100
91;93;1;2;0;
50;77;1;2;0;
61;128;1;2;0;
137;65;1;2;0;
57;105;1;2;0;
147;72;1;2;0;
147;138;1;2;0;
93;94;1;2;0;
142;112;1;2;0;
86;101;1;2;0;
129;78;1;2;0;
134;56;1;2;0;
97;66;1;2;0;
130;68;1;2;0;
90;144;1;2;0;
107;83;1;2;0;
87;108;1;2;0;
110;50;1;2;0;
138;149;1;2;0;
66;145;1;2;0;
104;115;1;2;0;
67;101;1;2;0;
55;110;1;2;0;
145;147;1;2;0;
125;133;1;2;0;
98;104;1;2;0;
113;134;1;2;0;
110;60;1;2;0;
50;143;1;2;0;
131;142;1;2;0;
137;88;1;2;0;
75;126;1;2;0;
146;135;1;2;0;
126;134;1;2;0;
134;94;1;2;0;
82;141;1;2;0;
59;99;1;2;0;
92;64;1;2;0;
112;140;1;2;0;
62;139;1;2;0;
123;62;1;2;0;
93;87;1;2;0;
147;105;1;2;0;
149;99;1;2;0;
98;130;1;2;0;
92;137;1;2;0;
121;69;1;2;0;
113;117;1;2;0;
107;142;1;2;0;
54;143;1;2;0;
86;86;1;2;1818;
96;87;1;2;1830;
62;101;1;2;1077;
126;90;1;2;508;
139;85;1;2;442;
88;93;1;2;1251;
89;141;1;2;14;
83;81;1;2;1132;
103;96;1;2;316;
112;88;1;2;25;
105;125;1;2;562;
90;123;1;2;1198;
69;135;1;2;2117;
138;64;1;2;2311;
132;105;1;2;2148;
116;143;1;2;1872;
99;134;1;2;596;
114;68;1;2;2484;
149;73;1;2;2362;
55;135;1;2;2172;
65;90;1;2;160;
111;130;1;2;1924;
146;101;1;2;421;
85;141;1;2;86;
65;124;1;2;1105;
132;142;1;2;2470;
90;143;1;2;1741;
143;107;1;2;708;
128;58;1;2;1851;
59;63;1;2;2247;
128;78;1;2;1139;
125;91;1;2;348;
94;88;1;2;1704;
101;75;1;2;1282;
74;90;1;2;2093;
102;124;1;2;2080;
123;64;1;2;2494;
81;110;1;2;851;
56;88;1;2;785;
107;97;1;2;113;
142;127;1;2;1363;
118;102;1;2;95;
79;147;1;2;9;
139;50;1;2;721;
142;127;1;2;2045;
72;79;1;2;1125;
93;105;1;2;2338;
108;136;1;2;1277;
132;94;1;2;431;
112;51;1;2;2162;
0;1;9;9;
1;1;47;147;
2;1;42;242;
3;1;34;334;
4;1;17;417;
5;1;45;545;
6;1;2;602;
7;1;46;746;
8;1;44;844;
9;1;8;908;
10;1;37;1037;
11;1;44;1144;
12;1;39;1239;
13;1;30;1330;
14;1;23;1423;
15;1;15;1515;
16;1;4;1604;
17;1;3;1703;
18;1;14;1814;
19;1;47;1947;
