****15****
100
122;72;1;2;0;
125;110;1;2;0;
114;113;1;2;0;
56;144;1;2;0;
129;92;1;2;0;
98;143;1;2;0;
132;54;1;2;0;
113;60;1;2;0;
130;87;1;2;0;
67;136;1;2;0;
78;68;1;2;0;
92;73;1;2;0;
121;125;1;2;0;
60;75;1;2;0;
130;125;1;2;0;
54;54;1;2;0;
100;82;1;2;0;
66;64;1;2;0;
145;72;1;2;0;
110;76;1;2;0;
66;58;1;2;0;
70;148;1;2;0;
115;85;1;2;0;
110;95;1;2;0;
122;128;1;2;0;
133;51;1;2;0;
98;127;1;2;0;
126;70;1;2;0;
102;136;1;2;0;
147;134;1;2;0;
64;104;1;2;0;
90;114;1;2;0;
136;106;1;2;0;
80;83;1;2;0;
80;140;1;2;0;
109;97;1;2;0;
101;129;1;2;0;
147;66;1;2;0;
117;60;1;2;0;
63;89;1;2;0;
138;146;1;2;0;
142;138;1;2;0;
123;119;1;2;0;
58;128;1;2;0;
57;108;1;2;0;
64;71;1;2;0;
62;105;1;2;0;
87;100;1;2;0;
61;117;1;2;0;
133;144;1;2;0;
60;92;1;2;1786;
63;124;1;2;1525;
79;91;1;2;291;
92;82;1;2;528;
140;75;1;2;1211;
65;144;1;2;544;
143;51;1;2;1829;
58;125;1;2;1244;
113;62;1;2;802;
76;82;1;2;2113;
122;144;1;2;795;
115;57;1;2;821;
58;86;1;2;246;
58;80;1;2;653;
51;122;1;2;1108;
80;137;1;2;1271;
121;131;1;2;1356;
69;91;1;2;2492;
132;106;1;2;2083;
94;84;1;2;1373;
90;57;1;2;1858;
81;122;1;2;1568;
146;130;1;2;314;
52;91;1;2;659;
91;144;1;2;1055;
106;74;1;2;412;
116;145;1;2;1517;
127;116;1;2;926;
65;51;1;2;243;
115;147;1;2;960;
98;139;1;2;480;
126;71;1;2;591;
110;67;1;2;316;
133;122;1;2;2451;
87;63;1;2;21;
64;71;1;2;1742;
129;137;1;2;656;
75;66;1;2;1094;
114;81;1;2;1801;
109;147;1;2;1080;
91;147;1;2;1047;
79;123;1;2;2496;
140;135;1;2;1250;
86;119;1;2;55;
72;108;1;2;2067;
105;122;1;2;892;
61;102;1;2;305;
65;79;1;2;1662;
88;96;1;2;2455;
111;55;1;2;2268;
0;1;35;35;
1;1;49;149;
2;1;45;245;
3;1;45;345;
4;1;29;429;
5;1;19;519;
6;1;26;626;
7;1;21;721;
8;1;4;804;
9;1;28;928;
10;1;7;1007;
11;1;25;1125;
12;1;1;1201;
13;1;32;1332;
14;1;33;1433;
15;1;38;1538;
16;1;37;1637;
17;1;8;1708;
18;1;49;1849;
19;1;50;1950;
