****6****
100
149;143;1;2;0;
94;95;1;2;0;
130;121;1;2;0;
94;131;1;2;0;
58;129;1;2;0;
55;70;1;2;0;
69;78;1;2;0;
65;128;1;2;0;
122;72;1;2;0;
68;87;1;2;0;
119;60;1;2;0;
112;124;1;2;0;
114;73;1;2;0;
125;65;1;2;0;
139;116;1;2;0;
106;90;1;2;0;
109;103;1;2;0;
88;89;1;2;0;
74;132;1;2;0;
122;82;1;2;0;
63;128;1;2;0;
54;134;1;2;0;
56;70;1;2;0;
113;80;1;2;0;
144;131;1;2;0;
118;113;1;2;0;
94;132;1;2;0;
139;110;1;2;0;
55;66;1;2;0;
77;96;1;2;0;
132;85;1;2;0;
89;143;1;2;0;
138;127;1;2;0;
135;63;1;2;0;
61;107;1;2;0;
147;74;1;2;0;
137;52;1;2;0;
59;96;1;2;0;
72;74;1;2;0;
126;118;1;2;0;
107;94;1;2;0;
82;51;1;2;0;
128;123;1;2;0;
63;134;1;2;0;
140;90;1;2;0;
132;74;1;2;0;
126;123;1;2;0;
68;114;1;2;0;
100;105;1;2;0;
79;111;1;2;0;
114;77;1;2;1672;
102;79;1;2;725;
148;53;1;2;989;
76;121;1;2;1658;
73;105;1;2;530;
51;131;1;2;1907;
87;73;1;2;975;
70;97;1;2;2118;
143;67;1;2;426;
146;122;1;2;1181;
107;87;1;2;2117;
97;91;1;2;94;
96;141;1;2;404;
119;67;1;2;106;
100;90;1;2;2078;
134;92;1;2;205;
133;129;1;2;42;
73;101;1;2;1947;
89;147;1;2;330;
74;95;1;2;1943;
136;104;1;2;1511;
129;52;1;2;84;
51;98;1;2;612;
76;68;1;2;696;
124;70;1;2;1698;
80;106;1;2;310;
65;89;1;2;122;
125;113;1;2;393;
133;104;1;2;478;
110;128;1;2;449;
59;66;1;2;5;
146;145;1;2;819;
125;146;1;2;1113;
96;124;1;2;1881;
136;51;1;2;2278;
116;81;1;2;337;
91;149;1;2;463;
97;124;1;2;1135;
54;59;1;2;1970;
113;119;1;2;895;
64;129;1;2;1590;
122;125;1;2;1176;
82;52;1;2;2246;
91;50;1;2;204;
121;88;1;2;159;
120;107;1;2;1690;
126;148;1;2;2500;
124;95;1;2;134;
137;51;1;2;1538;
105;114;1;2;2044;
0;1;4;4;
1;1;32;132;
2;1;4;204;
3;1;20;320;
4;1;4;404;
5;1;31;531;
6;1;32;632;
7;1;39;739;
8;1;35;835;
9;1;45;945;
10;1;30;1030;
11;1;38;1138;
12;1;30;1230;
13;1;3;1303;
14;1;26;1426;
15;1;18;1518;
16;1;23;1623;
17;1;33;1733;
18;1;37;1837;
19;1;2;1902;
