****19****
100
138;120;1;2;0;
113;74;1;2;0;
50;142;1;2;0;
50;136;1;2;0;
63;86;1;2;0;
69;113;1;2;0;
146;83;1;2;0;
75;92;1;2;0;
92;73;1;2;0;
112;112;1;2;0;
124;105;1;2;0;
75;109;1;2;0;
144;60;1;2;0;
99;146;1;2;0;
102;140;1;2;0;
130;142;1;2;0;
110;93;1;2;0;
66;62;1;2;0;
86;118;1;2;0;
148;51;1;2;0;
54;67;1;2;0;
114;102;1;2;0;
52;92;1;2;0;
96;147;1;2;0;
115;58;1;2;0;
109;89;1;2;0;
65;87;1;2;0;
101;111;1;2;0;
97;102;1;2;0;
107;101;1;2;0;
92;87;1;2;0;
93;52;1;2;0;
83;61;1;2;0;
117;71;1;2;0;
129;115;1;2;0;
72;85;1;2;0;
85;89;1;2;0;
89;87;1;2;0;
131;135;1;2;0;
84;148;1;2;0;
143;96;1;2;0;
139;58;1;2;0;
85;90;1;2;0;
119;84;1;2;0;
95;129;1;2;0;
136;137;1;2;0;
66;79;1;2;0;
92;51;1;2;0;
91;59;1;2;0;
124;122;1;2;0;
124;147;1;2;1863;
111;138;1;2;581;
149;119;1;2;1019;
135;69;1;2;2463;
133;58;1;2;73;
68;51;1;2;773;
103;148;1;2;2452;
141;135;1;2;701;
70;129;1;2;11;
63;138;1;2;2461;
136;65;1;2;578;
96;126;1;2;2327;
95;77;1;2;2343;
80;115;1;2;76;
111;50;1;2;1967;
102;121;1;2;1557;
62;126;1;2;1949;
54;117;1;2;1605;
114;89;1;2;689;
75;103;1;2;2235;
111;141;1;2;1273;
96;139;1;2;2089;
121;84;1;2;2426;
115;67;1;2;661;
128;128;1;2;2124;
102;132;1;2;986;
128;96;1;2;1854;
105;100;1;2;860;
115;116;1;2;845;
108;142;1;2;2068;
90;55;1;2;581;
139;54;1;2;748;
69;125;1;2;653;
126;91;1;2;1316;
148;121;1;2;198;
74;125;1;2;2376;
72;104;1;2;1123;
145;59;1;2;1393;
90;76;1;2;1388;
122;86;1;2;1120;
111;127;1;2;547;
91;68;1;2;252;
112;87;1;2;57;
119;115;1;2;2308;
96;65;1;2;2077;
50;90;1;2;1335;
87;112;1;2;1638;
70;59;1;2;2435;
55;99;1;2;331;
59;123;1;2;1019;
0;1;6;6;
1;1;35;135;
2;1;34;234;
3;1;10;310;
4;1;28;428;
5;1;5;505;
6;1;17;617;
7;1;42;742;
8;1;44;844;
9;1;2;902;
10;1;14;1014;
11;1;10;1110;
12;1;30;1230;
13;1;10;1310;
14;1;27;1427;
15;1;30;1530;
16;1;10;1610;
17;1;17;1717;
18;1;5;1805;
19;1;49;1949;
