****3****
100
130;75;1;2;0;
126;91;1;2;0;
59;133;1;2;0;
145;110;1;2;0;
135;136;1;2;0;
80;133;1;2;0;
65;105;1;2;0;
119;116;1;2;0;
92;75;1;2;0;
132;62;1;2;0;
111;142;1;2;0;
73;139;1;2;0;
67;112;1;2;0;
140;113;1;2;0;
139;134;1;2;0;
61;71;1;2;0;
112;89;1;2;0;
112;121;1;2;0;
73;108;1;2;0;
81;110;1;2;0;
146;63;1;2;0;
145;61;1;2;0;
71;66;1;2;0;
127;113;1;2;0;
91;62;1;2;0;
126;104;1;2;0;
54;101;1;2;0;
93;123;1;2;0;
63;83;1;2;0;
86;104;1;2;0;
120;50;1;2;0;
126;134;1;2;0;
141;88;1;2;0;
57;116;1;2;0;
98;88;1;2;0;
77;94;1;2;0;
53;72;1;2;0;
57;74;1;2;0;
141;135;1;2;0;
138;82;1;2;0;
99;66;1;2;0;
137;103;1;2;0;
69;132;1;2;0;
76;135;1;2;0;
118;64;1;2;0;
89;88;1;2;0;
116;117;1;2;0;
124;108;1;2;0;
56;131;1;2;0;
74;56;1;2;0;
69;53;1;2;1681;
124;128;1;2;17;
101;119;1;2;188;
89;51;1;2;948;
57;138;1;2;943;
128;121;1;2;1998;
113;141;1;2;1199;
53;79;1;2;1257;
120;53;1;2;1818;
78;86;1;2;1462;
137;57;1;2;244;
140;131;1;2;1412;
50;82;1;2;2200;
98;73;1;2;1941;
146;132;1;2;1523;
148;111;1;2;2201;
127;74;1;2;1286;
73;129;1;2;866;
86;52;1;2;1670;
56;80;1;2;1357;
103;119;1;2;1861;
106;109;1;2;1291;
134;62;1;2;461;
132;110;1;2;1113;
83;58;1;2;653;
74;56;1;2;1299;
137;86;1;2;1671;
90;109;1;2;1199;
77;145;1;2;905;
66;104;1;2;819;
92;109;1;2;329;
124;65;1;2;1120;
90;50;1;2;705;
141;84;1;2;1776;
115;69;1;2;279;
71;93;1;2;2163;
89;80;1;2;1920;
83;73;1;2;751;
108;100;1;2;2420;
84;116;1;2;1241;
94;110;1;2;1175;
121;85;1;2;2470;
60;77;1;2;1537;
111;68;1;2;577;
74;133;1;2;1531;
98;107;1;2;922;
128;98;1;2;953;
94;83;1;2;412;
71;141;1;2;162;
96;75;1;2;1877;
0;1;26;26;
1;1;20;120;
2;1;40;240;
3;1;15;315;
4;1;44;444;
5;1;25;525;
6;1;21;621;
7;1;6;706;
8;1;4;804;
9;1;29;929;
10;1;18;1018;
11;1;23;1123;
12;1;21;1221;
13;1;44;1344;
14;1;8;1408;
15;1;32;1532;
16;1;42;1642;
17;1;15;1715;
18;1;38;1838;
19;1;20;1920;
