****10****
100
131;56;1;2;0;
58;71;1;2;0;
86;130;1;2;0;
149;89;1;2;0;
89;106;1;2;0;
99;148;1;2;0;
139;119;1;2;0;
98;130;1;2;0;
63;108;1;2;0;
62;129;1;2;0;
106;75;1;2;0;
149;71;1;2;0;
85;85;1;2;0;
78;140;1;2;0;
51;105;1;2;0;
54;84;1;2;0;
63;62;1;2;0;
105;52;1;2;0;
94;56;1;2;0;
143;85;1;2;0;
113;92;1;2;0;
83;54;1;2;0;
61;131;1;2;0;
135;126;1;2;0;
141;147;1;2;0;
58;149;1;2;0;
124;57;1;2;0;
71;59;1;2;0;
92;99;1;2;0;
101;145;1;2;0;
107;105;1;2;0;
79;120;1;2;0;
70;86;1;2;0;
74;114;1;2;0;
93;67;1;2;0;
102;108;1;2;0;
109;135;1;2;0;
112;73;1;2;0;
69;97;1;2;0;
101;60;1;2;0;
146;109;1;2;0;
60;120;1;2;0;
69;81;1;2;0;
81;111;1;2;0;
82;132;1;2;0;
59;139;1;2;0;
140;140;1;2;0;
62;60;1;2;0;
129;86;1;2;0;
76;72;1;2;0;
104;128;1;2;1413;
115;66;1;2;1224;
90;85;1;2;636;
142;95;1;2;804;
101;57;1;2;534;
120;140;1;2;1634;
134;73;1;2;621;
95;114;1;2;674;
137;126;1;2;1030;
116;115;1;2;849;
138;121;1;2;234;
70;86;1;2;971;
117;127;1;2;885;
59;71;1;2;1098;
101;74;1;2;1365;
114;97;1;2;24;
111;133;1;2;2273;
90;78;1;2;957;
111;65;1;2;1276;
94;132;1;2;1373;
103;72;1;2;2465;
143;145;1;2;1367;
99;112;1;2;923;
90;73;1;2;882;
79;124;1;2;1741;
75;141;1;2;481;
61;102;1;2;2257;
123;94;1;2;989;
149;107;1;2;440;
103;51;1;2;661;
123;56;1;2;245;
65;50;1;2;606;
144;51;1;2;471;
104;92;1;2;476;
133;121;1;2;1424;
91;146;1;2;1353;
95;57;1;2;1894;
83;130;1;2;1171;
98;81;1;2;2361;
133;135;1;2;1488;
102;108;1;2;1908;
94;75;1;2;1353;
132;70;1;2;796;
133;124;1;2;1121;
108;60;1;2;930;
110;53;1;2;1584;
103;98;1;2;610;
100;131;1;2;283;
141;132;1;2;1558;
139;67;1;2;711;
0;1;41;41;
1;1;21;121;
2;1;41;241;
3;1;49;349;
4;1;15;415;
5;1;19;519;
6;1;8;608;
7;1;47;747;
8;1;39;839;
9;1;19;919;
10;1;30;1030;
11;1;15;1115;
12;1;24;1224;
13;1;41;1341;
14;1;27;1427;
15;1;50;1550;
16;1;3;1603;
17;1;30;1730;
18;1;24;1824;
19;1;9;1909;
