****11****
100
130;57;1;2;0;
108;111;1;2;0;
121;100;1;2;0;
145;68;1;2;0;
141;63;1;2;0;
101;82;1;2;0;
133;143;1;2;0;
80;147;1;2;0;
111;139;1;2;0;
95;51;1;2;0;
110;127;1;2;0;
118;133;1;2;0;
117;146;1;2;0;
85;119;1;2;0;
78;108;1;2;0;
79;58;1;2;0;
67;138;1;2;0;
71;138;1;2;0;
140;67;1;2;0;
109;131;1;2;0;
80;60;1;2;0;
115;115;1;2;0;
53;97;1;2;0;
64;67;1;2;0;
87;109;1;2;0;
68;147;1;2;0;
86;136;1;2;0;
82;53;1;2;0;
85;69;1;2;0;
75;113;1;2;0;
80;104;1;2;0;
121;97;1;2;0;
144;142;1;2;0;
86;134;1;2;0;
111;97;1;2;0;
68;93;1;2;0;
107;133;1;2;0;
58;62;1;2;0;
81;72;1;2;0;
131;70;1;2;0;
132;102;1;2;0;
119;68;1;2;0;
88;103;1;2;0;
124;123;1;2;0;
123;101;1;2;0;
138;53;1;2;0;
107;109;1;2;0;
100;54;1;2;0;
54;88;1;2;0;
138;115;1;2;0;
135;108;1;2;923;
144;144;1;2;911;
109;127;1;2;1544;
90;147;1;2;821;
142;68;1;2;1450;
133;121;1;2;1602;
58;94;1;2;2113;
147;149;1;2;28;
58;100;1;2;1553;
62;90;1;2;1155;
128;128;1;2;550;
89;122;1;2;1655;
58;133;1;2;1470;
102;126;1;2;799;
80;70;1;2;1269;
129;53;1;2;978;
103;114;1;2;1064;
129;63;1;2;1363;
64;71;1;2;1686;
103;136;1;2;862;
82;114;1;2;2363;
120;105;1;2;612;
104;65;1;2;1459;
65;70;1;2;1836;
123;52;1;2;1929;
51;131;1;2;1988;
51;137;1;2;928;
147;116;1;2;482;
94;82;1;2;717;
92;87;1;2;2212;
82;119;1;2;449;
50;142;1;2;1353;
142;96;1;2;838;
118;112;1;2;443;
70;137;1;2;993;
95;139;1;2;1441;
123;140;1;2;887;
67;89;1;2;1445;
124;133;1;2;648;
54;75;1;2;47;
123;59;1;2;801;
55;111;1;2;958;
95;104;1;2;2175;
50;124;1;2;923;
125;97;1;2;500;
102;142;1;2;2180;
113;67;1;2;1937;
111;84;1;2;835;
127;110;1;2;240;
127;66;1;2;1839;
0;1;13;13;
1;1;40;140;
2;1;42;242;
3;1;20;320;
4;1;48;448;
5;1;3;503;
6;1;20;620;
7;1;43;743;
8;1;9;809;
9;1;17;917;
10;1;43;1043;
11;1;34;1134;
12;1;26;1226;
13;1;18;1318;
14;1;31;1431;
15;1;25;1525;
16;1;22;1622;
17;1;25;1725;
18;1;12;1812;
19;1;38;1938;
