****13****
100
57;78;1;2;0;
106;95;1;2;0;
55;88;1;2;0;
139;70;1;2;0;
103;93;1;2;0;
136;63;1;2;0;
139;127;1;2;0;
98;57;1;2;0;
71;149;1;2;0;
53;116;1;2;0;
106;141;1;2;0;
110;147;1;2;0;
122;84;1;2;0;
111;125;1;2;0;
136;126;1;2;0;
72;95;1;2;0;
106;128;1;2;0;
140;111;1;2;0;
67;82;1;2;0;
83;72;1;2;0;
77;69;1;2;0;
85;118;1;2;0;
99;134;1;2;0;
125;120;1;2;0;
133;80;1;2;0;
87;142;1;2;0;
72;99;1;2;0;
139;144;1;2;0;
133;52;1;2;0;
120;72;1;2;0;
129;142;1;2;0;
117;85;1;2;0;
72;60;1;2;0;
99;141;1;2;0;
144;84;1;2;0;
63;71;1;2;0;
56;51;1;2;0;
139;105;1;2;0;
135;114;1;2;0;
75;70;1;2;0;
145;64;1;2;0;
62;119;1;2;0;
65;103;1;2;0;
113;101;1;2;0;
58;83;1;2;0;
75;89;1;2;0;
127;94;1;2;0;
124;50;1;2;0;
104;125;1;2;0;
93;98;1;2;0;
60;107;1;2;428;
66;108;1;2;787;
121;145;1;2;2104;
98;65;1;2;2356;
65;130;1;2;1162;
132;135;1;2;1736;
83;143;1;2;2426;
108;82;1;2;325;
53;109;1;2;2397;
59;84;1;2;2438;
60;146;1;2;1325;
129;62;1;2;2388;
92;85;1;2;636;
67;134;1;2;2084;
141;101;1;2;594;
84;83;1;2;421;
90;69;1;2;822;
130;79;1;2;1788;
100;134;1;2;2094;
121;144;1;2;1161;
86;54;1;2;1320;
60;85;1;2;2249;
144;127;1;2;1558;
123;96;1;2;376;
70;139;1;2;2223;
96;73;1;2;586;
108;114;1;2;562;
66;146;1;2;826;
56;96;1;2;613;
57;120;1;2;1586;
92;56;1;2;282;
124;119;1;2;2138;
121;113;1;2;435;
53;87;1;2;2281;
121;107;1;2;32;
140;53;1;2;2351;
96;64;1;2;973;
120;132;1;2;827;
125;138;1;2;2240;
114;145;1;2;105;
98;139;1;2;1866;
137;114;1;2;1348;
112;85;1;2;937;
69;88;1;2;1272;
72;59;1;2;1935;
64;101;1;2;1023;
80;147;1;2;1459;
112;69;1;2;1564;
141;144;1;2;625;
116;109;1;2;740;
0;1;14;14;
1;1;8;108;
2;1;13;213;
3;1;19;319;
4;1;47;447;
5;1;29;529;
6;1;44;644;
7;1;12;712;
8;1;14;814;
9;1;34;934;
10;1;31;1031;
11;1;4;1104;
12;1;11;1211;
13;1;3;1303;
14;1;15;1415;
15;1;47;1547;
16;1;17;1617;
17;1;18;1718;
18;1;36;1836;
19;1;50;1950;
