****2****
100
115;125;1;2;0;
89;143;1;2;0;
141;63;1;2;0;
129;54;1;2;0;
146;66;1;2;0;
103;107;1;2;0;
75;131;1;2;0;
134;108;1;2;0;
93;59;1;2;0;
114;116;1;2;0;
114;88;1;2;0;
79;61;1;2;0;
129;51;1;2;0;
78;64;1;2;0;
63;96;1;2;0;
84;81;1;2;0;
71;123;1;2;0;
126;62;1;2;0;
136;105;1;2;0;
66;85;1;2;0;
74;119;1;2;0;
142;99;1;2;0;
53;127;1;2;0;
57;96;1;2;0;
88;73;1;2;0;
115;104;1;2;0;
112;96;1;2;0;
115;143;1;2;0;
98;96;1;2;0;
58;63;1;2;0;
142;144;1;2;0;
146;115;1;2;0;
117;74;1;2;0;
128;55;1;2;0;
130;96;1;2;0;
90;106;1;2;0;
66;135;1;2;0;
55;121;1;2;0;
64;114;1;2;0;
67;54;1;2;0;
90;132;1;2;0;
108;104;1;2;0;
79;125;1;2;0;
97;79;1;2;0;
123;105;1;2;0;
144;115;1;2;0;
99;141;1;2;0;
81;118;1;2;0;
65;111;1;2;0;
124;97;1;2;0;
57;116;1;2;1903;
125;101;1;2;870;
96;67;1;2;2292;
66;71;1;2;1342;
100;129;1;2;1915;
81;57;1;2;1120;
62;130;1;2;1357;
57;148;1;2;563;
100;131;1;2;1176;
67;92;1;2;2489;
115;51;1;2;2004;
70;127;1;2;57;
83;125;1;2;607;
60;93;1;2;562;
77;144;1;2;1607;
100;75;1;2;2353;
70;88;1;2;1161;
96;147;1;2;727;
76;97;1;2;504;
72;114;1;2;1176;
146;131;1;2;2477;
86;104;1;2;685;
130;137;1;2;409;
92;147;1;2;1958;
75;126;1;2;2326;
89;76;1;2;681;
111;148;1;2;1226;
65;95;1;2;1625;
117;121;1;2;2459;
102;95;1;2;2480;
129;143;1;2;1251;
109;131;1;2;672;
119;112;1;2;1616;
56;106;1;2;1373;
136;83;1;2;1289;
111;122;1;2;776;
63;83;1;2;956;
105;50;1;2;686;
96;117;1;2;533;
134;69;1;2;1673;
136;100;1;2;1593;
72;112;1;2;2300;
62;133;1;2;1351;
91;139;1;2;1855;
117;125;1;2;1877;
119;138;1;2;525;
99;103;1;2;152;
130;58;1;2;1919;
105;104;1;2;1553;
52;88;1;2;2061;
0;1;48;48;
1;1;28;128;
2;1;24;224;
3;1;35;335;
4;1;2;402;
5;1;36;536;
6;1;5;605;
7;1;17;717;
8;1;21;821;
9;1;37;937;
10;1;8;1008;
11;1;10;1110;
12;1;27;1227;
13;1;26;1326;
14;1;37;1437;
15;1;50;1550;
16;1;47;1647;
17;1;28;1728;
18;1;45;1845;
19;1;47;1947;
