****0****
100
60;79;1;2;0;
106;111;1;2;0;
74;138;1;2;0;
69;51;1;2;0;
85;86;1;2;0;
146;113;1;2;0;
128;140;1;2;0;
144;78;1;2;0;
141;72;1;2;0;
105;140;1;2;0;
62;138;1;2;0;
112;147;1;2;0;
66;121;1;2;0;
95;70;1;2;0;
104;95;1;2;0;
111;67;1;2;0;
77;119;1;2;0;
80;101;1;2;0;
107;99;1;2;0;
102;94;1;2;0;
88;51;1;2;0;
110;118;1;2;0;
93;104;1;2;0;
146;136;1;2;0;
127;101;1;2;0;
79;91;1;2;0;
141;93;1;2;0;
88;109;1;2;0;
64;85;1;2;0;
129;71;1;2;0;
131;142;1;2;0;
140;110;1;2;0;
63;70;1;2;0;
61;73;1;2;0;
71;65;1;2;0;
117;109;1;2;0;
118;77;1;2;0;
77;62;1;2;0;
84;74;1;2;0;
148;113;1;2;0;
77;77;1;2;0;
54;121;1;2;0;
120;92;1;2;0;
80;87;1;2;0;
128;112;1;2;0;
108;61;1;2;0;
56;98;1;2;0;
73;70;1;2;0;
118;136;1;2;0;
93;139;1;2;0;
51;112;1;2;2273;
120;92;1;2;959;
84;126;1;2;1751;
82;89;1;2;46;
62;93;1;2;235;
84;87;1;2;2130;
121;117;1;2;237;
131;80;1;2;2314;
131;55;1;2;2499;
99;141;1;2;511;
141;143;1;2;458;
142;65;1;2;1591;
122;51;1;2;1418;
127;135;1;2;2466;
111;147;1;2;521;
114;134;1;2;711;
51;57;1;2;1521;
51;139;1;2;1885;
57;72;1;2;1224;
135;122;1;2;252;
56;65;1;2;40;
91;109;1;2;2052;
117;81;1;2;1142;
70;110;1;2;287;
63;71;1;2;1685;
50;87;1;2;1167;
127;89;1;2;2119;
124;142;1;2;1021;
103;149;1;2;1186;
87;86;1;2;2218;
63;144;1;2;246;
84;85;1;2;40;
72;52;1;2;62;
61;73;1;2;2065;
136;138;1;2;1089;
112;138;1;2;2377;
120;68;1;2;557;
139;142;1;2;867;
148;147;1;2;621;
79;84;1;2;2318;
134;98;1;2;1471;
104;84;1;2;1035;
85;107;1;2;106;
149;118;1;2;101;
74;56;1;2;986;
73;118;1;2;783;
109;140;1;2;202;
84;130;1;2;766;
103;128;1;2;1859;
121;109;1;2;2207;
0;1;28;28;
1;1;44;144;
2;1;38;238;
3;1;28;328;
4;1;50;450;
5;1;22;522;
6;1;15;615;
7;1;35;735;
8;1;31;831;
9;1;7;907;
10;1;36;1036;
11;1;2;1102;
12;1;22;1222;
13;1;13;1313;
14;1;8;1408;
15;1;27;1527;
16;1;36;1636;
17;1;29;1729;
18;1;23;1823;
19;1;45;1945;
