****16****
1000
77;60;1;2;0;
94;52;1;2;0;
54;41;1;2;0;
76;44;1;2;0;
62;64;1;2;0;
95;100;1;2;0;
24;60;1;2;0;
88;60;1;2;0;
50;72;1;2;0;
16;19;1;2;0;
88;23;1;2;0;
3;27;1;2;0;
68;49;1;2;0;
69;45;1;2;0;
43;21;1;2;0;
74;19;1;2;0;
80;67;1;2;0;
22;34;1;2;0;
60;49;1;2;0;
29;21;1;2;0;
12;75;1;2;0;
72;87;1;2;0;
35;60;1;2;0;
46;84;1;2;0;
31;61;1;2;0;
55;19;1;2;0;
36;57;1;2;0;
97;3;1;2;0;
57;65;1;2;0;
99;99;1;2;0;
85;25;1;2;0;
69;65;1;2;0;
91;90;1;2;0;
50;50;1;2;0;
90;78;1;2;0;
22;1;1;2;0;
52;94;1;2;0;
39;38;1;2;0;
5;84;1;2;0;
74;87;1;2;0;
96;28;1;2;0;
5;83;1;2;0;
36;54;1;2;0;
37;92;1;2;0;
18;88;1;2;0;
42;3;1;2;0;
12;10;1;2;0;
19;54;1;2;0;
51;68;1;2;0;
56;40;1;2;0;
97;77;1;2;0;
92;100;1;2;0;
22;30;1;2;0;
38;78;1;2;0;
65;11;1;2;0;
65;12;1;2;0;
90;21;1;2;0;
47;25;1;2;0;
74;83;1;2;0;
68;92;1;2;0;
70;9;1;2;0;
94;33;1;2;0;
18;64;1;2;0;
87;68;1;2;0;
31;42;1;2;0;
59;27;1;2;0;
70;2;1;2;0;
78;44;1;2;0;
31;15;1;2;0;
21;47;1;2;0;
77;85;1;2;0;
58;66;1;2;0;
6;4;1;2;0;
90;79;1;2;0;
39;9;1;2;0;
70;60;1;2;0;
17;15;1;2;0;
93;86;1;2;0;
78;79;1;2;0;
5;60;1;2;0;
72;63;1;2;0;
38;93;1;2;0;
64;16;1;2;0;
36;46;1;2;0;
82;57;1;2;0;
92;59;1;2;0;
93;2;1;2;0;
76;50;1;2;0;
57;18;1;2;0;
29;95;1;2;0;
26;50;1;2;0;
55;43;1;2;0;
17;99;1;2;0;
28;94;1;2;0;
77;33;1;2;0;
6;100;1;2;0;
47;43;1;2;0;
92;11;1;2;0;
58;80;1;2;0;
8;40;1;2;0;
88;52;1;2;0;
50;80;1;2;0;
53;25;1;2;0;
30;61;1;2;0;
42;10;1;2;0;
8;68;1;2;0;
59;62;1;2;0;
62;27;1;2;0;
60;89;1;2;0;
21;88;1;2;0;
73;78;1;2;0;
39;20;1;2;0;
20;82;1;2;0;
82;78;1;2;0;
61;41;1;2;0;
69;100;1;2;0;
92;18;1;2;0;
32;96;1;2;0;
42;61;1;2;0;
57;36;1;2;0;
22;64;1;2;0;
55;32;1;2;0;
77;16;1;2;0;
59;88;1;2;0;
56;31;1;2;0;
27;29;1;2;0;
8;65;1;2;0;
100;27;1;2;0;
98;33;1;2;0;
56;11;1;2;0;
73;24;1;2;0;
10;17;1;2;0;
93;41;1;2;0;
12;87;1;2;0;
53;68;1;2;0;
22;74;1;2;0;
83;76;1;2;0;
6;59;1;2;0;
43;16;1;2;0;
46;98;1;2;0;
46;72;1;2;0;
26;5;1;2;0;
88;77;1;2;0;
31;86;1;2;0;
61;39;1;2;0;
96;34;1;2;0;
14;57;1;2;0;
50;7;1;2;0;
98;13;1;2;0;
45;50;1;2;0;
81;18;1;2;0;
76;15;1;2;0;
93;33;1;2;0;
74;35;1;2;0;
48;71;1;2;0;
84;45;1;2;0;
95;10;1;2;0;
49;82;1;2;0;
38;31;1;2;0;
19;99;1;2;0;
21;66;1;2;0;
84;35;1;2;0;
23;85;1;2;0;
93;72;1;2;0;
97;37;1;2;0;
73;29;1;2;0;
54;48;1;2;0;
44;98;1;2;0;
32;69;1;2;0;
84;31;1;2;0;
39;67;1;2;0;
75;33;1;2;0;
28;75;1;2;0;
15;66;1;2;0;
58;85;1;2;0;
16;78;1;2;0;
3;99;1;2;0;
12;77;1;2;0;
83;56;1;2;0;
48;31;1;2;0;
92;20;1;2;0;
60;97;1;2;0;
20;55;1;2;0;
46;51;1;2;0;
23;29;1;2;0;
82;61;1;2;0;
48;8;1;2;0;
46;27;1;2;0;
35;60;1;2;0;
92;92;1;2;0;
96;59;1;2;0;
69;98;1;2;0;
57;33;1;2;0;
74;91;1;2;0;
88;73;1;2;0;
74;32;1;2;0;
45;85;1;2;0;
80;64;1;2;0;
39;26;1;2;0;
66;13;1;2;0;
6;99;1;2;0;
25;5;1;2;0;
59;70;1;2;0;
32;93;1;2;0;
81;75;1;2;0;
84;77;1;2;0;
34;52;1;2;0;
26;42;1;2;0;
36;52;1;2;0;
85;76;1;2;0;
24;58;1;2;0;
59;68;1;2;0;
42;38;1;2;0;
83;32;1;2;0;
15;1;1;2;0;
96;73;1;2;0;
99;20;1;2;0;
77;57;1;2;0;
90;60;1;2;0;
1;22;1;2;0;
35;84;1;2;0;
50;68;1;2;0;
88;76;1;2;0;
61;23;1;2;0;
79;45;1;2;0;
50;2;1;2;0;
54;8;1;2;0;
22;47;1;2;0;
98;56;1;2;0;
78;12;1;2;0;
56;25;1;2;0;
36;7;1;2;0;
45;65;1;2;0;
15;86;1;2;0;
24;16;1;2;0;
59;58;1;2;0;
99;9;1;2;0;
77;38;1;2;0;
36;38;1;2;0;
13;14;1;2;0;
34;62;1;2;0;
67;88;1;2;0;
22;88;1;2;0;
34;19;1;2;0;
44;64;1;2;0;
82;51;1;2;0;
88;18;1;2;0;
9;84;1;2;0;
82;24;1;2;0;
69;5;1;2;0;
91;28;1;2;0;
15;41;1;2;0;
36;91;1;2;0;
79;71;1;2;0;
80;91;1;2;0;
36;14;1;2;0;
4;2;1;2;0;
53;25;1;2;0;
90;38;1;2;0;
43;85;1;2;0;
1;25;1;2;0;
87;89;1;2;0;
94;96;1;2;0;
72;75;1;2;0;
71;93;1;2;0;
31;61;1;2;0;
72;45;1;2;0;
1;59;1;2;0;
88;31;1;2;0;
81;67;1;2;0;
21;16;1;2;0;
32;77;1;2;0;
17;36;1;2;0;
1;58;1;2;0;
74;44;1;2;0;
94;74;1;2;0;
20;81;1;2;0;
14;13;1;2;0;
28;86;1;2;0;
87;98;1;2;0;
30;17;1;2;0;
10;1;1;2;0;
14;62;1;2;0;
59;1;1;2;0;
93;39;1;2;0;
67;65;1;2;0;
54;51;1;2;0;
41;22;1;2;0;
86;42;1;2;0;
80;59;1;2;0;
37;73;1;2;0;
85;56;1;2;0;
5;98;1;2;0;
68;32;1;2;0;
35;6;1;2;0;
81;64;1;2;0;
74;42;1;2;0;
16;87;1;2;0;
4;74;1;2;0;
39;96;1;2;0;
64;6;1;2;0;
12;69;1;2;0;
8;53;1;2;0;
91;93;1;2;0;
46;22;1;2;0;
4;82;1;2;0;
46;88;1;2;0;
89;3;1;2;0;
37;8;1;2;0;
86;72;1;2;0;
13;67;1;2;0;
87;38;1;2;0;
60;3;1;2;0;
77;63;1;2;0;
28;15;1;2;0;
10;92;1;2;0;
72;22;1;2;0;
12;79;1;2;0;
26;54;1;2;0;
24;71;1;2;0;
27;79;1;2;0;
4;73;1;2;0;
18;92;1;2;0;
27;54;1;2;0;
99;12;1;2;0;
25;63;1;2;0;
30;12;1;2;0;
100;90;1;2;0;
66;76;1;2;0;
52;93;1;2;0;
91;62;1;2;0;
36;62;1;2;0;
35;100;1;2;0;
93;60;1;2;0;
53;68;1;2;0;
82;80;1;2;0;
46;85;1;2;0;
4;63;1;2;0;
28;30;1;2;0;
16;26;1;2;0;
41;41;1;2;0;
88;71;1;2;0;
4;39;1;2;0;
12;69;1;2;0;
15;63;1;2;0;
13;57;1;2;0;
76;49;1;2;0;
70;10;1;2;0;
48;62;1;2;0;
21;52;1;2;0;
29;2;1;2;0;
31;26;1;2;0;
38;86;1;2;0;
88;65;1;2;0;
67;4;1;2;0;
42;8;1;2;0;
96;29;1;2;0;
30;51;1;2;0;
20;93;1;2;0;
71;34;1;2;0;
55;83;1;2;0;
42;83;1;2;0;
83;11;1;2;0;
92;30;1;2;0;
25;65;1;2;0;
34;5;1;2;0;
66;16;1;2;0;
31;56;1;2;0;
2;70;1;2;0;
20;68;1;2;0;
25;62;1;2;0;
27;72;1;2;0;
42;8;1;2;0;
22;61;1;2;0;
100;92;1;2;0;
46;7;1;2;0;
27;87;1;2;0;
89;9;1;2;0;
50;80;1;2;0;
91;26;1;2;0;
96;24;1;2;0;
30;62;1;2;0;
39;12;1;2;0;
17;92;1;2;0;
82;88;1;2;0;
12;6;1;2;0;
49;38;1;2;0;
78;43;1;2;0;
98;51;1;2;0;
3;97;1;2;0;
95;49;1;2;0;
55;73;1;2;0;
87;43;1;2;0;
81;88;1;2;0;
75;23;1;2;0;
13;70;1;2;0;
98;43;1;2;0;
83;89;1;2;0;
6;51;1;2;0;
80;87;1;2;0;
39;91;1;2;0;
45;39;1;2;0;
81;74;1;2;0;
81;30;1;2;0;
76;36;1;2;0;
78;22;1;2;0;
36;33;1;2;0;
94;74;1;2;0;
75;27;1;2;0;
62;1;1;2;0;
49;74;1;2;0;
71;99;1;2;0;
68;53;1;2;0;
87;26;1;2;0;
4;66;1;2;0;
64;94;1;2;0;
9;8;1;2;0;
84;41;1;2;0;
33;17;1;2;0;
70;61;1;2;0;
52;47;1;2;0;
82;39;1;2;0;
31;76;1;2;0;
12;6;1;2;0;
2;25;1;2;0;
6;2;1;2;0;
51;28;1;2;0;
100;18;1;2;0;
81;86;1;2;0;
43;36;1;2;0;
4;59;1;2;0;
81;64;1;2;0;
66;64;1;2;0;
56;51;1;2;0;
80;25;1;2;0;
11;31;1;2;0;
23;92;1;2;0;
21;54;1;2;0;
19;33;1;2;0;
11;20;1;2;0;
57;68;1;2;0;
74;7;1;2;0;
96;73;1;2;0;
77;28;1;2;0;
11;71;1;2;0;
15;66;1;2;0;
29;95;1;2;0;
81;47;1;2;0;
58;36;1;2;0;
97;38;1;2;0;
12;59;1;2;0;
20;86;1;2;0;
50;41;1;2;0;
91;69;1;2;0;
25;53;1;2;0;
40;33;1;2;0;
21;65;1;2;0;
92;16;1;2;0;
90;20;1;2;0;
95;52;1;2;0;
42;9;1;2;0;
17;71;1;2;0;
3;49;1;2;0;
69;12;1;2;0;
36;17;1;2;0;
1;47;1;2;0;
75;21;1;2;0;
84;76;1;2;0;
13;75;1;2;0;
96;89;1;2;0;
27;88;1;2;0;
73;99;1;2;0;
52;64;1;2;0;
66;41;1;2;0;
35;60;1;2;0;
92;77;1;2;0;
20;60;1;2;0;
99;22;1;2;0;
8;67;1;2;0;
86;43;1;2;0;
35;86;1;2;0;
41;61;1;2;0;
58;77;1;2;0;
88;22;1;2;0;
3;84;1;2;0;
10;29;1;2;0;
23;83;1;2;0;
80;74;1;2;0;
98;45;1;2;0;
67;33;1;2;0;
5;10;1;2;0;
61;76;1;2;0;
22;59;1;2;0;
50;29;1;2;0;
77;35;1;2;0;
24;63;1;2;0;
20;16;1;2;0;
23;30;1;2;0;
92;10;1;2;0;
51;94;1;2;0;
45;61;1;2;22279;
67;95;1;2;6398;
93;44;1;2;5242;
11;28;1;2;22464;
20;88;1;2;11265;
41;98;1;2;9179;
22;74;1;2;11632;
97;88;1;2;14768;
12;10;1;2;8489;
56;20;1;2;6204;
49;64;1;2;7691;
75;83;1;2;24164;
28;75;1;2;14263;
78;85;1;2;16745;
83;56;1;2;7963;
16;97;1;2;5228;
46;70;1;2;17601;
10;66;1;2;19530;
98;77;1;2;18407;
62;32;1;2;19753;
29;33;1;2;22711;
8;7;1;2;17852;
81;87;1;2;5192;
2;16;1;2;9689;
98;50;1;2;21603;
85;66;1;2;6863;
70;11;1;2;18041;
81;73;1;2;14443;
27;70;1;2;14464;
86;83;1;2;1863;
13;12;1;2;18518;
7;71;1;2;9457;
83;4;1;2;8326;
85;5;1;2;20368;
71;54;1;2;18045;
12;38;1;2;17119;
54;60;1;2;24521;
12;40;1;2;4128;
36;18;1;2;18463;
88;3;1;2;7756;
23;67;1;2;965;
43;73;1;2;8029;
69;7;1;2;7605;
85;91;1;2;9461;
16;13;1;2;12085;
96;77;1;2;21192;
46;30;1;2;19258;
6;41;1;2;1131;
90;28;1;2;13590;
95;67;1;2;40;
34;90;1;2;7482;
85;84;1;2;10875;
58;52;1;2;3068;
34;36;1;2;18752;
66;51;1;2;17612;
51;98;1;2;19005;
25;95;1;2;7041;
59;100;1;2;2010;
31;41;1;2;16106;
73;87;1;2;16041;
65;21;1;2;5925;
75;57;1;2;4277;
10;14;1;2;22802;
52;99;1;2;17576;
84;64;1;2;13463;
80;66;1;2;3507;
5;90;1;2;4829;
6;100;1;2;19195;
100;83;1;2;23486;
22;55;1;2;15658;
62;71;1;2;5717;
91;97;1;2;17381;
3;7;1;2;13173;
18;58;1;2;23451;
20;93;1;2;12170;
24;24;1;2;14168;
77;28;1;2;2884;
25;86;1;2;20328;
73;37;1;2;19879;
13;58;1;2;17375;
39;71;1;2;10608;
86;61;1;2;11557;
88;63;1;2;8343;
8;32;1;2;1787;
73;51;1;2;17385;
54;26;1;2;18251;
51;3;1;2;2887;
38;27;1;2;1086;
25;51;1;2;17106;
93;63;1;2;17053;
68;2;1;2;16966;
64;39;1;2;19;
57;26;1;2;18241;
56;33;1;2;19433;
64;58;1;2;664;
64;63;1;2;2648;
40;13;1;2;1642;
43;51;1;2;9219;
83;27;1;2;17327;
7;71;1;2;3944;
93;38;1;2;9731;
50;54;1;2;15404;
67;10;1;2;15592;
98;18;1;2;23467;
13;81;1;2;12480;
31;45;1;2;24298;
74;84;1;2;18592;
71;78;1;2;2741;
46;60;1;2;19827;
72;66;1;2;16974;
61;11;1;2;11559;
2;60;1;2;14189;
34;78;1;2;15916;
91;27;1;2;22836;
32;40;1;2;16231;
83;22;1;2;8989;
95;95;1;2;1105;
20;17;1;2;18219;
47;62;1;2;13663;
52;86;1;2;6791;
76;98;1;2;16905;
41;51;1;2;8721;
59;84;1;2;11755;
86;74;1;2;19248;
83;58;1;2;2878;
60;40;1;2;13312;
33;34;1;2;5444;
89;6;1;2;8165;
74;52;1;2;3445;
18;56;1;2;17604;
79;83;1;2;88;
51;23;1;2;12879;
33;81;1;2;21378;
93;18;1;2;18426;
79;52;1;2;240;
4;11;1;2;6550;
2;43;1;2;13900;
46;83;1;2;13634;
6;56;1;2;10741;
79;25;1;2;46;
38;4;1;2;772;
45;54;1;2;1725;
51;38;1;2;14846;
93;30;1;2;12793;
8;8;1;2;16156;
32;63;1;2;16163;
95;16;1;2;1300;
91;61;1;2;22672;
93;66;1;2;21249;
98;97;1;2;17436;
58;34;1;2;20274;
52;78;1;2;19419;
68;81;1;2;840;
16;73;1;2;3540;
81;32;1;2;1263;
98;15;1;2;21886;
78;9;1;2;3720;
100;99;1;2;4457;
56;91;1;2;9511;
20;88;1;2;22326;
9;97;1;2;12753;
100;48;1;2;5881;
49;67;1;2;14590;
83;82;1;2;14752;
98;63;1;2;24793;
21;60;1;2;19952;
59;89;1;2;11275;
12;40;1;2;10415;
77;48;1;2;3756;
60;67;1;2;6537;
87;27;1;2;18802;
51;79;1;2;16324;
93;27;1;2;826;
66;9;1;2;14405;
64;58;1;2;22099;
44;79;1;2;12815;
87;89;1;2;4966;
41;52;1;2;2098;
94;28;1;2;1884;
90;88;1;2;2820;
25;26;1;2;22341;
56;29;1;2;10216;
87;73;1;2;6369;
37;38;1;2;16136;
16;53;1;2;18057;
9;97;1;2;15642;
13;35;1;2;5777;
58;75;1;2;14935;
91;69;1;2;24820;
22;10;1;2;24439;
20;34;1;2;11117;
97;89;1;2;22607;
51;28;1;2;17037;
84;64;1;2;11245;
24;31;1;2;19985;
74;91;1;2;20295;
54;3;1;2;9375;
22;13;1;2;748;
41;3;1;2;334;
40;24;1;2;20881;
77;44;1;2;14428;
92;40;1;2;4274;
83;42;1;2;4494;
98;25;1;2;20411;
3;1;1;2;14180;
8;26;1;2;10148;
61;80;1;2;21130;
96;53;1;2;2091;
57;46;1;2;5131;
39;85;1;2;11630;
81;13;1;2;22159;
5;5;1;2;11306;
69;39;1;2;14288;
60;37;1;2;14723;
66;91;1;2;8241;
54;50;1;2;10651;
80;10;1;2;17091;
60;57;1;2;6089;
5;65;1;2;19828;
51;55;1;2;10374;
21;36;1;2;2166;
86;40;1;2;10818;
42;60;1;2;6687;
92;71;1;2;11305;
66;88;1;2;10917;
40;41;1;2;2755;
91;72;1;2;9362;
22;83;1;2;12864;
57;87;1;2;18505;
37;38;1;2;24373;
53;58;1;2;5842;
81;96;1;2;94;
14;89;1;2;11403;
37;80;1;2;23758;
96;97;1;2;3072;
97;88;1;2;15775;
95;79;1;2;1508;
6;52;1;2;1906;
73;60;1;2;21310;
4;96;1;2;17096;
42;100;1;2;3142;
15;80;1;2;24361;
31;45;1;2;21552;
54;81;1;2;6754;
99;76;1;2;21941;
83;72;1;2;2597;
7;18;1;2;11625;
2;23;1;2;16114;
80;95;1;2;22153;
96;51;1;2;1816;
97;92;1;2;22223;
59;59;1;2;6042;
17;89;1;2;18588;
63;43;1;2;16548;
92;93;1;2;11225;
66;76;1;2;18034;
80;82;1;2;12479;
23;36;1;2;8420;
18;15;1;2;18719;
71;10;1;2;11881;
72;58;1;2;14527;
71;68;1;2;11993;
50;84;1;2;24878;
26;98;1;2;19080;
82;90;1;2;18357;
13;7;1;2;23532;
16;86;1;2;7122;
89;9;1;2;20638;
84;26;1;2;11488;
77;48;1;2;7726;
69;19;1;2;1447;
4;90;1;2;20795;
97;91;1;2;19623;
78;68;1;2;17237;
6;49;1;2;24886;
26;62;1;2;12261;
73;29;1;2;11458;
53;17;1;2;9100;
69;52;1;2;19054;
98;29;1;2;20215;
41;49;1;2;9905;
40;52;1;2;14842;
7;48;1;2;16067;
62;77;1;2;9417;
62;82;1;2;9190;
3;59;1;2;8356;
2;31;1;2;22701;
87;84;1;2;16949;
32;52;1;2;4018;
54;1;1;2;23131;
24;41;1;2;15663;
64;33;1;2;23390;
45;91;1;2;6055;
16;52;1;2;13537;
7;65;1;2;19412;
99;67;1;2;17034;
51;21;1;2;2688;
32;7;1;2;15240;
82;91;1;2;20831;
83;44;1;2;12692;
64;19;1;2;19056;
93;82;1;2;23112;
73;78;1;2;16158;
52;94;1;2;20067;
59;52;1;2;4320;
100;2;1;2;18806;
100;53;1;2;782;
82;36;1;2;13956;
47;69;1;2;15179;
63;3;1;2;3000;
31;66;1;2;20386;
92;10;1;2;6737;
85;34;1;2;1894;
21;37;1;2;24174;
8;96;1;2;7991;
7;47;1;2;12536;
77;98;1;2;23414;
67;79;1;2;13324;
64;25;1;2;24215;
2;39;1;2;12353;
84;22;1;2;3115;
85;65;1;2;14414;
71;2;1;2;17388;
82;22;1;2;20342;
91;29;1;2;14059;
51;87;1;2;17951;
64;64;1;2;3548;
82;82;1;2;19042;
35;45;1;2;9168;
8;47;1;2;17508;
84;82;1;2;11250;
26;18;1;2;7202;
81;88;1;2;5722;
17;22;1;2;216;
42;12;1;2;8503;
62;14;1;2;14398;
81;77;1;2;13955;
97;10;1;2;7956;
91;44;1;2;12604;
14;52;1;2;18079;
24;87;1;2;2380;
6;64;1;2;15389;
5;44;1;2;9347;
53;13;1;2;17892;
74;54;1;2;12949;
75;16;1;2;2509;
63;48;1;2;3604;
65;44;1;2;14649;
97;86;1;2;1212;
78;100;1;2;12511;
56;75;1;2;13145;
64;32;1;2;8476;
94;37;1;2;15168;
59;41;1;2;23359;
49;67;1;2;5637;
50;41;1;2;3311;
64;55;1;2;9331;
58;20;1;2;4492;
62;68;1;2;7837;
10;45;1;2;1284;
60;1;1;2;9086;
49;16;1;2;12996;
2;9;1;2;24713;
98;19;1;2;22710;
6;67;1;2;11698;
67;16;1;2;20685;
96;31;1;2;20813;
23;89;1;2;3283;
94;50;1;2;23805;
2;11;1;2;22230;
61;23;1;2;21132;
94;71;1;2;20643;
10;72;1;2;15649;
63;69;1;2;13247;
8;26;1;2;10826;
19;93;1;2;19085;
22;40;1;2;15534;
80;62;1;2;8272;
57;7;1;2;11948;
2;8;1;2;5023;
91;20;1;2;22760;
32;65;1;2;5549;
40;75;1;2;16366;
57;89;1;2;15879;
93;96;1;2;6944;
99;66;1;2;20198;
20;87;1;2;6703;
24;67;1;2;5287;
16;23;1;2;20444;
62;24;1;2;5511;
18;14;1;2;20768;
96;97;1;2;20801;
96;37;1;2;23104;
68;93;1;2;140;
61;37;1;2;4116;
27;35;1;2;19481;
89;55;1;2;19167;
90;30;1;2;1233;
4;98;1;2;21212;
25;59;1;2;23412;
6;28;1;2;9556;
6;23;1;2;23531;
22;70;1;2;15472;
13;38;1;2;23781;
91;98;1;2;11705;
17;76;1;2;19565;
59;16;1;2;14198;
36;5;1;2;13386;
31;8;1;2;2647;
49;85;1;2;21179;
90;90;1;2;21755;
48;47;1;2;4382;
51;68;1;2;24611;
94;80;1;2;1053;
30;23;1;2;22342;
54;91;1;2;2162;
12;49;1;2;8465;
77;85;1;2;2448;
23;67;1;2;14400;
14;15;1;2;14762;
15;56;1;2;11294;
43;4;1;2;2011;
97;6;1;2;9962;
68;100;1;2;3755;
29;29;1;2;13026;
38;82;1;2;19139;
23;45;1;2;12078;
74;73;1;2;15507;
82;95;1;2;5658;
97;8;1;2;3742;
96;74;1;2;12668;
36;68;1;2;12494;
22;64;1;2;6246;
75;32;1;2;9397;
60;12;1;2;22975;
15;49;1;2;8683;
12;23;1;2;11088;
10;49;1;2;21634;
91;30;1;2;3707;
39;78;1;2;12202;
54;73;1;2;18298;
24;60;1;2;16499;
49;33;1;2;13437;
27;7;1;2;10969;
57;67;1;2;10149;
14;33;1;2;6070;
5;97;1;2;7640;
92;6;1;2;23323;
51;48;1;2;3318;
53;39;1;2;16523;
67;92;1;2;2697;
54;67;1;2;383;
8;15;1;2;11592;
78;93;1;2;23533;
31;49;1;2;12713;
95;15;1;2;23903;
60;71;1;2;21743;
47;62;1;2;22808;
34;12;1;2;15356;
2;17;1;2;7294;
47;35;1;2;4612;
16;88;1;2;19978;
44;47;1;2;15884;
56;77;1;2;23578;
74;7;1;2;6950;
11;2;1;2;11730;
32;13;1;2;1095;
49;59;1;2;6638;
71;44;1;2;6736;
92;97;1;2;5095;
52;95;1;2;13918;
2;10;1;2;3749;
23;5;1;2;16088;
57;12;1;2;14371;
36;85;1;2;14063;
64;47;1;2;20816;
57;78;1;2;24692;
21;26;1;2;1586;
97;48;1;2;6566;
37;92;1;2;17949;
93;43;1;2;2256;
35;96;1;2;14434;
16;18;1;2;9360;
44;75;1;2;21379;
47;10;1;2;1269;
9;25;1;2;11747;
24;34;1;2;6207;
51;6;1;2;6394;
88;2;1;2;12361;
20;91;1;2;14465;
48;35;1;2;22248;
70;70;1;2;17570;
53;85;1;2;22656;
40;28;1;2;23895;
90;27;1;2;1607;
25;87;1;2;10495;
58;11;1;2;16785;
68;13;1;2;21572;
8;53;1;2;8742;
96;72;1;2;12279;
0;1;26;1;
1;1;14;106;
2;1;41;202;
3;1;17;308;
4;1;20;411;
5;1;35;528;
6;1;14;610;
7;1;27;714;
8;1;1;800;
9;1;32;907;
10;1;26;1004;
11;1;29;1106;
12;1;48;1230;
13;1;42;1338;
14;1;34;1417;
15;1;14;1504;
16;1;35;1609;
17;1;9;1704;
18;1;14;1810;
19;1;22;1902;
20;1;27;2017;
21;1;34;2101;
22;1;35;2216;
23;1;26;2302;
24;1;25;2406;
25;1;46;2529;
26;1;19;2601;
27;1;42;2704;
28;1;14;2800;
29;1;3;2902;
30;1;48;3030;
31;1;8;3105;
32;1;50;3217;
33;1;9;3307;
34;1;43;3418;
35;1;48;3534;
36;1;40;3622;
37;1;12;3705;
38;1;44;3828;
39;1;10;3900;
40;1;45;4026;
41;1;22;4115;
42;1;33;4213;
43;1;32;4309;
44;1;48;4401;
45;1;45;4539;
46;1;6;4603;
47;1;29;4703;
48;1;21;4810;
49;1;18;4914;
50;1;20;5006;
51;1;35;5109;
52;1;49;5226;
53;1;33;5320;
54;1;34;5422;
55;1;12;5506;
56;1;3;5602;
57;1;42;5700;
58;1;48;5830;
59;1;33;5931;
60;1;12;6002;
61;1;44;6115;
62;1;32;6221;
63;1;24;6321;
64;1;12;6410;
65;1;17;6508;
66;1;9;6602;
67;1;40;6728;
68;1;49;6831;
69;1;1;6900;
70;1;21;7020;
71;1;10;7102;
72;1;1;7200;
73;1;10;7300;
74;1;29;7411;
75;1;47;7515;
76;1;22;7603;
77;1;10;7702;
78;1;13;7804;
79;1;6;7905;
80;1;28;8025;
81;1;5;8102;
82;1;27;8202;
83;1;47;8319;
84;1;20;8418;
85;1;8;8501;
86;1;14;8611;
87;1;13;8708;
88;1;22;8813;
89;1;15;8900;
90;1;17;9003;
91;1;41;9120;
92;1;3;9200;
93;1;42;9316;
94;1;34;9406;
95;1;39;9532;
96;1;23;9601;
97;1;1;9700;
98;1;40;9816;
99;1;25;9911;
100;1;45;10006;
101;1;1;10100;
102;1;1;10200;
103;1;24;10318;
104;1;40;10437;
105;1;23;10518;
106;1;1;10600;
107;1;43;10716;
108;1;14;10803;
109;1;19;10906;
110;1;33;11019;
111;1;12;11104;
112;1;3;11201;
113;1;7;11302;
114;1;8;11406;
115;1;6;11501;
116;1;14;11611;
117;1;15;11706;
118;1;25;11813;
119;1;39;11914;
120;1;28;12002;
121;1;20;12109;
122;1;27;12216;
123;1;34;12321;
124;1;50;12404;
125;1;42;12509;
126;1;13;12606;
127;1;40;12707;
128;1;14;12811;
129;1;12;12902;
130;1;30;13028;
131;1;28;13100;
132;1;26;13222;
133;1;11;13309;
134;1;33;13400;
135;1;18;13505;
136;1;13;13607;
137;1;42;13734;
138;1;2;13800;
139;1;34;13912;
140;1;31;14019;
141;1;36;14123;
142;1;30;14216;
143;1;13;14306;
144;1;26;14421;
145;1;20;14504;
146;1;44;14639;
147;1;48;14720;
148;1;42;14815;
149;1;25;14900;
150;1;11;15004;
151;1;37;15115;
152;1;30;15227;
153;1;16;15304;
154;1;7;15405;
155;1;36;15512;
156;1;26;15622;
157;1;32;15715;
158;1;50;15845;
159;1;3;15900;
160;1;21;16009;
161;1;30;16115;
162;1;21;16200;
163;1;37;16331;
164;1;38;16400;
165;1;39;16528;
166;1;2;16601;
167;1;23;16701;
168;1;5;16802;
169;1;13;16900;
170;1;38;17035;
171;1;50;17115;
172;1;21;17205;
173;1;23;17322;
174;1;29;17423;
175;1;46;17520;
176;1;48;17608;
177;1;15;17710;
178;1;7;17802;
179;1;34;17900;
180;1;15;18009;
181;1;46;18109;
182;1;2;18201;
183;1;48;18341;
184;1;7;18406;
185;1;21;18511;
186;1;12;18607;
187;1;12;18701;
188;1;2;18801;
189;1;5;18901;
190;1;12;19003;
191;1;33;19124;
192;1;29;19215;
193;1;29;19328;
194;1;1;19400;
195;1;33;19502;
196;1;39;19627;
197;1;32;19703;
198;1;48;19822;
199;1;47;19927;
