****3****
100
44;30;1;2;0;
98;39;1;2;0;
31;89;1;2;0;
44;60;1;2;0;
34;60;1;2;0;
60;13;1;2;0;
36;16;1;2;0;
45;59;1;2;0;
90;15;1;2;0;
67;8;1;2;0;
100;93;1;2;0;
97;8;1;2;0;
96;39;1;2;0;
45;36;1;2;0;
75;34;1;2;0;
8;19;1;2;0;
63;57;1;2;0;
9;45;1;2;0;
45;4;1;2;0;
5;30;1;2;0;
63;16;1;2;0;
94;98;1;2;0;
83;38;1;2;0;
9;72;1;2;0;
5;75;1;2;0;
80;4;1;2;0;
68;28;1;2;0;
63;15;1;2;0;
18;7;1;2;0;
50;44;1;2;0;
92;9;1;2;0;
62;54;1;2;0;
66;71;1;2;0;
51;62;1;2;0;
26;7;1;2;0;
92;89;1;2;0;
22;37;1;2;0;
86;4;1;2;0;
27;46;1;2;0;
27;31;1;2;0;
21;6;1;2;0;
86;40;1;2;0;
85;48;1;2;0;
54;54;1;2;0;
55;55;1;2;0;
98;46;1;2;0;
16;11;1;2;0;
52;81;1;2;0;
33;54;1;2;0;
94;59;1;2;0;
60;37;1;2;3;
81;74;1;2;1675;
36;100;1;2;1579;
62;82;1;2;2172;
20;67;1;2;967;
56;14;1;2;652;
62;20;1;2;1785;
59;18;1;2;855;
21;21;1;2;2185;
54;74;1;2;1774;
12;85;1;2;2454;
10;65;1;2;2217;
45;52;1;2;92;
74;65;1;2;970;
27;36;1;2;976;
19;92;1;2;344;
16;5;1;2;699;
68;63;1;2;730;
34;83;1;2;539;
33;88;1;2;2268;
25;99;1;2;1402;
53;8;1;2;1319;
7;5;1;2;815;
59;78;1;2;2445;
93;57;1;2;2299;
44;75;1;2;880;
61;91;1;2;188;
98;58;1;2;1259;
55;43;1;2;1492;
33;75;1;2;1345;
35;99;1;2;173;
22;4;1;2;478;
72;10;1;2;1438;
78;68;1;2;2133;
48;12;1;2;2233;
53;56;1;2;206;
2;16;1;2;1705;
54;65;1;2;1016;
21;72;1;2;1494;
22;4;1;2;325;
10;38;1;2;1782;
97;59;1;2;819;
44;83;1;2;2155;
94;60;1;2;882;
26;59;1;2;471;
62;11;1;2;1901;
25;64;1;2;514;
29;70;1;2;2013;
43;42;1;2;2131;
99;63;1;2;1402;
0;1;529;25;
1;1;527;489;
2;1;569;272;
3;1;594;329;
4;1;568;610;
5;1;509;915;
6;1;548;1126;
7;1;537;1119;
8;1;548;1210;
9;1;551;984;
10;1;515;1026;
11;1;553;1233;
12;1;560;1526;
13;1;577;1772;
14;1;597;1772;
15;1;583;1513;
16;1;562;1801;
17;1;587;2236;
18;1;595;2086;
19;1;545;2443;
20;1;519;2511;
21;1;544;2417;
22;1;540;2551;
23;1;541;2421;
24;1;582;2800;
25;1;511;2896;
26;1;539;3010;
27;1;531;2968;
28;1;513;3269;
29;1;544;3372;
30;1;545;3336;
31;1;585;3501;
32;1;536;3682;
33;1;540;3621;
34;1;555;3814;
35;1;595;3839;
36;1;590;4139;
37;1;542;3748;
38;1;521;4018;
39;1;567;4447;
40;1;524;4044;
41;1;598;4571;
42;1;595;4304;
43;1;512;4578;
44;1;587;4652;
45;1;567;4933;
46;1;534;4867;
47;1;541;5222;
48;1;526;5324;
49;1;502;5173;
