****8****
100
85;22;1;2;0;
89;12;1;2;0;
65;26;1;2;0;
65;89;1;2;0;
61;53;1;2;0;
41;39;1;2;0;
77;86;1;2;0;
39;73;1;2;0;
25;5;1;2;0;
60;62;1;2;0;
43;17;1;2;0;
31;72;1;2;0;
14;87;1;2;0;
9;39;1;2;0;
23;38;1;2;0;
86;8;1;2;0;
59;74;1;2;0;
19;75;1;2;0;
52;83;1;2;0;
63;64;1;2;0;
35;56;1;2;0;
54;11;1;2;0;
93;93;1;2;0;
35;17;1;2;0;
49;95;1;2;0;
78;91;1;2;0;
63;60;1;2;0;
62;29;1;2;0;
98;22;1;2;0;
67;21;1;2;0;
59;4;1;2;0;
28;69;1;2;0;
30;46;1;2;0;
95;81;1;2;0;
80;10;1;2;0;
44;66;1;2;0;
65;97;1;2;0;
28;57;1;2;0;
41;63;1;2;0;
25;89;1;2;0;
9;54;1;2;0;
32;23;1;2;0;
13;93;1;2;0;
51;10;1;2;0;
15;69;1;2;0;
82;25;1;2;0;
73;9;1;2;0;
46;2;1;2;0;
6;40;1;2;0;
34;85;1;2;0;
49;29;1;2;1413;
65;77;1;2;508;
73;70;1;2;520;
97;10;1;2;2116;
50;41;1;2;254;
14;34;1;2;404;
76;100;1;2;1624;
57;76;1;2;188;
66;21;1;2;435;
23;13;1;2;1175;
8;61;1;2;293;
9;78;1;2;1752;
90;50;1;2;757;
33;99;1;2;1023;
36;100;1;2;649;
62;14;1;2;71;
90;89;1;2;477;
86;45;1;2;1222;
7;62;1;2;1227;
80;85;1;2;2486;
39;44;1;2;46;
25;4;1;2;1153;
88;94;1;2;1473;
20;26;1;2;1856;
14;62;1;2;851;
96;23;1;2;1279;
15;12;1;2;1985;
33;49;1;2;811;
78;7;1;2;2463;
44;87;1;2;638;
74;77;1;2;397;
65;1;1;2;655;
84;89;1;2;1915;
5;60;1;2;2198;
24;73;1;2;1124;
43;20;1;2;1446;
26;34;1;2;1069;
98;18;1;2;1618;
66;96;1;2;781;
95;39;1;2;1496;
9;13;1;2;2437;
17;29;1;2;1399;
29;64;1;2;135;
34;69;1;2;1901;
17;92;1;2;223;
12;86;1;2;748;
30;12;1;2;1052;
10;9;1;2;1610;
91;74;1;2;1143;
79;20;1;2;882;
0;1;552;315;
1;1;599;590;
2;1;597;445;
3;1;504;608;
4;1;542;885;
5;1;511;832;
6;1;595;1143;
7;1;554;702;
8;1;590;908;
9;1;515;1025;
10;1;550;1545;
11;1;533;1512;
12;1;546;1436;
13;1;535;1724;
14;1;501;1623;
15;1;576;1700;
16;1;534;1989;
17;1;506;2153;
18;1;504;2088;
19;1;559;1958;
20;1;506;2278;
21;1;507;2278;
22;1;599;2337;
23;1;521;2499;
24;1;550;2736;
25;1;511;2669;
26;1;584;3078;
27;1;561;2704;
28;1;517;2894;
29;1;570;3337;
30;1;550;3296;
31;1;522;3268;
32;1;522;3666;
33;1;517;3649;
34;1;539;3472;
35;1;574;3699;
36;1;547;3624;
37;1;547;3892;
38;1;591;3825;
39;1;536;4359;
40;1;557;4090;
41;1;543;4548;
42;1;592;4499;
43;1;521;4498;
44;1;599;4515;
45;1;578;4905;
46;1;587;4869;
47;1;586;4857;
48;1;529;4817;
49;1;537;4906;
