****4****
100
904;337;1;2;0;
971;101;1;2;0;
942;966;1;2;0;
238;494;1;2;0;
825;24;1;2;0;
344;18;1;2;0;
199;115;1;2;0;
592;526;1;2;0;
444;338;1;2;0;
396;875;1;2;0;
979;625;1;2;0;
221;43;1;2;0;
539;548;1;2;0;
984;924;1;2;0;
857;366;1;2;0;
118;760;1;2;0;
703;88;1;2;0;
861;996;1;2;0;
406;450;1;2;0;
489;582;1;2;0;
473;185;1;2;0;
952;23;1;2;0;
299;895;1;2;0;
549;94;1;2;0;
232;296;1;2;0;
321;210;1;2;0;
921;893;1;2;0;
252;811;1;2;0;
440;588;1;2;0;
734;296;1;2;0;
953;851;1;2;0;
56;655;1;2;0;
291;268;1;2;0;
3;48;1;2;0;
69;843;1;2;0;
629;893;1;2;0;
27;580;1;2;0;
915;677;1;2;0;
827;463;1;2;0;
123;58;1;2;0;
111;443;1;2;0;
268;31;1;2;0;
335;871;1;2;0;
841;775;1;2;0;
458;926;1;2;0;
422;763;1;2;0;
129;829;1;2;0;
417;419;1;2;0;
96;771;1;2;0;
466;164;1;2;0;
614;446;1;2;2289;
992;378;1;2;23905;
21;204;1;2;24328;
143;261;1;2;14136;
585;880;1;2;21093;
271;103;1;2;16672;
397;912;1;2;8958;
819;674;1;2;22345;
999;443;1;2;12739;
95;213;1;2;3995;
610;178;1;2;1194;
18;522;1;2;9155;
340;542;1;2;6938;
476;684;1;2;3951;
723;620;1;2;11983;
351;890;1;2;10300;
172;639;1;2;5157;
918;809;1;2;3124;
792;807;1;2;5065;
436;253;1;2;6923;
897;215;1;2;14990;
803;232;1;2;6766;
439;923;1;2;19188;
629;750;1;2;9834;
784;824;1;2;13764;
467;175;1;2;14035;
955;346;1;2;19169;
3;263;1;2;2308;
77;406;1;2;8264;
592;841;1;2;11766;
320;89;1;2;4716;
930;891;1;2;16653;
708;681;1;2;21480;
380;662;1;2;18524;
734;445;1;2;1418;
708;263;1;2;18503;
923;218;1;2;9201;
128;572;1;2;11967;
789;648;1;2;24145;
960;240;1;2;6224;
32;911;1;2;21193;
670;840;1;2;13500;
539;548;1;2;24047;
682;279;1;2;5273;
927;12;1;2;15627;
995;71;1;2;17092;
237;345;1;2;17719;
176;472;1;2;2160;
729;612;1;2;790;
687;572;1;2;16425;
0;1;337;153;
1;1;171;175;
2;1;273;161;
3;1;203;163;
4;1;410;166;
5;1;197;188;
6;1;390;173;
7;1;51;159;
8;1;469;172;
9;1;94;155;
10;1;466;194;
11;1;232;188;
12;1;417;160;
13;1;49;188;
14;1;146;172;
15;1;50;182;
16;1;427;171;
17;1;56;151;
18;1;83;160;
19;1;213;192;
