****16****
100
65;28;1;2;0;
14;95;1;2;0;
88;67;1;2;0;
92;96;1;2;0;
71;38;1;2;0;
81;6;1;2;0;
54;51;1;2;0;
66;15;1;2;0;
93;15;1;2;0;
85;100;1;2;0;
55;66;1;2;0;
30;1;1;2;0;
85;54;1;2;0;
79;44;1;2;0;
22;90;1;2;0;
80;86;1;2;0;
70;45;1;2;0;
81;9;1;2;0;
11;24;1;2;0;
4;33;1;2;0;
62;36;1;2;0;
90;15;1;2;0;
86;8;1;2;0;
81;78;1;2;0;
74;65;1;2;0;
29;28;1;2;0;
31;58;1;2;0;
28;67;1;2;0;
11;7;1;2;0;
62;84;1;2;0;
48;93;1;2;0;
70;69;1;2;0;
37;2;1;2;0;
77;99;1;2;0;
25;32;1;2;0;
83;38;1;2;0;
68;25;1;2;0;
4;53;1;2;0;
32;37;1;2;0;
83;5;1;2;0;
1;11;1;2;0;
33;83;1;2;0;
69;12;1;2;0;
1;31;1;2;0;
18;62;1;2;0;
67;18;1;2;0;
6;88;1;2;0;
86;42;1;2;0;
89;15;1;2;0;
92;65;1;2;0;
46;27;1;2;726;
13;51;1;2;2124;
18;82;1;2;2478;
52;86;1;2;64;
62;70;1;2;2249;
82;82;1;2;1280;
65;99;1;2;274;
31;68;1;2;2152;
18;6;1;2;559;
58;20;1;2;112;
22;65;1;2;983;
28;30;1;2;694;
38;99;1;2;850;
83;50;1;2;1800;
81;63;1;2;797;
14;97;1;2;1651;
47;61;1;2;2137;
41;43;1;2;2294;
93;12;1;2;1791;
87;69;1;2;771;
76;42;1;2;357;
39;70;1;2;2315;
56;59;1;2;201;
2;41;1;2;1402;
37;74;1;2;40;
42;39;1;2;1821;
28;85;1;2;758;
65;77;1;2;1225;
69;70;1;2;1860;
30;8;1;2;1684;
58;83;1;2;202;
54;73;1;2;646;
32;28;1;2;136;
7;81;1;2;1153;
84;69;1;2;1259;
75;11;1;2;203;
62;90;1;2;1770;
61;54;1;2;1232;
50;74;1;2;742;
2;3;1;2;859;
74;60;1;2;1699;
87;66;1;2;1744;
70;97;1;2;1688;
62;55;1;2;2383;
95;90;1;2;630;
5;64;1;2;2227;
53;77;1;2;1324;
37;37;1;2;62;
98;38;1;2;735;
79;91;1;2;134;
0;1;520;303;
1;1;571;223;
2;1;551;246;
3;1;593;578;
4;1;536;453;
5;1;533;545;
6;1;528;779;
7;1;532;1169;
8;1;584;1019;
9;1;546;1246;
10;1;524;1386;
11;1;525;1135;
12;1;510;1521;
13;1;598;1774;
14;1;553;1924;
15;1;530;1911;
16;1;552;1719;
17;1;517;1841;
18;1;592;2384;
19;1;525;2401;
20;1;579;2335;
21;1;569;2177;
22;1;537;2596;
23;1;563;2841;
24;1;548;2883;
25;1;560;2890;
26;1;586;2838;
27;1;531;2839;
28;1;510;3050;
29;1;566;2947;
30;1;569;3523;
31;1;585;3581;
32;1;598;3637;
33;1;578;3650;
34;1;510;3831;
35;1;568;3631;
36;1;511;3953;
37;1;593;4049;
38;1;588;4234;
39;1;571;4129;
40;1;566;4287;
41;1;506;4291;
42;1;518;4645;
43;1;599;4865;
44;1;568;4467;
45;1;541;4884;
46;1;510;4795;
47;1;512;5138;
48;1;527;4852;
49;1;548;5139;
