****19****
100
67;7;1;2;0;
67;76;1;2;0;
35;59;1;2;0;
4;71;1;2;0;
34;58;1;2;0;
60;84;1;2;0;
51;88;1;2;0;
25;47;1;2;0;
46;20;1;2;0;
97;68;1;2;0;
85;35;1;2;0;
21;23;1;2;0;
90;37;1;2;0;
58;4;1;2;0;
75;33;1;2;0;
9;42;1;2;0;
39;27;1;2;0;
69;25;1;2;0;
85;73;1;2;0;
95;70;1;2;0;
82;55;1;2;0;
5;33;1;2;0;
94;30;1;2;0;
31;91;1;2;0;
1;27;1;2;0;
59;85;1;2;0;
61;79;1;2;0;
8;2;1;2;0;
67;17;1;2;0;
57;42;1;2;0;
49;17;1;2;0;
35;39;1;2;0;
43;55;1;2;0;
63;28;1;2;0;
27;58;1;2;0;
49;61;1;2;0;
64;54;1;2;0;
93;57;1;2;0;
83;23;1;2;0;
48;35;1;2;0;
49;58;1;2;0;
72;62;1;2;0;
36;79;1;2;0;
15;2;1;2;0;
47;72;1;2;0;
95;96;1;2;0;
88;29;1;2;0;
34;83;1;2;0;
36;49;1;2;0;
62;14;1;2;0;
58;10;1;2;2168;
21;63;1;2;997;
29;97;1;2;618;
28;32;1;2;2247;
85;3;1;2;1207;
72;33;1;2;1453;
74;31;1;2;2226;
68;26;1;2;183;
49;12;1;2;1206;
36;60;1;2;1399;
49;17;1;2;1262;
23;89;1;2;372;
88;69;1;2;986;
28;97;1;2;2313;
68;33;1;2;1766;
69;5;1;2;2016;
36;30;1;2;1288;
75;49;1;2;2006;
53;49;1;2;1471;
65;84;1;2;2106;
38;33;1;2;108;
20;7;1;2;2083;
69;94;1;2;615;
15;73;1;2;1815;
95;92;1;2;1036;
78;60;1;2;2463;
44;96;1;2;1117;
41;22;1;2;872;
68;74;1;2;668;
53;38;1;2;1201;
2;75;1;2;1115;
18;46;1;2;82;
23;15;1;2;1600;
96;81;1;2;1289;
69;75;1;2;1394;
74;52;1;2;625;
36;48;1;2;432;
26;40;1;2;547;
65;7;1;2;1147;
5;12;1;2;943;
28;65;1;2;1332;
35;82;1;2;1075;
48;4;1;2;549;
6;51;1;2;738;
37;19;1;2;1459;
12;45;1;2;1974;
46;80;1;2;1800;
27;5;1;2;2229;
29;22;1;2;262;
56;78;1;2;2374;
0;1;520;304;
1;1;536;565;
2;1;591;570;
3;1;597;794;
4;1;521;715;
5;1;543;989;
6;1;532;683;
7;1;542;769;
8;1;595;930;
9;1;552;1155;
10;1;565;1116;
11;1;518;1457;
12;1;512;1433;
13;1;595;1352;
14;1;553;1743;
15;1;592;1907;
16;1;528;2067;
17;1;533;2197;
18;1;597;2342;
19;1;507;2047;
20;1;527;2370;
21;1;540;2430;
22;1;532;2345;
23;1;550;2775;
24;1;571;2789;
25;1;517;2620;
26;1;515;3043;
27;1;561;3009;
28;1;531;2820;
29;1;550;2934;
30;1;526;3225;
31;1;558;3344;
32;1;573;3385;
33;1;522;3608;
34;1;571;3762;
35;1;537;3605;
36;1;580;3728;
37;1;559;3848;
38;1;514;4228;
39;1;589;3933;
40;1;513;4455;
41;1;571;4357;
42;1;543;4435;
43;1;557;4601;
44;1;537;4474;
45;1;560;4533;
46;1;503;5040;
47;1;518;4890;
48;1;507;4974;
49;1;595;5428;
