****12****
100
690;885;1;2;0;
632;234;1;2;0;
453;225;1;2;0;
856;340;1;2;0;
278;21;1;2;0;
245;408;1;2;0;
259;21;1;2;0;
916;899;1;2;0;
962;861;1;2;0;
522;32;1;2;0;
56;541;1;2;0;
909;469;1;2;0;
615;176;1;2;0;
338;559;1;2;0;
486;665;1;2;0;
968;175;1;2;0;
902;951;1;2;0;
408;706;1;2;0;
176;615;1;2;0;
45;805;1;2;0;
635;642;1;2;0;
212;246;1;2;0;
662;479;1;2;0;
144;975;1;2;0;
339;17;1;2;0;
358;746;1;2;0;
557;266;1;2;0;
567;171;1;2;0;
794;904;1;2;0;
81;279;1;2;0;
921;48;1;2;0;
806;822;1;2;0;
999;565;1;2;0;
879;526;1;2;0;
180;923;1;2;0;
330;814;1;2;0;
916;893;1;2;0;
411;577;1;2;0;
724;554;1;2;0;
903;414;1;2;0;
571;613;1;2;0;
160;479;1;2;0;
878;78;1;2;0;
650;23;1;2;0;
333;730;1;2;0;
654;253;1;2;0;
130;811;1;2;0;
426;480;1;2;0;
375;304;1;2;0;
5;554;1;2;0;
579;686;1;2;22544;
494;930;1;2;21579;
423;653;1;2;20999;
677;67;1;2;943;
289;578;1;2;17629;
519;655;1;2;21691;
893;987;1;2;17332;
546;592;1;2;4872;
356;369;1;2;23014;
731;673;1;2;24799;
636;603;1;2;9214;
355;448;1;2;13971;
485;870;1;2;20559;
520;899;1;2;15607;
477;539;1;2;1173;
912;57;1;2;11294;
997;950;1;2;9806;
163;847;1;2;13887;
810;555;1;2;23908;
288;637;1;2;4486;
770;272;1;2;11637;
289;627;1;2;17670;
89;463;1;2;20951;
542;334;1;2;22415;
413;810;1;2;20103;
213;721;1;2;5561;
19;69;1;2;5165;
812;583;1;2;6528;
547;744;1;2;3856;
651;31;1;2;22675;
427;800;1;2;8389;
157;88;1;2;10790;
335;177;1;2;1456;
734;70;1;2;1386;
383;835;1;2;13771;
218;399;1;2;8486;
462;418;1;2;11720;
359;581;1;2;11306;
751;479;1;2;16614;
400;130;1;2;654;
334;908;1;2;13228;
891;417;1;2;15794;
426;751;1;2;22325;
423;836;1;2;5626;
753;218;1;2;4056;
892;787;1;2;23284;
103;601;1;2;1850;
383;959;1;2;22315;
598;61;1;2;5307;
204;461;1;2;20239;
0;1;340;196;
1;1;126;178;
2;1;36;192;
3;1;356;163;
4;1;144;159;
5;1;235;181;
6;1;84;187;
7;1;48;195;
8;1;230;187;
9;1;153;184;
10;1;287;181;
11;1;419;197;
12;1;90;166;
13;1;158;177;
14;1;219;170;
15;1;193;160;
16;1;115;170;
17;1;38;152;
18;1;212;195;
19;1;314;155;
