****18****
100
490;367;1;2;0;
340;158;1;2;0;
368;1;1;2;0;
91;364;1;2;0;
670;339;1;2;0;
134;13;1;2;0;
654;694;1;2;0;
131;776;1;2;0;
561;746;1;2;0;
552;691;1;2;0;
889;753;1;2;0;
291;829;1;2;0;
972;565;1;2;0;
453;716;1;2;0;
344;516;1;2;0;
769;185;1;2;0;
234;108;1;2;0;
342;953;1;2;0;
109;785;1;2;0;
316;130;1;2;0;
475;802;1;2;0;
142;128;1;2;0;
495;272;1;2;0;
255;407;1;2;0;
18;806;1;2;0;
98;258;1;2;0;
910;740;1;2;0;
86;234;1;2;0;
657;538;1;2;0;
949;352;1;2;0;
405;717;1;2;0;
888;638;1;2;0;
177;582;1;2;0;
590;637;1;2;0;
366;258;1;2;0;
766;192;1;2;0;
411;907;1;2;0;
319;257;1;2;0;
179;573;1;2;0;
664;548;1;2;0;
730;113;1;2;0;
805;991;1;2;0;
204;243;1;2;0;
224;212;1;2;0;
780;173;1;2;0;
563;185;1;2;0;
241;451;1;2;0;
174;417;1;2;0;
384;764;1;2;0;
53;749;1;2;0;
373;170;1;2;4345;
783;77;1;2;19527;
39;607;1;2;708;
54;154;1;2;3866;
518;310;1;2;16835;
74;552;1;2;19709;
285;684;1;2;12683;
200;220;1;2;8505;
2;393;1;2;24796;
385;508;1;2;21675;
485;232;1;2;10024;
776;14;1;2;16691;
737;405;1;2;6544;
622;810;1;2;1556;
236;680;1;2;16702;
192;753;1;2;12613;
724;37;1;2;5982;
428;236;1;2;24732;
725;237;1;2;19120;
438;973;1;2;13014;
907;457;1;2;16346;
194;232;1;2;9354;
909;968;1;2;6277;
230;941;1;2;68;
56;528;1;2;10016;
192;72;1;2;17838;
231;795;1;2;24619;
305;223;1;2;23268;
246;947;1;2;1748;
283;736;1;2;15678;
828;642;1;2;22964;
605;188;1;2;2948;
395;96;1;2;2408;
293;678;1;2;24298;
1000;733;1;2;20236;
387;276;1;2;11552;
525;858;1;2;20203;
404;162;1;2;4375;
519;759;1;2;4318;
222;42;1;2;19827;
897;869;1;2;22576;
381;473;1;2;22588;
97;219;1;2;16049;
780;511;1;2;9504;
107;511;1;2;4509;
610;249;1;2;17765;
536;773;1;2;14133;
257;177;1;2;24594;
551;47;1;2;1127;
144;268;1;2;12853;
0;1;471;166;
1;1;384;192;
2;1;397;159;
3;1;152;193;
4;1;427;160;
5;1;124;190;
6;1;444;180;
7;1;152;163;
8;1;192;200;
9;1;358;177;
10;1;172;162;
11;1;483;200;
12;1;127;184;
13;1;98;199;
14;1;177;165;
15;1;264;199;
16;1;233;200;
17;1;143;179;
18;1;208;194;
19;1;473;184;
