****7****
100
569;314;1;2;0;
674;456;1;2;0;
862;949;1;2;0;
607;874;1;2;0;
406;335;1;2;0;
816;663;1;2;0;
946;138;1;2;0;
827;976;1;2;0;
211;283;1;2;0;
469;856;1;2;0;
133;495;1;2;0;
625;521;1;2;0;
578;901;1;2;0;
89;737;1;2;0;
293;429;1;2;0;
972;214;1;2;0;
94;997;1;2;0;
669;955;1;2;0;
945;275;1;2;0;
180;350;1;2;0;
961;347;1;2;0;
365;906;1;2;0;
484;543;1;2;0;
881;46;1;2;0;
826;701;1;2;0;
901;310;1;2;0;
195;877;1;2;0;
830;124;1;2;0;
130;270;1;2;0;
861;774;1;2;0;
50;184;1;2;0;
987;143;1;2;0;
533;655;1;2;0;
449;829;1;2;0;
281;980;1;2;0;
531;242;1;2;0;
326;895;1;2;0;
147;809;1;2;0;
789;380;1;2;0;
855;614;1;2;0;
80;107;1;2;0;
276;627;1;2;0;
336;457;1;2;0;
750;817;1;2;0;
727;962;1;2;0;
590;776;1;2;0;
498;577;1;2;0;
271;30;1;2;0;
583;719;1;2;0;
858;864;1;2;0;
51;388;1;2;21525;
376;634;1;2;126;
185;423;1;2;15951;
391;388;1;2;16035;
849;663;1;2;21538;
184;120;1;2;7799;
1000;198;1;2;19544;
942;973;1;2;1590;
518;243;1;2;6131;
452;314;1;2;9175;
315;364;1;2;3111;
771;91;1;2;20738;
726;275;1;2;22612;
59;17;1;2;6408;
472;866;1;2;23218;
511;401;1;2;7446;
652;753;1;2;19499;
106;46;1;2;20813;
705;563;1;2;10804;
685;366;1;2;19146;
874;33;1;2;11122;
451;803;1;2;14371;
14;880;1;2;2733;
350;939;1;2;6922;
426;410;1;2;24516;
165;273;1;2;3164;
374;276;1;2;21350;
781;381;1;2;528;
512;437;1;2;20924;
837;473;1;2;18190;
476;346;1;2;1823;
477;149;1;2;18349;
921;514;1;2;17894;
992;863;1;2;20904;
79;641;1;2;13917;
383;157;1;2;215;
791;530;1;2;12598;
952;662;1;2;20608;
157;525;1;2;834;
277;362;1;2;13905;
762;837;1;2;21243;
279;665;1;2;23710;
950;938;1;2;19292;
853;929;1;2;7848;
694;359;1;2;20788;
297;93;1;2;8575;
523;883;1;2;3657;
25;834;1;2;531;
258;991;1;2;20012;
280;267;1;2;2396;
0;1;273;178;
1;1;480;162;
2;1;158;194;
3;1;451;157;
4;1;81;151;
5;1;312;161;
6;1;18;155;
7;1;219;172;
8;1;301;161;
9;1;235;174;
10;1;194;179;
11;1;200;177;
12;1;236;159;
13;1;17;166;
14;1;88;185;
15;1;161;163;
16;1;14;190;
17;1;324;171;
18;1;136;175;
19;1;130;168;
