****10****
100
974;141;1;2;0;
708;956;1;2;0;
602;316;1;2;0;
564;402;1;2;0;
767;476;1;2;0;
428;213;1;2;0;
324;141;1;2;0;
637;173;1;2;0;
224;5;1;2;0;
450;625;1;2;0;
843;183;1;2;0;
564;897;1;2;0;
632;544;1;2;0;
273;317;1;2;0;
325;953;1;2;0;
846;298;1;2;0;
445;905;1;2;0;
605;46;1;2;0;
572;520;1;2;0;
448;338;1;2;0;
996;227;1;2;0;
550;671;1;2;0;
367;186;1;2;0;
843;590;1;2;0;
542;292;1;2;0;
566;384;1;2;0;
475;481;1;2;0;
281;458;1;2;0;
24;905;1;2;0;
127;700;1;2;0;
857;972;1;2;0;
349;301;1;2;0;
876;953;1;2;0;
699;448;1;2;0;
473;146;1;2;0;
137;820;1;2;0;
724;687;1;2;0;
490;442;1;2;0;
224;685;1;2;0;
31;766;1;2;0;
976;948;1;2;0;
501;802;1;2;0;
428;781;1;2;0;
612;803;1;2;0;
686;738;1;2;0;
503;894;1;2;0;
61;851;1;2;0;
547;288;1;2;0;
804;245;1;2;0;
87;628;1;2;0;
742;224;1;2;3981;
465;262;1;2;6356;
906;837;1;2;24491;
288;954;1;2;1405;
587;455;1;2;10394;
14;235;1;2;5979;
816;272;1;2;14173;
670;518;1;2;13552;
521;64;1;2;12128;
676;660;1;2;20881;
655;401;1;2;11866;
453;217;1;2;6880;
92;474;1;2;2130;
416;761;1;2;14480;
67;347;1;2;8625;
871;712;1;2;21879;
287;879;1;2;3765;
791;549;1;2;20102;
356;421;1;2;11086;
560;96;1;2;4323;
850;102;1;2;18399;
68;554;1;2;17637;
546;997;1;2;3698;
213;412;1;2;24498;
482;830;1;2;11546;
556;53;1;2;17903;
217;339;1;2;10240;
502;129;1;2;10324;
655;836;1;2;24868;
872;395;1;2;11225;
99;597;1;2;849;
727;664;1;2;22722;
570;561;1;2;10445;
239;774;1;2;13512;
19;607;1;2;8325;
146;514;1;2;5280;
335;731;1;2;14852;
403;584;1;2;23966;
371;238;1;2;2915;
407;461;1;2;9335;
890;560;1;2;18600;
474;286;1;2;19824;
963;207;1;2;17639;
449;797;1;2;16424;
698;816;1;2;7906;
776;313;1;2;711;
259;647;1;2;18965;
79;402;1;2;18680;
380;772;1;2;19958;
517;531;1;2;8886;
0;1;400;170;
1;1;222;177;
2;1;246;159;
3;1;21;160;
4;1;417;173;
5;1;8;164;
6;1;51;155;
7;1;381;184;
8;1;333;195;
9;1;431;193;
10;1;191;160;
11;1;373;194;
12;1;72;153;
13;1;68;174;
14;1;121;198;
15;1;288;170;
16;1;369;161;
17;1;398;164;
18;1;71;170;
19;1;174;187;
