****2****
100
69;597;1;2;0;
913;431;1;2;0;
843;123;1;2;0;
886;997;1;2;0;
90;221;1;2;0;
206;521;1;2;0;
429;73;1;2;0;
592;116;1;2;0;
363;412;1;2;0;
220;908;1;2;0;
732;469;1;2;0;
496;549;1;2;0;
694;462;1;2;0;
461;480;1;2;0;
10;832;1;2;0;
384;430;1;2;0;
428;296;1;2;0;
860;623;1;2;0;
418;98;1;2;0;
971;859;1;2;0;
318;176;1;2;0;
380;98;1;2;0;
601;971;1;2;0;
565;963;1;2;0;
382;136;1;2;0;
870;465;1;2;0;
605;365;1;2;0;
13;650;1;2;0;
178;825;1;2;0;
129;539;1;2;0;
656;864;1;2;0;
968;436;1;2;0;
159;180;1;2;0;
58;929;1;2;0;
277;380;1;2;0;
787;946;1;2;0;
556;166;1;2;0;
395;156;1;2;0;
136;960;1;2;0;
470;870;1;2;0;
95;340;1;2;0;
334;51;1;2;0;
56;699;1;2;0;
700;586;1;2;0;
523;181;1;2;0;
124;531;1;2;0;
44;92;1;2;0;
966;555;1;2;0;
623;375;1;2;0;
483;899;1;2;0;
754;269;1;2;20722;
309;787;1;2;4226;
816;274;1;2;18171;
286;143;1;2;4229;
977;829;1;2;8499;
32;879;1;2;16304;
969;401;1;2;10645;
93;283;1;2;24622;
536;248;1;2;5193;
158;974;1;2;5238;
408;728;1;2;1083;
603;388;1;2;4452;
192;204;1;2;8745;
93;841;1;2;5144;
88;817;1;2;6154;
485;200;1;2;2080;
582;521;1;2;17931;
859;613;1;2;5887;
532;500;1;2;24124;
758;657;1;2;17676;
819;64;1;2;14432;
148;18;1;2;1011;
615;561;1;2;13936;
355;653;1;2;26;
590;92;1;2;23154;
653;577;1;2;252;
594;510;1;2;19009;
640;721;1;2;7084;
616;252;1;2;4598;
543;361;1;2;17942;
92;179;1;2;22451;
720;678;1;2;13846;
88;292;1;2;23602;
658;999;1;2;22138;
421;588;1;2;11433;
351;241;1;2;4484;
481;186;1;2;15347;
483;825;1;2;9160;
449;792;1;2;6050;
914;335;1;2;20202;
35;778;1;2;4606;
923;850;1;2;10345;
476;937;1;2;21368;
942;594;1;2;19170;
60;366;1;2;11143;
621;717;1;2;5690;
111;549;1;2;4891;
110;384;1;2;1675;
829;832;1;2;1931;
799;746;1;2;9277;
0;1;333;182;
1;1;33;196;
2;1;55;182;
3;1;289;182;
4;1;170;173;
5;1;323;166;
6;1;355;184;
7;1;481;176;
8;1;355;197;
9;1;390;167;
10;1;98;189;
11;1;426;181;
12;1;416;154;
13;1;312;183;
14;1;404;159;
15;1;388;186;
16;1;41;171;
17;1;134;197;
18;1;154;172;
19;1;328;174;
