****1****
100
645;961;1;2;0;
619;471;1;2;0;
426;489;1;2;0;
877;797;1;2;0;
462;752;1;2;0;
391;636;1;2;0;
76;478;1;2;0;
17;601;1;2;0;
253;929;1;2;0;
862;585;1;2;0;
702;831;1;2;0;
702;600;1;2;0;
84;714;1;2;0;
636;362;1;2;0;
989;847;1;2;0;
428;985;1;2;0;
159;399;1;2;0;
808;584;1;2;0;
239;684;1;2;0;
381;53;1;2;0;
787;771;1;2;0;
688;215;1;2;0;
600;56;1;2;0;
815;853;1;2;0;
336;28;1;2;0;
789;37;1;2;0;
210;490;1;2;0;
988;294;1;2;0;
203;975;1;2;0;
7;544;1;2;0;
173;435;1;2;0;
880;331;1;2;0;
185;687;1;2;0;
915;775;1;2;0;
723;647;1;2;0;
827;861;1;2;0;
769;866;1;2;0;
75;369;1;2;0;
921;241;1;2;0;
221;608;1;2;0;
620;361;1;2;0;
644;830;1;2;0;
203;983;1;2;0;
475;405;1;2;0;
309;481;1;2;0;
300;481;1;2;0;
267;532;1;2;0;
812;451;1;2;0;
570;78;1;2;0;
578;292;1;2;0;
724;404;1;2;365;
492;270;1;2;15732;
860;542;1;2;2415;
432;150;1;2;23710;
145;145;1;2;3491;
347;480;1;2;2460;
103;788;1;2;6336;
403;269;1;2;9556;
286;432;1;2;13751;
855;509;1;2;8514;
499;232;1;2;23380;
3;75;1;2;24101;
581;287;1;2;10662;
752;70;1;2;11292;
895;214;1;2;6888;
514;560;1;2;13086;
960;663;1;2;22205;
886;417;1;2;12444;
78;54;1;2;17703;
73;908;1;2;5765;
645;406;1;2;15745;
973;760;1;2;11448;
569;341;1;2;3025;
59;444;1;2;18350;
50;338;1;2;4960;
538;204;1;2;3792;
504;515;1;2;16187;
610;400;1;2;22842;
984;477;1;2;11924;
789;902;1;2;16008;
454;546;1;2;7411;
702;518;1;2;9249;
25;439;1;2;14503;
633;849;1;2;2835;
311;251;1;2;22955;
555;788;1;2;3353;
358;643;1;2;3235;
175;605;1;2;24441;
760;588;1;2;8269;
750;377;1;2;18471;
295;182;1;2;13559;
950;884;1;2;21411;
13;908;1;2;13877;
767;540;1;2;6115;
669;203;1;2;7170;
909;757;1;2;3425;
703;114;1;2;7967;
12;640;1;2;17999;
719;751;1;2;20964;
255;500;1;2;11813;
0;1;44;196;
1;1;476;177;
2;1;96;161;
3;1;231;158;
4;1;118;173;
5;1;226;159;
6;1;363;195;
7;1;211;154;
8;1;155;167;
9;1;483;157;
10;1;80;159;
11;1;368;171;
12;1;187;189;
13;1;321;153;
14;1;45;170;
15;1;398;189;
16;1;466;175;
17;1;467;161;
18;1;435;197;
19;1;20;154;
