****9****
100
28;10;1;2;0;
14;26;1;2;0;
89;12;1;2;0;
70;31;1;2;0;
31;58;1;2;0;
22;39;1;2;0;
55;65;1;2;0;
79;99;1;2;0;
20;51;1;2;0;
7;18;1;2;0;
40;36;1;2;0;
69;78;1;2;0;
86;54;1;2;0;
38;14;1;2;0;
8;74;1;2;0;
32;87;1;2;0;
83;97;1;2;0;
13;23;1;2;0;
60;34;1;2;0;
5;90;1;2;0;
91;78;1;2;0;
29;98;1;2;0;
94;59;1;2;0;
96;13;1;2;0;
9;54;1;2;0;
82;100;1;2;0;
41;2;1;2;0;
30;26;1;2;0;
56;19;1;2;0;
39;15;1;2;0;
44;22;1;2;0;
53;78;1;2;0;
70;17;1;2;0;
100;29;1;2;0;
51;56;1;2;0;
71;93;1;2;0;
85;51;1;2;0;
42;79;1;2;0;
9;89;1;2;0;
43;69;1;2;0;
94;25;1;2;0;
20;34;1;2;0;
26;49;1;2;0;
59;33;1;2;0;
19;49;1;2;0;
47;62;1;2;0;
22;52;1;2;0;
39;91;1;2;0;
68;90;1;2;0;
72;18;1;2;0;
45;42;1;2;1345;
30;44;1;2;772;
60;4;1;2;180;
2;72;1;2;842;
78;43;1;2;1238;
4;44;1;2;1865;
88;62;1;2;2184;
87;24;1;2;1489;
38;14;1;2;686;
5;4;1;2;1239;
75;48;1;2;414;
37;29;1;2;78;
92;88;1;2;2448;
36;42;1;2;238;
74;19;1;2;2350;
45;74;1;2;2068;
26;62;1;2;623;
56;48;1;2;2357;
60;85;1;2;378;
54;41;1;2;961;
19;15;1;2;1113;
29;3;1;2;2082;
30;95;1;2;1444;
86;82;1;2;1761;
65;7;1;2;1728;
86;51;1;2;782;
51;29;1;2;632;
29;84;1;2;354;
82;95;1;2;1605;
48;48;1;2;709;
18;18;1;2;2446;
87;46;1;2;654;
36;27;1;2;1113;
25;12;1;2;1504;
55;28;1;2;165;
56;14;1;2;839;
78;16;1;2;388;
13;44;1;2;998;
47;77;1;2;1659;
13;76;1;2;554;
71;93;1;2;1429;
96;31;1;2;2191;
24;19;1;2;423;
97;43;1;2;1074;
52;98;1;2;1883;
66;5;1;2;199;
30;82;1;2;590;
22;46;1;2;1180;
1;92;1;2;1825;
75;56;1;2;408;
0;1;597;464;
1;1;574;517;
2;1;574;291;
3;1;520;368;
4;1;574;686;
5;1;545;921;
6;1;510;738;
7;1;566;905;
8;1;514;943;
9;1;531;1134;
10;1;503;1386;
11;1;516;1503;
12;1;542;1347;
13;1;543;1516;
14;1;543;1482;
15;1;527;1582;
16;1;527;1623;
17;1;574;1893;
18;1;508;2016;
19;1;552;2024;
20;1;528;2100;
21;1;549;2640;
22;1;545;2365;
23;1;600;2509;
24;1;587;2758;
25;1;552;2620;
26;1;546;2636;
27;1;592;3246;
28;1;586;2839;
29;1;585;3094;
30;1;535;3050;
31;1;518;3197;
32;1;563;3599;
33;1;517;3631;
34;1;536;3840;
35;1;554;3688;
36;1;517;3980;
37;1;503;3999;
38;1;520;3861;
39;1;522;3928;
40;1;535;4094;
41;1;551;4389;
42;1;543;4704;
43;1;518;4739;
44;1;580;4793;
45;1;560;4614;
46;1;564;4784;
47;1;580;4897;
48;1;520;5135;
49;1;599;5473;
