****0****
100
405;296;1;2;0;
681;890;1;2;0;
945;364;1;2;0;
700;828;1;2;0;
801;693;1;2;0;
21;835;1;2;0;
953;613;1;2;0;
227;888;1;2;0;
668;40;1;2;0;
826;136;1;2;0;
297;986;1;2;0;
897;279;1;2;0;
603;917;1;2;0;
265;352;1;2;0;
974;181;1;2;0;
4;379;1;2;0;
829;684;1;2;0;
620;773;1;2;0;
47;671;1;2;0;
952;848;1;2;0;
364;973;1;2;0;
34;668;1;2;0;
585;260;1;2;0;
555;604;1;2;0;
652;732;1;2;0;
739;300;1;2;0;
69;635;1;2;0;
578;672;1;2;0;
551;194;1;2;0;
375;877;1;2;0;
375;378;1;2;0;
607;555;1;2;0;
62;226;1;2;0;
327;108;1;2;0;
896;631;1;2;0;
307;611;1;2;0;
603;341;1;2;0;
279;539;1;2;0;
952;185;1;2;0;
142;603;1;2;0;
917;232;1;2;0;
903;337;1;2;0;
866;832;1;2;0;
360;768;1;2;0;
26;735;1;2;0;
996;752;1;2;0;
112;954;1;2;0;
306;173;1;2;0;
179;984;1;2;0;
633;427;1;2;0;
966;939;1;2;8912;
920;631;1;2;2427;
458;583;1;2;1398;
951;537;1;2;23573;
534;791;1;2;11575;
751;623;1;2;12140;
519;1000;1;2;10113;
866;103;1;2;14424;
820;760;1;2;11264;
350;95;1;2;9849;
128;61;1;2;23984;
517;980;1;2;6959;
535;790;1;2;3513;
386;92;1;2;21898;
857;626;1;2;4790;
313;376;1;2;5058;
480;246;1;2;7251;
381;464;1;2;4551;
41;283;1;2;3072;
226;632;1;2;3493;
395;112;1;2;7903;
503;628;1;2;22157;
241;162;1;2;21402;
561;900;1;2;19049;
769;756;1;2;9844;
768;420;1;2;21004;
741;251;1;2;12995;
65;631;1;2;8431;
491;24;1;2;3095;
28;249;1;2;6300;
12;996;1;2;5324;
55;498;1;2;9080;
430;90;1;2;24491;
946;2;1;2;706;
554;122;1;2;15796;
786;890;1;2;6332;
98;982;1;2;9457;
656;47;1;2;12529;
324;889;1;2;7221;
979;269;1;2;4797;
265;280;1;2;17353;
662;686;1;2;14376;
38;468;1;2;9569;
575;413;1;2;1949;
364;966;1;2;17910;
908;104;1;2;14489;
223;201;1;2;21745;
141;856;1;2;1422;
338;532;1;2;5825;
909;510;1;2;15274;
0;1;81;176;
1;1;136;198;
2;1;287;172;
3;1;264;176;
4;1;141;169;
5;1;250;153;
6;1;475;163;
7;1;19;155;
8;1;20;172;
9;1;23;195;
10;1;174;175;
11;1;235;180;
12;1;173;174;
13;1;413;162;
14;1;333;172;
15;1;118;165;
16;1;399;154;
17;1;13;185;
18;1;427;176;
19;1;212;167;
