****5****
100
63;64;1;2;0;
76;66;1;2;0;
4;44;1;2;0;
81;7;1;2;0;
21;73;1;2;0;
16;37;1;2;0;
57;72;1;2;0;
36;39;1;2;0;
76;2;1;2;0;
88;77;1;2;0;
16;33;1;2;0;
84;27;1;2;0;
99;24;1;2;0;
46;61;1;2;0;
13;50;1;2;0;
90;75;1;2;0;
13;65;1;2;0;
93;69;1;2;0;
60;73;1;2;0;
75;32;1;2;0;
46;90;1;2;0;
68;54;1;2;0;
13;55;1;2;0;
92;88;1;2;0;
8;31;1;2;0;
64;23;1;2;0;
64;99;1;2;0;
49;62;1;2;0;
22;46;1;2;0;
75;87;1;2;0;
96;64;1;2;0;
13;60;1;2;0;
80;5;1;2;0;
28;39;1;2;0;
78;54;1;2;0;
71;75;1;2;0;
95;90;1;2;0;
28;7;1;2;0;
45;71;1;2;0;
94;52;1;2;0;
1;9;1;2;0;
27;64;1;2;0;
8;27;1;2;0;
78;81;1;2;0;
73;52;1;2;0;
19;20;1;2;0;
15;32;1;2;0;
79;94;1;2;0;
36;59;1;2;0;
84;65;1;2;0;
12;6;1;2;164;
59;96;1;2;206;
65;92;1;2;709;
11;95;1;2;1189;
71;73;1;2;2040;
30;100;1;2;434;
11;24;1;2;1895;
81;43;1;2;213;
12;21;1;2;1892;
100;79;1;2;282;
64;43;1;2;97;
55;1;1;2;1459;
72;17;1;2;150;
12;79;1;2;781;
52;50;1;2;340;
7;79;1;2;983;
92;41;1;2;989;
75;74;1;2;54;
25;85;1;2;17;
71;84;1;2;2098;
49;100;1;2;2067;
37;54;1;2;693;
19;77;1;2;2105;
45;40;1;2;445;
17;43;1;2;950;
9;50;1;2;2338;
53;93;1;2;1102;
71;67;1;2;2233;
80;43;1;2;1482;
13;14;1;2;515;
24;14;1;2;2306;
78;2;1;2;2019;
83;21;1;2;2366;
5;17;1;2;1552;
58;33;1;2;770;
59;93;1;2;2061;
43;45;1;2;858;
68;68;1;2;1559;
17;99;1;2;1878;
99;11;1;2;1203;
69;34;1;2;2323;
85;11;1;2;333;
7;94;1;2;1695;
5;50;1;2;1558;
94;59;1;2;707;
74;18;1;2;1981;
55;12;1;2;1363;
80;79;1;2;2348;
72;48;1;2;2486;
58;98;1;2;1796;
0;1;509;51;
1;1;536;196;
2;1;551;567;
3;1;591;390;
4;1;592;568;
5;1;565;797;
6;1;535;977;
7;1;552;1044;
8;1;532;1116;
9;1;556;1209;
10;1;532;1486;
11;1;518;1384;
12;1;577;1769;
13;1;510;1578;
14;1;598;1428;
15;1;571;1943;
16;1;573;1939;
17;1;530;2154;
18;1;504;2236;
19;1;535;2011;
20;1;553;2095;
21;1;540;2119;
22;1;556;2414;
23;1;564;2574;
24;1;563;2934;
25;1;577;2703;
26;1;501;3082;
27;1;508;2752;
28;1;586;3068;
29;1;597;3072;
30;1;576;3474;
31;1;540;3319;
32;1;525;3420;
33;1;526;3613;
34;1;545;3684;
35;1;579;3987;
36;1;510;3899;
37;1;589;4122;
38;1;512;3843;
39;1;556;4421;
40;1;575;4083;
41;1;519;4388;
42;1;529;4295;
43;1;556;4493;
44;1;595;4746;
45;1;548;4965;
46;1;571;4986;
47;1;521;5084;
48;1;559;5313;
49;1;578;5199;
