5900
5850
5849
5846
5843
5843
5843
5842
5842
5839
5839
5839
5839
5839
5839
5839
5839
5839
5839
5839
5839
5839
5839
5839
5839
5839
5839
5839
5839
5839
5839
5839
5839
5839
5839
5839
5839
5839
5839
5839
5839
5839
5839
5839
5839
5839
5839
5839
5839
5839
5839
5839
5839
5839
5839
5839
5839
5839
5839
5839
5839
5839
5839
5839
5839
5839
5839
5839
5839
5839
5839
5839
5839
5839
5839
5839
5839
5839
5839
5839
5839
5839
5839
5839
5839
5839
5839
5839
5839
5839
5839
5839
5839
5839
5839
5839
5839
5839
5839
5839
5839
5839
5839
5839
5839
5839
5838
5838
5838
5838
5838
5838
5838
5838
5838
5838
5838
5838
5838
5838
5838
5838
5832
5832
5832
5832
5832
5832
5832
5831
5831
5830
5830
5830
5830
5830
5830
5830
5830
5830
5830
5830
5830
5830
5830
5830
5830
5830
5830
5830
5830
5830
5830
