6029
5983
5983
5983
5983
5983
5982
5980
5976
5971
5967
5966
5966
5964
5964
5964
5964
5964
5964
5964
5964
5964
5964
5964
5961
5961
5961
5961
5961
5961
5961
5961
5961
5960
5960
5960
5960
5960
5960
5960
5960
5960
5960
5960
5960
5960
5960
5960
5960
5960
5960
5960
5960
5960
5960
5960
5960
5960
5960
5960
5960
5960
5960
5960
5960
5960
5960
5960
5960
5960
5960
5960
5960
5960
5960
5960
5960
5960
5960
5960
5960
5960
5960
5960
5960
5960
5960
5960
5960
5960
5960
5960
5960
5960
5960
5960
5960
5960
5960
5960
5960
5960
5960
5960
5960
5960
5960
5960
5960
5960
5960
5960
5960
5960
5960
5960
5960
5960
5960
5960
5960
5960
5960
5960
5960
5960
5960
5960
5960
5960
5960
5960
5960
5960
5960
5960
5960
5960
5960
5960
5960
5960
5960
5960
5960
5960
5960
5960
5960
5960
5960
5960
5960
