****8****
100
95;60;1;2;0;
92;26;1;2;0;
29;55;1;2;0;
21;20;1;2;0;
5;34;1;2;0;
78;76;1;2;0;
74;21;1;2;0;
71;76;1;2;0;
54;14;1;2;0;
72;67;1;2;0;
61;91;1;2;0;
21;98;1;2;0;
84;94;1;2;0;
39;88;1;2;0;
51;80;1;2;0;
53;97;1;2;0;
39;44;1;2;0;
22;67;1;2;0;
51;42;1;2;0;
86;7;1;2;0;
28;15;1;2;0;
34;53;1;2;0;
88;56;1;2;0;
28;41;1;2;0;
70;51;1;2;0;
59;82;1;2;0;
93;31;1;2;0;
79;76;1;2;0;
24;18;1;2;0;
16;26;1;2;0;
97;20;1;2;0;
75;36;1;2;0;
15;96;1;2;0;
54;17;1;2;0;
90;92;1;2;0;
23;17;1;2;0;
6;57;1;2;0;
21;93;1;2;0;
12;100;1;2;0;
85;33;1;2;0;
50;96;1;2;0;
15;94;1;2;0;
26;93;1;2;0;
70;2;1;2;0;
10;37;1;2;0;
27;59;1;2;0;
56;1;1;2;0;
46;22;1;2;0;
49;99;1;2;0;
39;38;1;2;0;
90;61;1;2;1920;
96;69;1;2;1975;
40;33;1;2;12;
25;65;1;2;937;
72;79;1;2;2393;
97;72;1;2;189;
98;33;1;2;2390;
77;91;1;2;27;
77;88;1;2;288;
77;87;1;2;609;
14;28;1;2;1359;
71;75;1;2;1432;
96;15;1;2;209;
72;91;1;2;298;
49;62;1;2;1144;
20;10;1;2;1714;
11;8;1;2;1465;
39;36;1;2;682;
73;64;1;2;780;
29;41;1;2;730;
23;54;1;2;1317;
30;25;1;2;1510;
57;72;1;2;918;
16;96;1;2;1201;
39;96;1;2;2041;
41;67;1;2;2399;
18;78;1;2;2379;
76;68;1;2;1663;
28;40;1;2;2399;
67;21;1;2;1646;
45;95;1;2;532;
50;76;1;2;976;
29;32;1;2;2454;
23;47;1;2;2480;
58;38;1;2;1991;
7;30;1;2;880;
17;48;1;2;1839;
34;75;1;2;2260;
86;2;1;2;2167;
53;20;1;2;1851;
9;16;1;2;1923;
22;65;1;2;1239;
11;94;1;2;1231;
71;68;1;2;2114;
79;77;1;2;1682;
34;35;1;2;1081;
3;51;1;2;2026;
2;84;1;2;982;
67;69;1;2;1134;
24;74;1;2;764;
0;1;1;0;
1;1;5;102;
2;1;5;201;
3;1;20;304;
4;1;15;402;
5;1;37;513;
6;1;27;605;
7;1;10;700;
8;1;50;844;
9;1;37;901;
10;1;45;1013;
11;1;6;1104;
12;1;46;1209;
13;1;49;1320;
14;1;48;1419;
15;1;4;1503;
16;1;5;1600;
17;1;20;1710;
18;1;32;1822;
19;1;27;1904;
20;1;39;2023;
21;1;31;2125;
22;1;30;2209;
23;1;8;2307;
24;1;34;2421;
25;1;34;2504;
26;1;24;2612;
27;1;9;2705;
28;1;14;2808;
29;1;34;2918;
