****4****
100
14;69;1;2;0;
50;58;1;2;0;
37;98;1;2;0;
93;40;1;2;0;
21;56;1;2;0;
48;24;1;2;0;
79;36;1;2;0;
24;82;1;2;0;
88;84;1;2;0;
32;88;1;2;0;
59;70;1;2;0;
23;25;1;2;0;
71;54;1;2;0;
84;77;1;2;0;
8;29;1;2;0;
76;21;1;2;0;
50;77;1;2;0;
31;86;1;2;0;
75;23;1;2;0;
77;47;1;2;0;
30;76;1;2;0;
22;8;1;2;0;
11;45;1;2;0;
90;51;1;2;0;
80;21;1;2;0;
38;90;1;2;0;
43;12;1;2;0;
67;13;1;2;0;
17;50;1;2;0;
41;77;1;2;0;
30;16;1;2;0;
97;31;1;2;0;
93;79;1;2;0;
68;19;1;2;0;
53;44;1;2;0;
17;82;1;2;0;
19;39;1;2;0;
90;30;1;2;0;
35;31;1;2;0;
80;15;1;2;0;
3;69;1;2;0;
4;45;1;2;0;
32;70;1;2;0;
9;49;1;2;0;
71;49;1;2;0;
25;53;1;2;0;
17;73;1;2;0;
83;61;1;2;0;
4;51;1;2;0;
31;56;1;2;0;
46;47;1;2;1993;
65;37;1;2;2268;
46;72;1;2;786;
77;38;1;2;1258;
97;41;1;2;1148;
28;63;1;2;1777;
28;85;1;2;1203;
4;37;1;2;2074;
29;72;1;2;1475;
32;22;1;2;144;
39;19;1;2;2353;
28;83;1;2;345;
10;80;1;2;363;
70;56;1;2;208;
85;4;1;2;2031;
44;32;1;2;375;
63;11;1;2;351;
79;67;1;2;1165;
63;95;1;2;2423;
7;78;1;2;1214;
33;16;1;2;895;
54;96;1;2;2293;
63;5;1;2;1331;
95;27;1;2;838;
64;63;1;2;333;
73;6;1;2;1820;
49;20;1;2;1752;
57;99;1;2;1159;
5;13;1;2;2103;
25;72;1;2;624;
17;4;1;2;261;
28;9;1;2;509;
22;23;1;2;1133;
99;69;1;2;419;
31;32;1;2;2132;
67;57;1;2;2414;
86;5;1;2;544;
68;61;1;2;227;
15;17;1;2;1036;
9;41;1;2;1950;
27;58;1;2;610;
13;37;1;2;1869;
94;58;1;2;1076;
32;56;1;2;1091;
47;39;1;2;2126;
25;5;1;2;1211;
59;43;1;2;1223;
13;62;1;2;14;
17;28;1;2;1250;
86;36;1;2;2358;
0;1;27;10;
1;1;19;117;
2;1;27;226;
3;1;28;320;
4;1;15;400;
5;1;4;501;
6;1;2;601;
7;1;10;701;
8;1;28;800;
9;1;18;908;
10;1;11;1005;
11;1;1;1100;
12;1;8;1201;
13;1;1;1300;
14;1;7;1404;
15;1;38;1524;
16;1;1;1600;
17;1;5;1701;
18;1;12;1809;
19;1;49;1941;
20;1;39;2028;
21;1;50;2141;
22;1;6;2204;
23;1;26;2306;
24;1;27;2418;
25;1;21;2505;
26;1;1;2600;
27;1;10;2709;
28;1;43;2842;
29;1;38;2930;
