****14****
100
98;49;1;2;0;
94;3;1;2;0;
24;54;1;2;0;
83;9;1;2;0;
29;15;1;2;0;
41;71;1;2;0;
63;9;1;2;0;
34;9;1;2;0;
73;81;1;2;0;
54;13;1;2;0;
70;97;1;2;0;
66;80;1;2;0;
88;68;1;2;0;
100;74;1;2;0;
10;25;1;2;0;
95;59;1;2;0;
73;40;1;2;0;
13;48;1;2;0;
93;95;1;2;0;
8;21;1;2;0;
9;100;1;2;0;
43;23;1;2;0;
9;29;1;2;0;
32;81;1;2;0;
9;85;1;2;0;
46;30;1;2;0;
33;11;1;2;0;
9;21;1;2;0;
30;8;1;2;0;
46;91;1;2;0;
84;92;1;2;0;
49;9;1;2;0;
83;62;1;2;0;
8;75;1;2;0;
8;68;1;2;0;
48;69;1;2;0;
67;42;1;2;0;
91;27;1;2;0;
70;22;1;2;0;
60;30;1;2;0;
59;5;1;2;0;
60;91;1;2;0;
67;20;1;2;0;
63;49;1;2;0;
80;61;1;2;0;
39;15;1;2;0;
52;88;1;2;0;
23;35;1;2;0;
1;83;1;2;0;
61;8;1;2;0;
50;8;1;2;1522;
16;2;1;2;1256;
43;71;1;2;2453;
2;1;1;2;1364;
58;12;1;2;681;
76;31;1;2;2059;
24;62;1;2;1906;
63;77;1;2;1739;
2;51;1;2;600;
2;33;1;2;122;
61;82;1;2;2284;
89;50;1;2;749;
7;92;1;2;1123;
98;45;1;2;702;
48;2;1;2;1800;
40;77;1;2;2024;
46;53;1;2;1860;
13;15;1;2;2032;
31;16;1;2;1378;
35;69;1;2;1766;
51;29;1;2;1768;
75;17;1;2;1538;
100;75;1;2;1298;
48;73;1;2;945;
47;20;1;2;402;
58;11;1;2;837;
51;56;1;2;89;
5;68;1;2;1967;
36;50;1;2;1839;
69;36;1;2;665;
86;87;1;2;75;
85;13;1;2;1588;
33;65;1;2;1464;
72;12;1;2;2155;
7;58;1;2;26;
95;67;1;2;758;
60;17;1;2;1412;
76;22;1;2;1395;
59;9;1;2;2446;
8;29;1;2;163;
26;14;1;2;2174;
72;99;1;2;759;
86;83;1;2;1668;
75;7;1;2;1024;
36;13;1;2;2035;
16;60;1;2;1498;
58;19;1;2;1437;
56;46;1;2;1212;
25;56;1;2;359;
43;16;1;2;254;
0;1;49;14;
1;1;1;100;
2;1;12;208;
3;1;50;346;
4;1;34;409;
5;1;22;515;
6;1;4;602;
7;1;4;702;
8;1;25;814;
9;1;6;905;
10;1;33;1000;
11;1;39;1135;
12;1;31;1203;
13;1;38;1317;
14;1;8;1402;
15;1;25;1505;
16;1;43;1602;
17;1;49;1732;
18;1;28;1815;
19;1;5;1902;
20;1;17;2016;
21;1;4;2101;
22;1;36;2205;
23;1;18;2303;
24;1;22;2415;
25;1;46;2544;
26;1;5;2600;
27;1;39;2725;
28;1;1;2800;
29;1;25;2907;
