****6****
100
76;35;1;2;0;
2;23;1;2;0;
5;71;1;2;0;
50;45;1;2;0;
70;24;1;2;0;
21;25;1;2;0;
54;5;1;2;0;
85;60;1;2;0;
14;69;1;2;0;
98;4;1;2;0;
49;89;1;2;0;
7;43;1;2;0;
87;35;1;2;0;
19;23;1;2;0;
56;7;1;2;0;
27;31;1;2;0;
93;28;1;2;0;
6;49;1;2;0;
50;7;1;2;0;
46;20;1;2;0;
82;66;1;2;0;
96;35;1;2;0;
70;80;1;2;0;
95;35;1;2;0;
1;44;1;2;0;
38;1;1;2;0;
33;96;1;2;0;
43;71;1;2;0;
30;61;1;2;0;
45;37;1;2;0;
19;71;1;2;0;
20;11;1;2;0;
51;25;1;2;0;
12;100;1;2;0;
31;57;1;2;0;
71;12;1;2;0;
22;66;1;2;0;
98;43;1;2;0;
98;92;1;2;0;
77;98;1;2;0;
36;66;1;2;0;
98;20;1;2;0;
13;92;1;2;0;
90;94;1;2;0;
4;86;1;2;0;
30;22;1;2;0;
56;1;1;2;0;
84;6;1;2;0;
25;95;1;2;0;
58;7;1;2;0;
3;28;1;2;1089;
24;46;1;2;1539;
18;43;1;2;2109;
46;92;1;2;2172;
63;41;1;2;2312;
75;32;1;2;1851;
20;35;1;2;652;
2;8;1;2;241;
2;91;1;2;2284;
27;38;1;2;1044;
85;40;1;2;1314;
55;16;1;2;1077;
22;33;1;2;2440;
84;31;1;2;1629;
82;93;1;2;1284;
50;20;1;2;2391;
8;39;1;2;796;
2;92;1;2;438;
52;94;1;2;2175;
60;72;1;2;1000;
24;56;1;2;1965;
68;62;1;2;2148;
57;35;1;2;635;
40;19;1;2;487;
14;100;1;2;402;
80;49;1;2;786;
77;8;1;2;175;
8;10;1;2;2034;
46;13;1;2;1894;
27;72;1;2;82;
96;48;1;2;1921;
57;15;1;2;1005;
33;24;1;2;1368;
94;63;1;2;121;
36;29;1;2;1937;
71;60;1;2;1630;
77;37;1;2;1048;
74;44;1;2;849;
62;90;1;2;1272;
43;68;1;2;2103;
47;15;1;2;1885;
58;24;1;2;1934;
31;8;1;2;829;
91;1;1;2;1004;
16;89;1;2;1594;
93;59;1;2;1380;
18;88;1;2;253;
2;61;1;2;1510;
96;22;1;2;590;
54;16;1;2;2169;
0;1;33;21;
1;1;25;111;
2;1;21;219;
3;1;5;303;
4;1;5;400;
5;1;46;539;
6;1;1;600;
7;1;48;733;
8;1;3;800;
9;1;30;911;
10;1;43;1037;
11;1;26;1116;
12;1;33;1200;
13;1;26;1301;
14;1;26;1402;
15;1;31;1506;
16;1;4;1602;
17;1;23;1722;
18;1;4;1800;
19;1;32;1900;
20;1;49;2016;
21;1;20;2109;
22;1;39;2238;
23;1;11;2306;
24;1;24;2407;
25;1;15;2508;
26;1;25;2614;
27;1;23;2700;
28;1;14;2806;
29;1;30;2918;
