****5****
100
99;75;1;2;0;
31;51;1;2;0;
32;37;1;2;0;
77;46;1;2;0;
70;28;1;2;0;
73;60;1;2;0;
81;22;1;2;0;
54;36;1;2;0;
35;29;1;2;0;
69;11;1;2;0;
23;41;1;2;0;
50;75;1;2;0;
62;11;1;2;0;
35;56;1;2;0;
23;24;1;2;0;
4;73;1;2;0;
99;87;1;2;0;
75;82;1;2;0;
75;52;1;2;0;
27;45;1;2;0;
31;52;1;2;0;
56;11;1;2;0;
25;61;1;2;0;
47;59;1;2;0;
89;67;1;2;0;
70;64;1;2;0;
7;71;1;2;0;
38;21;1;2;0;
33;24;1;2;0;
76;8;1;2;0;
48;32;1;2;0;
32;98;1;2;0;
18;7;1;2;0;
79;92;1;2;0;
10;58;1;2;0;
88;40;1;2;0;
9;96;1;2;0;
50;33;1;2;0;
56;48;1;2;0;
92;97;1;2;0;
66;13;1;2;0;
60;73;1;2;0;
35;49;1;2;0;
45;19;1;2;0;
73;20;1;2;0;
26;20;1;2;0;
3;58;1;2;0;
69;20;1;2;0;
64;47;1;2;0;
64;25;1;2;0;
56;51;1;2;621;
64;46;1;2;60;
49;54;1;2;996;
92;50;1;2;791;
4;9;1;2;1187;
90;57;1;2;97;
8;81;1;2;312;
34;52;1;2;1104;
43;20;1;2;2227;
58;19;1;2;875;
82;74;1;2;1024;
45;38;1;2;1175;
9;86;1;2;1634;
21;77;1;2;940;
51;32;1;2;150;
52;73;1;2;1202;
98;80;1;2;1897;
15;65;1;2;1197;
86;7;1;2;2282;
77;64;1;2;312;
31;97;1;2;1225;
40;41;1;2;1156;
94;2;1;2;260;
1;74;1;2;161;
57;24;1;2;1530;
73;76;1;2;1695;
97;73;1;2;918;
54;39;1;2;1198;
11;24;1;2;335;
91;53;1;2;2126;
37;35;1;2;1091;
56;74;1;2;352;
17;67;1;2;2474;
62;67;1;2;948;
88;75;1;2;1568;
44;99;1;2;521;
73;48;1;2;407;
33;1;1;2;1538;
57;63;1;2;15;
88;53;1;2;571;
87;89;1;2;1576;
82;97;1;2;1557;
69;13;1;2;1687;
58;26;1;2;1103;
20;13;1;2;741;
57;57;1;2;757;
70;81;1;2;2350;
54;13;1;2;2417;
29;69;1;2;2159;
79;9;1;2;1355;
0;1;33;23;
1;1;24;100;
2;1;28;211;
3;1;29;313;
4;1;34;417;
5;1;5;503;
6;1;3;600;
7;1;24;711;
8;1;33;808;
9;1;46;933;
10;1;12;1010;
11;1;7;1106;
12;1;33;1226;
13;1;44;1328;
14;1;17;1411;
15;1;47;1506;
16;1;48;1609;
17;1;18;1716;
18;1;39;1826;
19;1;25;1923;
20;1;5;2003;
21;1;35;2113;
22;1;5;2202;
23;1;35;2333;
24;1;41;2435;
25;1;42;2517;
26;1;43;2629;
27;1;27;2710;
28;1;35;2801;
29;1;39;2900;
