****3****
100
20;68;1;2;0;
9;7;1;2;0;
71;37;1;2;0;
86;25;1;2;0;
88;92;1;2;0;
50;46;1;2;0;
84;20;1;2;0;
33;83;1;2;0;
8;59;1;2;0;
91;16;1;2;0;
24;15;1;2;0;
26;1;1;2;0;
93;99;1;2;0;
68;55;1;2;0;
82;51;1;2;0;
46;54;1;2;0;
18;55;1;2;0;
60;41;1;2;0;
43;46;1;2;0;
65;30;1;2;0;
37;67;1;2;0;
75;73;1;2;0;
86;8;1;2;0;
55;93;1;2;0;
18;97;1;2;0;
60;41;1;2;0;
63;85;1;2;0;
94;55;1;2;0;
83;61;1;2;0;
61;17;1;2;0;
63;7;1;2;0;
70;32;1;2;0;
13;29;1;2;0;
72;7;1;2;0;
74;37;1;2;0;
36;63;1;2;0;
55;11;1;2;0;
35;40;1;2;0;
70;89;1;2;0;
85;39;1;2;0;
37;44;1;2;0;
80;99;1;2;0;
81;25;1;2;0;
5;15;1;2;0;
85;65;1;2;0;
31;99;1;2;0;
23;100;1;2;0;
30;87;1;2;0;
81;54;1;2;0;
93;54;1;2;0;
90;81;1;2;165;
44;91;1;2;1587;
35;12;1;2;1881;
71;50;1;2;547;
15;81;1;2;2178;
47;5;1;2;371;
13;41;1;2;1793;
96;91;1;2;1243;
47;21;1;2;1319;
27;74;1;2;1469;
33;15;1;2;346;
100;10;1;2;287;
2;96;1;2;1683;
43;67;1;2;1836;
73;33;1;2;1151;
52;31;1;2;1456;
88;43;1;2;1284;
88;38;1;2;1725;
14;37;1;2;1469;
75;63;1;2;1486;
81;95;1;2;1504;
66;47;1;2;1970;
94;100;1;2;1672;
84;42;1;2;1964;
76;66;1;2;1753;
1;70;1;2;1063;
30;57;1;2;1984;
3;96;1;2;1995;
15;9;1;2;2079;
51;36;1;2;1382;
12;68;1;2;1259;
87;85;1;2;1875;
75;30;1;2;2318;
59;14;1;2;1969;
8;41;1;2;1376;
94;41;1;2;220;
9;22;1;2;1373;
19;25;1;2;1628;
19;91;1;2;2229;
54;94;1;2;1993;
4;5;1;2;2392;
49;44;1;2;1271;
91;18;1;2;1422;
33;76;1;2;2024;
68;36;1;2;2414;
68;29;1;2;1248;
42;89;1;2;2479;
71;60;1;2;2395;
48;30;1;2;220;
85;83;1;2;2424;
0;1;7;4;
1;1;43;127;
2;1;37;225;
3;1;23;302;
4;1;4;403;
5;1;11;503;
6;1;48;647;
7;1;16;712;
8;1;48;823;
9;1;14;906;
10;1;35;1024;
11;1;9;1105;
12;1;43;1222;
13;1;25;1310;
14;1;42;1424;
15;1;24;1505;
16;1;45;1600;
17;1;49;1740;
18;1;4;1803;
19;1;12;1908;
20;1;1;2000;
21;1;37;2101;
22;1;2;2200;
23;1;11;2309;
24;1;48;2423;
25;1;39;2536;
26;1;15;2613;
27;1;29;2708;
28;1;7;2802;
29;1;44;2935;
