****13****
100
98;61;1;2;0;
39;70;1;2;0;
22;69;1;2;0;
61;92;1;2;0;
16;50;1;2;0;
84;59;1;2;0;
66;4;1;2;0;
22;89;1;2;0;
29;72;1;2;0;
89;70;1;2;0;
22;9;1;2;0;
36;51;1;2;0;
82;33;1;2;0;
79;33;1;2;0;
69;75;1;2;0;
24;18;1;2;0;
88;15;1;2;0;
39;9;1;2;0;
35;100;1;2;0;
53;50;1;2;0;
49;36;1;2;0;
8;67;1;2;0;
39;81;1;2;0;
7;20;1;2;0;
52;95;1;2;0;
89;26;1;2;0;
56;25;1;2;0;
76;37;1;2;0;
9;54;1;2;0;
21;29;1;2;0;
81;97;1;2;0;
99;68;1;2;0;
11;37;1;2;0;
76;45;1;2;0;
88;28;1;2;0;
46;37;1;2;0;
15;5;1;2;0;
3;6;1;2;0;
85;61;1;2;0;
25;36;1;2;0;
56;65;1;2;0;
61;11;1;2;0;
89;88;1;2;0;
99;49;1;2;0;
42;20;1;2;0;
78;74;1;2;0;
16;76;1;2;0;
41;78;1;2;0;
64;68;1;2;0;
74;52;1;2;0;
48;19;1;2;1799;
62;23;1;2;2280;
19;7;1;2;234;
43;94;1;2;592;
8;7;1;2;1617;
48;94;1;2;1703;
49;87;1;2;396;
26;60;1;2;1562;
53;100;1;2;1384;
16;20;1;2;2007;
19;67;1;2;1893;
58;80;1;2;58;
51;99;1;2;2116;
57;93;1;2;2427;
65;52;1;2;2177;
88;52;1;2;221;
9;100;1;2;1840;
49;77;1;2;2490;
8;29;1;2;836;
44;96;1;2;1709;
53;67;1;2;1490;
32;24;1;2;1426;
33;27;1;2;1105;
92;83;1;2;760;
44;99;1;2;2223;
3;86;1;2;913;
7;94;1;2;2245;
49;94;1;2;155;
99;53;1;2;872;
53;48;1;2;587;
25;52;1;2;1175;
64;83;1;2;1934;
34;67;1;2;139;
2;58;1;2;1031;
14;2;1;2;198;
78;56;1;2;1764;
45;62;1;2;2428;
59;62;1;2;87;
1;61;1;2;1309;
71;65;1;2;2474;
89;89;1;2;589;
72;4;1;2;46;
79;37;1;2;909;
64;90;1;2;290;
31;56;1;2;617;
49;85;1;2;1569;
52;30;1;2;866;
100;40;1;2;348;
94;41;1;2;7;
41;63;1;2;679;
0;1;37;4;
1;1;4;103;
2;1;23;206;
3;1;16;308;
4;1;46;418;
5;1;17;510;
6;1;23;621;
7;1;44;707;
8;1;47;806;
9;1;44;925;
10;1;10;1000;
11;1;50;1148;
12;1;7;1204;
13;1;41;1308;
14;1;35;1413;
15;1;22;1500;
16;1;6;1602;
17;1;9;1702;
18;1;34;1809;
19;1;31;1920;
20;1;42;2008;
21;1;19;2109;
22;1;47;2205;
23;1;45;2303;
24;1;41;2411;
25;1;43;2515;
26;1;10;2601;
27;1;2;2700;
28;1;35;2817;
29;1;26;2916;
