****2****
100
9;35;1;2;0;
56;73;1;2;0;
68;74;1;2;0;
99;16;1;2;0;
22;55;1;2;0;
49;22;1;2;0;
71;2;1;2;0;
21;9;1;2;0;
2;13;1;2;0;
37;47;1;2;0;
42;24;1;2;0;
80;16;1;2;0;
34;24;1;2;0;
85;99;1;2;0;
19;42;1;2;0;
18;27;1;2;0;
76;73;1;2;0;
99;96;1;2;0;
98;97;1;2;0;
11;20;1;2;0;
3;59;1;2;0;
41;73;1;2;0;
12;13;1;2;0;
81;65;1;2;0;
26;70;1;2;0;
64;67;1;2;0;
93;43;1;2;0;
34;27;1;2;0;
66;18;1;2;0;
25;84;1;2;0;
59;95;1;2;0;
62;35;1;2;0;
67;60;1;2;0;
82;65;1;2;0;
8;92;1;2;0;
84;63;1;2;0;
2;76;1;2;0;
87;66;1;2;0;
88;68;1;2;0;
30;65;1;2;0;
89;93;1;2;0;
31;33;1;2;0;
36;64;1;2;0;
11;53;1;2;0;
81;36;1;2;0;
89;92;1;2;0;
82;50;1;2;0;
78;48;1;2;0;
62;59;1;2;0;
64;21;1;2;0;
2;47;1;2;1701;
55;74;1;2;1589;
20;14;1;2;844;
50;78;1;2;188;
94;61;1;2;2020;
81;76;1;2;1410;
86;9;1;2;2290;
74;100;1;2;1078;
75;77;1;2;1825;
88;87;1;2;1269;
61;88;1;2;1748;
43;42;1;2;479;
64;14;1;2;755;
4;15;1;2;1227;
84;8;1;2;1237;
45;41;1;2;2020;
16;26;1;2;2196;
74;99;1;2;318;
65;25;1;2;313;
3;13;1;2;305;
5;73;1;2;783;
6;67;1;2;2281;
32;83;1;2;238;
71;38;1;2;1761;
39;22;1;2;696;
68;66;1;2;518;
72;33;1;2;1785;
84;58;1;2;528;
47;22;1;2;913;
38;76;1;2;698;
15;33;1;2;2353;
79;38;1;2;77;
36;21;1;2;466;
7;91;1;2;1863;
43;29;1;2;1954;
87;48;1;2;262;
71;19;1;2;698;
80;54;1;2;548;
39;100;1;2;894;
75;89;1;2;1061;
22;3;1;2;2315;
94;81;1;2;1405;
84;69;1;2;1311;
8;27;1;2;289;
69;69;1;2;2067;
4;8;1;2;381;
55;78;1;2;2253;
39;10;1;2;2376;
31;100;1;2;1070;
45;74;1;2;1151;
0;1;36;19;
1;1;19;103;
2;1;43;210;
3;1;23;317;
4;1;20;406;
5;1;35;510;
6;1;31;625;
7;1;16;714;
8;1;10;802;
9;1;39;938;
10;1;1;1000;
11;1;3;1100;
12;1;40;1232;
13;1;11;1307;
14;1;29;1421;
15;1;33;1509;
16;1;36;1635;
17;1;28;1703;
18;1;5;1804;
19;1;7;1900;
20;1;6;2004;
21;1;21;2106;
22;1;47;2227;
23;1;25;2308;
24;1;9;2403;
25;1;23;2511;
26;1;26;2600;
27;1;22;2704;
28;1;11;2803;
29;1;34;2901;
