****11****
100
39;3;1;2;0;
53;81;1;2;0;
53;77;1;2;0;
71;98;1;2;0;
81;94;1;2;0;
57;92;1;2;0;
1;96;1;2;0;
52;20;1;2;0;
58;18;1;2;0;
44;65;1;2;0;
59;7;1;2;0;
9;73;1;2;0;
19;51;1;2;0;
12;61;1;2;0;
92;86;1;2;0;
70;82;1;2;0;
88;22;1;2;0;
14;92;1;2;0;
50;84;1;2;0;
42;82;1;2;0;
77;98;1;2;0;
25;78;1;2;0;
46;76;1;2;0;
49;3;1;2;0;
93;93;1;2;0;
67;4;1;2;0;
99;28;1;2;0;
28;17;1;2;0;
30;91;1;2;0;
30;21;1;2;0;
77;99;1;2;0;
2;16;1;2;0;
21;67;1;2;0;
60;22;1;2;0;
50;1;1;2;0;
4;78;1;2;0;
98;80;1;2;0;
7;43;1;2;0;
56;56;1;2;0;
46;100;1;2;0;
48;64;1;2;0;
3;98;1;2;0;
91;82;1;2;0;
67;20;1;2;0;
73;96;1;2;0;
92;49;1;2;0;
94;45;1;2;0;
16;66;1;2;0;
11;75;1;2;0;
40;12;1;2;0;
75;43;1;2;240;
25;74;1;2;1070;
67;29;1;2;2095;
64;29;1;2;2009;
80;83;1;2;2368;
70;65;1;2;911;
42;89;1;2;2236;
33;37;1;2;2237;
78;4;1;2;2295;
88;79;1;2;30;
100;53;1;2;1269;
41;77;1;2;1337;
36;96;1;2;94;
91;11;1;2;1395;
92;90;1;2;381;
91;12;1;2;1358;
8;53;1;2;383;
72;85;1;2;1285;
30;14;1;2;2097;
57;2;1;2;1664;
71;53;1;2;1480;
79;93;1;2;2464;
60;80;1;2;295;
22;70;1;2;1576;
64;62;1;2;1731;
89;4;1;2;1388;
29;64;1;2;1800;
58;35;1;2;1758;
74;16;1;2;2478;
46;72;1;2;1720;
44;94;1;2;397;
99;72;1;2;1248;
30;84;1;2;347;
8;5;1;2;2290;
96;69;1;2;1580;
26;9;1;2;591;
19;37;1;2;231;
64;46;1;2;237;
98;72;1;2;348;
93;17;1;2;358;
93;13;1;2;295;
45;11;1;2;1430;
41;40;1;2;101;
68;99;1;2;1400;
65;94;1;2;1727;
75;72;1;2;1461;
89;42;1;2;1963;
65;58;1;2;1112;
28;55;1;2;197;
7;47;1;2;1315;
0;1;9;6;
1;1;19;108;
2;1;35;200;
3;1;25;301;
4;1;22;418;
5;1;44;531;
6;1;36;614;
7;1;15;701;
8;1;33;820;
9;1;49;931;
10;1;28;1019;
11;1;38;1124;
12;1;40;1204;
13;1;41;1312;
14;1;23;1401;
15;1;38;1510;
16;1;29;1600;
17;1;39;1726;
18;1;38;1810;
19;1;41;1940;
20;1;40;2025;
21;1;30;2114;
22;1;44;2213;
23;1;38;2318;
24;1;32;2417;
25;1;1;2500;
26;1;9;2603;
27;1;47;2742;
28;1;3;2801;
29;1;32;2920;
