****15****
100
31;2;1;2;0;
65;73;1;2;0;
29;63;1;2;0;
31;8;1;2;0;
62;85;1;2;0;
71;79;1;2;0;
62;74;1;2;0;
100;49;1;2;0;
83;20;1;2;0;
11;57;1;2;0;
93;56;1;2;0;
65;99;1;2;0;
91;53;1;2;0;
36;41;1;2;0;
80;13;1;2;0;
100;10;1;2;0;
66;65;1;2;0;
35;94;1;2;0;
79;65;1;2;0;
53;41;1;2;0;
1;23;1;2;0;
71;14;1;2;0;
97;22;1;2;0;
62;31;1;2;0;
41;72;1;2;0;
87;33;1;2;0;
27;51;1;2;0;
84;18;1;2;0;
3;71;1;2;0;
10;83;1;2;0;
35;10;1;2;0;
44;100;1;2;0;
26;78;1;2;0;
45;4;1;2;0;
42;98;1;2;0;
96;94;1;2;0;
72;66;1;2;0;
7;20;1;2;0;
88;69;1;2;0;
51;28;1;2;0;
40;89;1;2;0;
13;19;1;2;0;
40;96;1;2;0;
88;94;1;2;0;
18;97;1;2;0;
28;53;1;2;0;
58;72;1;2;0;
4;83;1;2;0;
49;49;1;2;0;
39;43;1;2;0;
98;34;1;2;1676;
69;100;1;2;2123;
41;87;1;2;958;
91;66;1;2;1207;
79;78;1;2;961;
70;25;1;2;344;
64;43;1;2;1255;
43;95;1;2;2292;
14;98;1;2;1566;
15;98;1;2;2025;
9;47;1;2;92;
96;68;1;2;1783;
38;8;1;2;2281;
100;50;1;2;1078;
54;28;1;2;1626;
25;50;1;2;1948;
84;13;1;2;2438;
39;7;1;2;1192;
3;73;1;2;2127;
50;87;1;2;1075;
39;47;1;2;1676;
10;42;1;2;510;
83;32;1;2;445;
95;83;1;2;1455;
20;36;1;2;1840;
26;13;1;2;717;
5;96;1;2;110;
26;34;1;2;1149;
93;36;1;2;915;
10;38;1;2;2254;
76;76;1;2;1192;
36;37;1;2;1905;
16;20;1;2;1519;
54;14;1;2;988;
90;85;1;2;1525;
5;10;1;2;1589;
21;67;1;2;1529;
49;44;1;2;95;
35;89;1;2;2086;
94;98;1;2;1566;
90;73;1;2;558;
33;60;1;2;1660;
69;27;1;2;1653;
36;81;1;2;319;
37;70;1;2;1237;
74;26;1;2;1036;
75;98;1;2;1663;
71;98;1;2;552;
52;32;1;2;1399;
21;77;1;2;1331;
0;1;26;10;
1;1;24;118;
2;1;49;247;
3;1;27;303;
4;1;12;400;
5;1;6;503;
6;1;23;612;
7;1;13;708;
8;1;18;813;
9;1;17;916;
10;1;37;1003;
11;1;17;1102;
12;1;49;1217;
13;1;18;1300;
14;1;38;1415;
15;1;1;1500;
16;1;10;1605;
17;1;22;1717;
18;1;11;1809;
19;1;28;1924;
20;1;19;2017;
21;1;14;2104;
22;1;27;2208;
23;1;6;2305;
24;1;16;2400;
25;1;39;2528;
26;1;12;2608;
27;1;38;2713;
28;1;23;2818;
29;1;13;2907;
