****17****
100
80;20;1;2;0;
73;70;1;2;0;
29;16;1;2;0;
60;32;1;2;0;
57;26;1;2;0;
2;91;1;2;0;
95;32;1;2;0;
90;50;1;2;0;
58;3;1;2;0;
5;67;1;2;0;
66;6;1;2;0;
69;76;1;2;0;
56;85;1;2;0;
17;28;1;2;0;
10;71;1;2;0;
32;42;1;2;0;
43;4;1;2;0;
11;23;1;2;0;
20;23;1;2;0;
54;28;1;2;0;
48;7;1;2;0;
70;94;1;2;0;
39;11;1;2;0;
43;48;1;2;0;
65;48;1;2;0;
14;83;1;2;0;
5;82;1;2;0;
58;13;1;2;0;
19;26;1;2;0;
40;28;1;2;0;
49;71;1;2;0;
69;43;1;2;0;
26;32;1;2;0;
65;97;1;2;0;
6;19;1;2;0;
76;53;1;2;0;
77;45;1;2;0;
46;67;1;2;0;
55;41;1;2;0;
15;72;1;2;0;
40;80;1;2;0;
54;96;1;2;0;
62;11;1;2;0;
8;32;1;2;0;
88;47;1;2;0;
59;88;1;2;0;
69;80;1;2;0;
30;47;1;2;0;
11;95;1;2;0;
43;16;1;2;0;
65;19;1;2;2251;
41;15;1;2;1746;
8;22;1;2;567;
74;93;1;2;1878;
53;46;1;2;599;
66;8;1;2;1144;
97;95;1;2;946;
8;35;1;2;165;
87;64;1;2;1010;
97;58;1;2;1789;
64;74;1;2;2319;
83;67;1;2;634;
99;74;1;2;1443;
8;99;1;2;736;
3;51;1;2;1430;
46;69;1;2;248;
97;17;1;2;11;
46;24;1;2;1327;
63;10;1;2;897;
79;58;1;2;2199;
37;73;1;2;904;
65;55;1;2;2331;
7;6;1;2;1597;
23;13;1;2;2423;
30;67;1;2;1356;
35;13;1;2;141;
46;61;1;2;46;
4;6;1;2;95;
96;20;1;2;2335;
4;98;1;2;1973;
69;86;1;2;846;
7;50;1;2;1209;
64;9;1;2;2306;
93;83;1;2;2208;
73;64;1;2;290;
55;98;1;2;2158;
5;96;1;2;1451;
71;99;1;2;1620;
13;47;1;2;328;
17;50;1;2;1089;
78;18;1;2;690;
11;76;1;2;1450;
3;39;1;2;1504;
48;32;1;2;2295;
57;56;1;2;2061;
33;10;1;2;2233;
72;14;1;2;560;
24;36;1;2;2059;
32;1;1;2;551;
60;17;1;2;1940;
0;1;36;25;
1;1;28;108;
2;1;8;204;
3;1;13;308;
4;1;44;401;
5;1;10;504;
6;1;40;606;
7;1;30;709;
8;1;1;800;
9;1;30;923;
10;1;4;1003;
11;1;49;1133;
12;1;7;1203;
13;1;41;1318;
14;1;40;1438;
15;1;28;1500;
16;1;6;1600;
17;1;25;1713;
18;1;10;1809;
19;1;26;1906;
20;1;25;2009;
21;1;29;2124;
22;1;3;2201;
23;1;28;2326;
24;1;50;2406;
25;1;29;2520;
26;1;50;2628;
27;1;45;2733;
28;1;9;2806;
29;1;26;2918;
