****1****
100
19;39;1;2;0;
97;18;1;2;0;
100;22;1;2;0;
96;33;1;2;0;
43;66;1;2;0;
8;24;1;2;0;
19;46;1;2;0;
71;93;1;2;0;
93;58;1;2;0;
12;80;1;2;0;
20;65;1;2;0;
60;97;1;2;0;
29;71;1;2;0;
98;22;1;2;0;
60;24;1;2;0;
84;79;1;2;0;
63;80;1;2;0;
96;14;1;2;0;
2;91;1;2;0;
46;96;1;2;0;
8;6;1;2;0;
19;26;1;2;0;
3;41;1;2;0;
70;47;1;2;0;
98;34;1;2;0;
26;69;1;2;0;
98;37;1;2;0;
66;79;1;2;0;
8;63;1;2;0;
100;67;1;2;0;
86;83;1;2;0;
97;100;1;2;0;
62;44;1;2;0;
66;15;1;2;0;
86;63;1;2;0;
10;93;1;2;0;
68;80;1;2;0;
18;70;1;2;0;
20;40;1;2;0;
17;69;1;2;0;
25;94;1;2;0;
38;74;1;2;0;
31;55;1;2;0;
52;90;1;2;0;
17;3;1;2;0;
8;54;1;2;0;
85;5;1;2;0;
6;99;1;2;0;
100;23;1;2;0;
13;86;1;2;0;
85;75;1;2;1519;
5;54;1;2;2359;
74;26;1;2;1169;
42;94;1;2;1263;
88;83;1;2;271;
70;37;1;2;1565;
59;5;1;2;205;
66;11;1;2;650;
22;16;1;2;535;
22;90;1;2;1397;
59;74;1;2;261;
36;78;1;2;886;
35;4;1;2;295;
73;97;1;2;2275;
87;84;1;2;2396;
75;5;1;2;1693;
66;63;1;2;1234;
7;81;1;2;2016;
37;2;1;2;21;
13;75;1;2;686;
6;33;1;2;1483;
20;21;1;2;688;
40;55;1;2;1739;
37;80;1;2;1566;
28;66;1;2;2378;
53;40;1;2;1820;
62;5;1;2;318;
28;64;1;2;630;
4;100;1;2;2488;
47;65;1;2;933;
27;70;1;2;878;
85;41;1;2;1347;
20;33;1;2;2200;
58;69;1;2;2102;
96;48;1;2;2318;
18;100;1;2;622;
45;14;1;2;1078;
86;41;1;2;1394;
7;45;1;2;2220;
81;91;1;2;1589;
30;70;1;2;903;
64;54;1;2;421;
17;25;1;2;1032;
77;82;1;2;532;
64;29;1;2;1193;
69;47;1;2;415;
65;91;1;2;2389;
65;28;1;2;848;
33;34;1;2;314;
100;66;1;2;808;
0;1;31;27;
1;1;8;102;
2;1;13;209;
3;1;27;320;
4;1;37;418;
5;1;8;503;
6;1;49;620;
7;1;48;744;
8;1;41;822;
9;1;37;917;
10;1;36;1025;
11;1;24;1122;
12;1;44;1203;
13;1;48;1332;
14;1;5;1400;
15;1;27;1505;
16;1;13;1608;
17;1;19;1702;
18;1;46;1802;
19;1;7;1906;
20;1;50;2013;
21;1;3;2101;
22;1;37;2216;
23;1;41;2340;
24;1;44;2416;
25;1;36;2513;
26;1;23;2605;
27;1;44;2725;
28;1;14;2809;
29;1;8;2907;
