****0****
100
81;11;1;2;0;
79;100;1;2;0;
71;96;1;2;0;
15;14;1;2;0;
14;67;1;2;0;
33;36;1;2;0;
27;48;1;2;0;
94;3;1;2;0;
90;3;1;2;0;
56;22;1;2;0;
95;79;1;2;0;
87;77;1;2;0;
42;4;1;2;0;
5;19;1;2;0;
41;85;1;2;0;
53;22;1;2;0;
47;31;1;2;0;
73;17;1;2;0;
27;88;1;2;0;
82;92;1;2;0;
6;66;1;2;0;
79;32;1;2;0;
66;73;1;2;0;
34;55;1;2;0;
27;41;1;2;0;
76;21;1;2;0;
19;14;1;2;0;
49;60;1;2;0;
69;54;1;2;0;
31;10;1;2;0;
38;83;1;2;0;
83;85;1;2;0;
65;55;1;2;0;
53;43;1;2;0;
94;87;1;2;0;
34;99;1;2;0;
52;65;1;2;0;
82;17;1;2;0;
37;67;1;2;0;
23;63;1;2;0;
8;98;1;2;0;
35;78;1;2;0;
63;83;1;2;0;
90;84;1;2;0;
88;20;1;2;0;
93;78;1;2;0;
54;27;1;2;0;
62;70;1;2;0;
33;66;1;2;0;
13;79;1;2;0;
52;98;1;2;958;
56;62;1;2;2363;
72;98;1;2;1026;
95;12;1;2;1207;
44;98;1;2;942;
59;33;1;2;2310;
42;20;1;2;2171;
86;97;1;2;966;
12;10;1;2;628;
44;76;1;2;1882;
22;79;1;2;2120;
51;34;1;2;50;
61;58;1;2;496;
89;4;1;2;1883;
25;99;1;2;497;
90;57;1;2;2456;
44;50;1;2;719;
69;35;1;2;1803;
99;46;1;2;1178;
98;42;1;2;894;
62;63;1;2;895;
71;65;1;2;2458;
41;77;1;2;2026;
13;66;1;2;671;
97;90;1;2;2025;
30;31;1;2;2090;
43;74;1;2;1802;
27;94;1;2;1220;
8;44;1;2;1868;
51;93;1;2;1187;
68;54;1;2;531;
16;76;1;2;858;
50;17;1;2;2030;
40;81;1;2;73;
34;77;1;2;1198;
78;6;1;2;1345;
78;100;1;2;325;
28;27;1;2;309;
65;86;1;2;2261;
47;88;1;2;1810;
22;8;1;2;839;
59;75;1;2;1468;
61;24;1;2;1247;
92;16;1;2;672;
87;49;1;2;1630;
72;78;1;2;2113;
38;55;1;2;2084;
30;35;1;2;2259;
14;51;1;2;1940;
42;49;1;2;2313;
0;1;14;5;
1;1;46;116;
2;1;30;229;
3;1;42;340;
4;1;46;402;
5;1;34;506;
6;1;13;609;
7;1;11;708;
8;1;43;811;
9;1;26;914;
10;1;44;1002;
11;1;12;1103;
12;1;24;1200;
13;1;30;1304;
14;1;20;1417;
15;1;15;1514;
16;1;47;1603;
17;1;26;1714;
18;1;31;1823;
19;1;21;1905;
20;1;32;2021;
21;1;36;2131;
22;1;25;2222;
23;1;38;2329;
24;1;35;2432;
25;1;2;2500;
26;1;26;2620;
27;1;10;2700;
28;1;41;2801;
29;1;25;2910;
