****12****
100
75;19;1;2;0;
60;3;1;2;0;
26;98;1;2;0;
17;15;1;2;0;
10;9;1;2;0;
25;51;1;2;0;
94;54;1;2;0;
27;90;1;2;0;
99;17;1;2;0;
18;80;1;2;0;
54;70;1;2;0;
90;15;1;2;0;
8;38;1;2;0;
15;62;1;2;0;
74;46;1;2;0;
38;48;1;2;0;
16;97;1;2;0;
2;93;1;2;0;
46;18;1;2;0;
7;8;1;2;0;
78;83;1;2;0;
10;72;1;2;0;
88;37;1;2;0;
13;86;1;2;0;
5;30;1;2;0;
18;58;1;2;0;
51;7;1;2;0;
72;10;1;2;0;
45;86;1;2;0;
71;70;1;2;0;
83;61;1;2;0;
18;98;1;2;0;
9;71;1;2;0;
90;55;1;2;0;
41;48;1;2;0;
14;18;1;2;0;
30;23;1;2;0;
41;17;1;2;0;
11;53;1;2;0;
3;15;1;2;0;
34;20;1;2;0;
73;85;1;2;0;
78;96;1;2;0;
94;74;1;2;0;
34;17;1;2;0;
96;16;1;2;0;
29;65;1;2;0;
66;37;1;2;0;
35;55;1;2;0;
43;75;1;2;0;
55;56;1;2;1990;
84;31;1;2;2203;
1;41;1;2;2348;
55;56;1;2;2399;
26;80;1;2;1645;
55;75;1;2;2419;
81;8;1;2;1115;
76;76;1;2;1904;
40;41;1;2;955;
26;47;1;2;1493;
1;1;1;2;1090;
45;85;1;2;1329;
81;37;1;2;1215;
70;43;1;2;1072;
93;20;1;2;881;
51;26;1;2;37;
3;6;1;2;2123;
23;33;1;2;2384;
71;24;1;2;1773;
8;50;1;2;1123;
87;2;1;2;1637;
21;98;1;2;394;
38;78;1;2;241;
95;48;1;2;951;
7;92;1;2;2396;
98;42;1;2;1940;
15;97;1;2;1636;
40;19;1;2;409;
92;42;1;2;2191;
84;49;1;2;2053;
23;87;1;2;1909;
14;7;1;2;1252;
41;96;1;2;2283;
4;90;1;2;2349;
13;96;1;2;1354;
89;45;1;2;940;
42;60;1;2;1028;
53;51;1;2;232;
97;43;1;2;455;
16;26;1;2;155;
36;100;1;2;825;
9;65;1;2;1057;
79;57;1;2;2181;
30;12;1;2;410;
29;24;1;2;1820;
18;12;1;2;2290;
49;6;1;2;1860;
76;58;1;2;150;
26;6;1;2;2050;
16;73;1;2;1828;
0;1;5;4;
1;1;45;115;
2;1;18;211;
3;1;16;309;
4;1;18;402;
5;1;28;525;
6;1;19;607;
7;1;3;701;
8;1;23;811;
9;1;2;901;
10;1;24;1018;
11;1;1;1100;
12;1;1;1200;
13;1;39;1313;
14;1;42;1422;
15;1;13;1509;
16;1;21;1617;
17;1;30;1709;
18;1;21;1815;
19;1;38;1925;
20;1;44;2016;
21;1;19;2101;
22;1;24;2217;
23;1;49;2338;
24;1;42;2432;
25;1;21;2518;
26;1;27;2606;
27;1;47;2726;
28;1;49;2848;
29;1;47;2914;
