****11****
100
991;581;1;2;0;
536;69;1;2;0;
652;729;1;2;0;
439;725;1;2;0;
615;547;1;2;0;
435;233;1;2;0;
724;771;1;2;0;
930;324;1;2;0;
812;397;1;2;0;
859;431;1;2;0;
166;273;1;2;0;
857;813;1;2;0;
363;329;1;2;0;
1;460;1;2;0;
495;318;1;2;0;
646;485;1;2;0;
250;533;1;2;0;
905;902;1;2;0;
262;344;1;2;0;
978;228;1;2;0;
890;412;1;2;0;
813;613;1;2;0;
534;94;1;2;0;
937;697;1;2;0;
490;147;1;2;0;
127;7;1;2;0;
420;984;1;2;0;
171;134;1;2;0;
664;524;1;2;0;
593;158;1;2;0;
841;238;1;2;0;
642;90;1;2;0;
123;899;1;2;0;
343;736;1;2;0;
242;672;1;2;0;
315;131;1;2;0;
435;127;1;2;0;
95;321;1;2;0;
572;31;1;2;0;
17;61;1;2;0;
530;144;1;2;0;
419;301;1;2;0;
127;942;1;2;0;
434;142;1;2;0;
465;26;1;2;0;
299;305;1;2;0;
616;292;1;2;0;
746;738;1;2;0;
190;441;1;2;0;
473;431;1;2;0;
112;787;1;2;24984;
899;266;1;2;6838;
219;837;1;2;14247;
235;250;1;2;17602;
378;20;1;2;6038;
856;961;1;2;7377;
997;425;1;2;4843;
647;81;1;2;11374;
939;827;1;2;3690;
480;619;1;2;20365;
263;82;1;2;14860;
175;980;1;2;2886;
182;198;1;2;18106;
572;433;1;2;13824;
490;162;1;2;3424;
61;18;1;2;6258;
712;366;1;2;9279;
93;13;1;2;3809;
737;303;1;2;6346;
470;134;1;2;11726;
27;396;1;2;24557;
723;571;1;2;13578;
683;104;1;2;24869;
832;675;1;2;13644;
230;517;1;2;23078;
1000;577;1;2;12348;
378;640;1;2;12299;
884;733;1;2;10240;
471;821;1;2;21877;
884;643;1;2;3361;
267;669;1;2;21317;
732;743;1;2;5223;
528;426;1;2;11919;
169;257;1;2;3401;
595;839;1;2;22274;
182;838;1;2;4069;
138;567;1;2;6166;
459;450;1;2;8406;
145;921;1;2;22163;
484;156;1;2;3374;
957;775;1;2;24654;
178;858;1;2;858;
968;737;1;2;9877;
566;905;1;2;24311;
839;851;1;2;7981;
627;384;1;2;12066;
696;521;1;2;22319;
404;332;1;2;265;
196;828;1;2;24717;
160;311;1;2;4265;
0;1;415;518;
1;1;352;542;
2;1;297;511;
3;1;59;516;
4;1;297;504;
5;1;182;501;
6;1;257;520;
7;1;404;548;
8;1;498;537;
9;1;76;543;
10;1;160;522;
11;1;448;541;
12;1;17;545;
13;1;318;537;
14;1;155;528;
15;1;312;521;
16;1;247;513;
17;1;462;543;
18;1;223;522;
19;1;159;519;
