****5****
100
45;99;1;2;0;
52;62;1;2;0;
36;91;1;2;0;
28;45;1;2;0;
44;42;1;2;0;
23;42;1;2;0;
84;98;1;2;0;
95;22;1;2;0;
54;8;1;2;0;
53;69;1;2;0;
1;84;1;2;0;
67;2;1;2;0;
63;97;1;2;0;
23;46;1;2;0;
1;89;1;2;0;
95;97;1;2;0;
39;46;1;2;0;
58;74;1;2;0;
88;85;1;2;0;
71;31;1;2;0;
79;93;1;2;0;
24;62;1;2;0;
42;71;1;2;0;
35;95;1;2;0;
78;87;1;2;0;
16;30;1;2;0;
22;34;1;2;0;
84;85;1;2;0;
83;58;1;2;0;
82;83;1;2;0;
47;76;1;2;0;
79;37;1;2;0;
22;88;1;2;0;
63;9;1;2;0;
73;33;1;2;0;
92;3;1;2;0;
25;15;1;2;0;
64;67;1;2;0;
85;50;1;2;0;
13;14;1;2;0;
36;28;1;2;0;
44;9;1;2;0;
14;27;1;2;0;
93;96;1;2;0;
84;27;1;2;0;
30;82;1;2;0;
2;8;1;2;0;
71;75;1;2;0;
47;33;1;2;0;
36;19;1;2;0;
65;27;1;2;2366;
41;93;1;2;316;
59;78;1;2;637;
72;43;1;2;1513;
51;86;1;2;2273;
64;64;1;2;733;
59;100;1;2;1101;
88;81;1;2;1635;
47;3;1;2;206;
94;35;1;2;37;
64;51;1;2;1076;
37;44;1;2;1391;
76;2;1;2;1689;
13;25;1;2;1089;
36;76;1;2;2164;
20;91;1;2;1510;
97;50;1;2;1167;
51;89;1;2;2336;
7;88;1;2;338;
90;33;1;2;1456;
55;48;1;2;1608;
51;36;1;2;355;
87;12;1;2;1711;
4;24;1;2;1848;
63;11;1;2;1386;
8;31;1;2;1059;
69;79;1;2;1968;
76;81;1;2;1348;
68;88;1;2;1814;
63;77;1;2;1209;
92;83;1;2;507;
71;33;1;2;2069;
46;71;1;2;1213;
74;74;1;2;1079;
74;37;1;2;678;
2;96;1;2;2286;
68;64;1;2;1635;
87;92;1;2;2327;
46;59;1;2;998;
93;21;1;2;355;
23;64;1;2;438;
1;87;1;2;2320;
15;32;1;2;2398;
91;57;1;2;2357;
91;30;1;2;787;
1;31;1;2;2359;
45;50;1;2;1075;
67;36;1;2;609;
21;34;1;2;798;
63;26;1;2;1979;
0;1;584;339;
1;1;570;407;
2;1;501;260;
3;1;525;591;
4;1;539;491;
5;1;557;535;
6;1;520;1106;
7;1;576;920;
8;1;599;1130;
9;1;561;1206;
10;1;556;1023;
11;1;561;1405;
12;1;567;1323;
13;1;577;1856;
14;1;596;1449;
15;1;557;1845;
16;1;553;1607;
17;1;567;2053;
18;1;585;2247;
19;1;523;1961;
20;1;578;2123;
21;1;521;2422;
22;1;578;2276;
23;1;589;2619;
24;1;503;2537;
25;1;523;2974;
26;1;593;2875;
27;1;505;3103;
28;1;517;3103;
29;1;510;3211;
30;1;586;3391;
31;1;590;3100;
32;1;548;3623;
33;1;547;3538;
34;1;550;3869;
35;1;507;3622;
36;1;549;3606;
37;1;524;4061;
38;1;575;4338;
39;1;506;4010;
40;1;513;4326;
41;1;591;4160;
42;1;564;4254;
43;1;515;4634;
44;1;580;4535;
45;1;591;4944;
46;1;545;5016;
47;1;507;4722;
48;1;540;4833;
49;1;524;5220;
