****16****
100
48;67;1;2;0;
94;2;1;2;0;
51;55;1;2;0;
88;8;1;2;0;
44;84;1;2;0;
76;88;1;2;0;
88;3;1;2;0;
14;34;1;2;0;
28;84;1;2;0;
86;82;1;2;0;
48;45;1;2;0;
29;56;1;2;0;
14;59;1;2;0;
49;20;1;2;0;
10;2;1;2;0;
68;58;1;2;0;
20;61;1;2;0;
11;22;1;2;0;
68;50;1;2;0;
81;11;1;2;0;
33;57;1;2;0;
51;72;1;2;0;
11;64;1;2;0;
58;90;1;2;0;
99;43;1;2;0;
71;46;1;2;0;
87;100;1;2;0;
53;52;1;2;0;
10;2;1;2;0;
71;72;1;2;0;
55;38;1;2;0;
81;74;1;2;0;
51;91;1;2;0;
95;18;1;2;0;
40;27;1;2;0;
80;25;1;2;0;
83;30;1;2;0;
48;45;1;2;0;
46;5;1;2;0;
35;96;1;2;0;
99;5;1;2;0;
94;37;1;2;0;
4;46;1;2;0;
89;66;1;2;0;
47;11;1;2;0;
37;53;1;2;0;
1;17;1;2;0;
26;51;1;2;0;
59;72;1;2;0;
20;98;1;2;0;
99;99;1;2;1422;
33;81;1;2;2404;
78;26;1;2;1080;
64;21;1;2;2143;
68;14;1;2;847;
24;60;1;2;2181;
89;58;1;2;437;
77;11;1;2;1613;
93;88;1;2;1496;
51;12;1;2;1589;
100;62;1;2;1645;
26;94;1;2;446;
99;23;1;2;1937;
28;86;1;2;1743;
8;6;1;2;1110;
25;29;1;2;548;
81;69;1;2;580;
48;45;1;2;1699;
67;89;1;2;723;
84;39;1;2;930;
72;90;1;2;576;
59;15;1;2;1019;
25;65;1;2;92;
69;45;1;2;297;
33;52;1;2;2157;
62;28;1;2;1448;
3;61;1;2;2439;
1;60;1;2;148;
13;27;1;2;2176;
12;62;1;2;1982;
23;34;1;2;1280;
94;44;1;2;1498;
63;20;1;2;34;
3;88;1;2;473;
32;20;1;2;2459;
66;34;1;2;1836;
28;36;1;2;787;
10;88;1;2;2254;
88;100;1;2;344;
6;11;1;2;1555;
62;85;1;2;2479;
59;31;1;2;2260;
71;93;1;2;1343;
48;47;1;2;1666;
20;78;1;2;2475;
44;43;1;2;2380;
48;22;1;2;1928;
63;31;1;2;1705;
38;70;1;2;905;
43;27;1;2;257;
0;1;558;483;
1;1;531;292;
2;1;599;629;
3;1;504;448;
4;1;553;826;
5;1;520;919;
6;1;523;774;
7;1;529;713;
8;1;583;974;
9;1;506;1221;
10;1;593;1150;
11;1;597;1376;
12;1;583;1309;
13;1;597;1620;
14;1;577;1497;
15;1;512;1705;
16;1;563;2160;
17;1;546;2146;
18;1;502;2126;
19;1;534;2339;
20;1;570;2562;
21;1;505;2117;
22;1;544;2337;
23;1;540;2338;
24;1;505;2652;
25;1;560;2988;
26;1;548;2919;
27;1;576;2882;
28;1;542;2992;
29;1;548;3385;
30;1;548;3502;
31;1;507;3193;
32;1;600;3551;
33;1;575;3327;
34;1;553;3877;
35;1;507;3569;
36;1;564;3994;
37;1;518;3983;
38;1;596;3877;
39;1;586;4301;
40;1;507;4211;
41;1;553;4256;
42;1;553;4663;
43;1;536;4317;
44;1;552;4923;
45;1;567;4543;
46;1;542;5064;
47;1;513;4932;
48;1;576;4818;
49;1;546;4977;
