****19****
100
377;386;1;2;0;
562;738;1;2;0;
497;850;1;2;0;
547;131;1;2;0;
538;692;1;2;0;
438;71;1;2;0;
398;793;1;2;0;
485;1000;1;2;0;
712;29;1;2;0;
918;984;1;2;0;
227;172;1;2;0;
367;633;1;2;0;
926;514;1;2;0;
894;269;1;2;0;
120;554;1;2;0;
58;496;1;2;0;
939;971;1;2;0;
585;788;1;2;0;
820;131;1;2;0;
918;710;1;2;0;
174;708;1;2;0;
780;572;1;2;0;
500;616;1;2;0;
571;563;1;2;0;
644;840;1;2;0;
546;870;1;2;0;
363;264;1;2;0;
503;288;1;2;0;
777;396;1;2;0;
908;248;1;2;0;
301;965;1;2;0;
743;592;1;2;0;
287;328;1;2;0;
379;107;1;2;0;
810;648;1;2;0;
168;984;1;2;0;
355;947;1;2;0;
907;206;1;2;0;
562;477;1;2;0;
768;558;1;2;0;
668;666;1;2;0;
779;30;1;2;0;
929;633;1;2;0;
317;58;1;2;0;
380;576;1;2;0;
305;681;1;2;0;
540;400;1;2;0;
272;178;1;2;0;
727;2;1;2;0;
284;888;1;2;0;
649;451;1;2;18018;
4;749;1;2;15348;
561;663;1;2;17043;
329;220;1;2;14945;
346;350;1;2;5291;
626;983;1;2;14503;
683;362;1;2;2743;
988;394;1;2;7448;
387;17;1;2;13253;
465;18;1;2;11209;
352;19;1;2;14863;
575;374;1;2;3026;
703;934;1;2;16447;
660;614;1;2;1070;
931;959;1;2;10787;
584;585;1;2;9490;
904;619;1;2;4424;
800;606;1;2;7077;
234;344;1;2;16568;
198;160;1;2;412;
798;512;1;2;10066;
200;438;1;2;21605;
350;140;1;2;13893;
515;799;1;2;9858;
250;82;1;2;21030;
335;17;1;2;4753;
402;920;1;2;1430;
535;719;1;2;17841;
709;305;1;2;4094;
899;854;1;2;14148;
811;651;1;2;11201;
389;850;1;2;13271;
692;552;1;2;15202;
929;66;1;2;9035;
779;667;1;2;11965;
939;2;1;2;4282;
36;755;1;2;2738;
751;289;1;2;14571;
423;997;1;2;19982;
439;248;1;2;11719;
967;410;1;2;3238;
5;799;1;2;9404;
833;842;1;2;8241;
152;770;1;2;20693;
621;900;1;2;22829;
172;191;1;2;2684;
738;226;1;2;17502;
576;328;1;2;1199;
485;750;1;2;6360;
345;189;1;2;6294;
0;1;411;505;
1;1;306;530;
2;1;11;506;
3;1;250;543;
4;1;298;519;
5;1;346;517;
6;1;457;517;
7;1;467;509;
8;1;138;509;
9;1;267;527;
10;1;234;527;
11;1;155;511;
12;1;227;539;
13;1;162;526;
14;1;335;550;
15;1;124;548;
16;1;356;530;
17;1;77;517;
18;1;237;526;
19;1;61;534;
