****14****
100
110;24;1;2;0;
392;275;1;2;0;
352;900;1;2;0;
906;519;1;2;0;
938;351;1;2;0;
787;867;1;2;0;
506;4;1;2;0;
637;101;1;2;0;
975;869;1;2;0;
937;819;1;2;0;
525;489;1;2;0;
925;984;1;2;0;
428;550;1;2;0;
336;951;1;2;0;
341;911;1;2;0;
230;802;1;2;0;
934;973;1;2;0;
77;638;1;2;0;
873;334;1;2;0;
508;810;1;2;0;
37;295;1;2;0;
29;542;1;2;0;
298;665;1;2;0;
995;624;1;2;0;
885;931;1;2;0;
442;761;1;2;0;
419;719;1;2;0;
745;198;1;2;0;
620;80;1;2;0;
500;312;1;2;0;
342;81;1;2;0;
113;627;1;2;0;
54;541;1;2;0;
264;926;1;2;0;
875;772;1;2;0;
87;263;1;2;0;
418;115;1;2;0;
804;67;1;2;0;
780;150;1;2;0;
691;664;1;2;0;
433;484;1;2;0;
425;851;1;2;0;
202;521;1;2;0;
401;173;1;2;0;
600;252;1;2;0;
484;293;1;2;0;
333;597;1;2;0;
271;386;1;2;0;
137;887;1;2;0;
663;363;1;2;0;
10;749;1;2;8211;
427;216;1;2;2898;
493;995;1;2;17176;
183;10;1;2;4821;
667;786;1;2;8592;
220;658;1;2;24180;
393;257;1;2;14093;
228;901;1;2;6384;
824;524;1;2;19641;
313;410;1;2;7592;
27;419;1;2;13290;
652;845;1;2;7427;
784;689;1;2;2572;
65;224;1;2;13325;
779;242;1;2;5264;
343;461;1;2;16407;
659;205;1;2;4680;
226;433;1;2;24738;
478;608;1;2;17319;
114;920;1;2;16406;
765;299;1;2;9644;
164;950;1;2;9382;
778;85;1;2;8345;
738;149;1;2;14867;
59;927;1;2;3879;
518;621;1;2;24920;
635;279;1;2;7640;
360;857;1;2;19589;
985;686;1;2;14611;
486;151;1;2;15853;
395;915;1;2;5704;
723;78;1;2;19625;
246;207;1;2;10512;
810;944;1;2;37;
597;355;1;2;15776;
625;872;1;2;20813;
466;506;1;2;14329;
863;865;1;2;10416;
396;202;1;2;15459;
184;687;1;2;1345;
596;81;1;2;669;
954;155;1;2;3966;
965;401;1;2;16417;
708;210;1;2;17839;
304;807;1;2;21559;
474;783;1;2;12336;
616;248;1;2;6576;
389;462;1;2;11209;
18;857;1;2;970;
684;393;1;2;22676;
0;1;149;538;
1;1;134;530;
2;1;294;539;
3;1;40;508;
4;1;189;507;
5;1;318;550;
6;1;70;521;
7;1;56;536;
8;1;446;541;
9;1;474;513;
10;1;438;522;
11;1;302;502;
12;1;34;521;
13;1;460;547;
14;1;355;504;
15;1;250;505;
16;1;44;533;
17;1;86;537;
18;1;171;527;
19;1;446;511;
