****12****
100
725;692;1;2;0;
71;981;1;2;0;
211;474;1;2;0;
478;708;1;2;0;
613;405;1;2;0;
253;272;1;2;0;
976;200;1;2;0;
614;345;1;2;0;
47;431;1;2;0;
431;53;1;2;0;
910;742;1;2;0;
473;9;1;2;0;
756;286;1;2;0;
903;978;1;2;0;
157;913;1;2;0;
848;882;1;2;0;
604;918;1;2;0;
214;814;1;2;0;
744;44;1;2;0;
874;356;1;2;0;
448;126;1;2;0;
979;776;1;2;0;
677;592;1;2;0;
472;723;1;2;0;
22;902;1;2;0;
775;283;1;2;0;
995;599;1;2;0;
643;750;1;2;0;
884;546;1;2;0;
79;41;1;2;0;
458;278;1;2;0;
274;414;1;2;0;
195;487;1;2;0;
227;290;1;2;0;
530;452;1;2;0;
997;330;1;2;0;
929;975;1;2;0;
457;606;1;2;0;
566;928;1;2;0;
680;939;1;2;0;
181;807;1;2;0;
574;527;1;2;0;
405;216;1;2;0;
628;289;1;2;0;
761;58;1;2;0;
681;571;1;2;0;
335;954;1;2;0;
984;881;1;2;0;
440;562;1;2;0;
171;322;1;2;0;
14;167;1;2;23235;
942;494;1;2;18010;
899;411;1;2;14894;
579;702;1;2;5771;
385;275;1;2;5288;
141;842;1;2;8233;
781;955;1;2;5170;
461;525;1;2;2021;
414;860;1;2;666;
206;773;1;2;9036;
879;138;1;2;3979;
881;432;1;2;18790;
691;330;1;2;21584;
780;260;1;2;6462;
49;996;1;2;1965;
844;137;1;2;5784;
266;917;1;2;20412;
97;378;1;2;6439;
910;143;1;2;5131;
955;700;1;2;7259;
171;930;1;2;11521;
257;162;1;2;16864;
836;852;1;2;4260;
825;631;1;2;10354;
868;31;1;2;15042;
536;874;1;2;19001;
46;491;1;2;24720;
510;587;1;2;22555;
850;848;1;2;1356;
401;155;1;2;10634;
725;677;1;2;9814;
186;933;1;2;17637;
78;768;1;2;4357;
299;944;1;2;14367;
132;163;1;2;3434;
609;699;1;2;22354;
573;744;1;2;11099;
454;606;1;2;20347;
64;807;1;2;8859;
817;208;1;2;56;
621;284;1;2;5222;
354;469;1;2;5583;
249;546;1;2;17681;
348;196;1;2;19843;
429;328;1;2;16282;
540;288;1;2;11213;
877;860;1;2;12668;
705;314;1;2;13809;
471;729;1;2;23323;
84;545;1;2;23589;
0;1;352;517;
1;1;500;547;
2;1;371;520;
3;1;375;521;
4;1;365;521;
5;1;170;513;
6;1;11;548;
7;1;240;514;
8;1;490;527;
9;1;466;516;
10;1;238;512;
11;1;422;503;
12;1;415;542;
13;1;132;523;
14;1;476;528;
15;1;289;529;
16;1;45;541;
17;1;325;517;
18;1;460;501;
19;1;89;527;
