****10****
100
97;82;1;2;0;
15;78;1;2;0;
88;31;1;2;0;
70;53;1;2;0;
2;31;1;2;0;
93;47;1;2;0;
13;58;1;2;0;
27;34;1;2;0;
36;36;1;2;0;
40;76;1;2;0;
84;52;1;2;0;
70;60;1;2;0;
30;51;1;2;0;
15;11;1;2;0;
96;53;1;2;0;
30;92;1;2;0;
86;97;1;2;0;
21;73;1;2;0;
79;90;1;2;0;
77;81;1;2;0;
20;69;1;2;0;
27;32;1;2;0;
27;5;1;2;0;
17;14;1;2;0;
40;56;1;2;0;
89;24;1;2;0;
60;58;1;2;0;
83;41;1;2;0;
61;49;1;2;0;
52;8;1;2;0;
53;33;1;2;0;
99;38;1;2;0;
81;19;1;2;0;
62;60;1;2;0;
9;39;1;2;0;
92;80;1;2;0;
7;18;1;2;0;
12;85;1;2;0;
22;28;1;2;0;
50;62;1;2;0;
36;39;1;2;0;
37;47;1;2;0;
48;71;1;2;0;
87;60;1;2;0;
19;90;1;2;0;
67;71;1;2;0;
23;17;1;2;0;
8;55;1;2;0;
36;69;1;2;0;
14;96;1;2;0;
59;5;1;2;2396;
66;74;1;2;2228;
2;48;1;2;1688;
52;61;1;2;745;
42;97;1;2;99;
89;67;1;2;1847;
1;37;1;2;2246;
67;7;1;2;793;
84;66;1;2;1053;
71;86;1;2;1012;
18;45;1;2;2116;
92;62;1;2;1416;
82;63;1;2;1195;
99;14;1;2;1629;
3;7;1;2;315;
5;96;1;2;1801;
93;96;1;2;854;
23;14;1;2;1017;
75;97;1;2;2215;
34;19;1;2;582;
6;36;1;2;1657;
34;80;1;2;314;
88;61;1;2;1994;
37;11;1;2;2430;
46;65;1;2;1712;
3;69;1;2;1508;
78;13;1;2;832;
37;36;1;2;921;
54;62;1;2;2376;
36;47;1;2;3;
56;4;1;2;674;
19;90;1;2;1780;
44;77;1;2;552;
83;14;1;2;1179;
87;11;1;2;1903;
98;66;1;2;326;
4;43;1;2;796;
9;32;1;2;556;
28;85;1;2;405;
43;73;1;2;1393;
28;80;1;2;2037;
1;98;1;2;1949;
1;93;1;2;46;
65;27;1;2;27;
39;14;1;2;1020;
29;11;1;2;838;
87;67;1;2;1286;
10;75;1;2;716;
19;2;1;2;145;
42;96;1;2;1791;
0;1;512;423;
1;1;545;189;
2;1;576;437;
3;1;547;644;
4;1;539;612;
5;1;593;672;
6;1;541;1089;
7;1;530;1048;
8;1;512;1048;
9;1;590;1200;
10;1;559;1537;
11;1;512;1344;
12;1;572;1453;
13;1;587;1708;
14;1;524;1869;
15;1;582;1784;
16;1;557;1833;
17;1;519;1947;
18;1;523;1987;
19;1;561;2226;
20;1;505;2504;
21;1;578;2182;
22;1;588;2566;
23;1;555;2521;
24;1;547;2537;
25;1;502;2632;
26;1;511;2641;
27;1;590;3083;
28;1;594;3369;
29;1;550;2966;
30;1;509;3440;
31;1;551;3492;
32;1;560;3500;
33;1;502;3523;
34;1;589;3613;
35;1;595;3838;
36;1;518;3919;
37;1;590;4185;
38;1;578;3800;
39;1;557;4312;
40;1;588;4521;
41;1;533;4429;
42;1;522;4627;
43;1;535;4831;
44;1;501;4793;
45;1;584;4845;
46;1;566;4891;
47;1;579;5192;
48;1;559;4919;
49;1;559;4922;
