****1****
100
132;768;1;2;0;
647;534;1;2;0;
858;71;1;2;0;
331;286;1;2;0;
477;762;1;2;0;
115;226;1;2;0;
729;773;1;2;0;
181;388;1;2;0;
330;416;1;2;0;
772;329;1;2;0;
513;913;1;2;0;
51;797;1;2;0;
723;481;1;2;0;
130;825;1;2;0;
672;483;1;2;0;
750;803;1;2;0;
250;748;1;2;0;
336;107;1;2;0;
819;19;1;2;0;
744;647;1;2;0;
132;859;1;2;0;
224;860;1;2;0;
983;404;1;2;0;
247;664;1;2;0;
819;370;1;2;0;
992;684;1;2;0;
282;394;1;2;0;
480;5;1;2;0;
874;609;1;2;0;
181;898;1;2;0;
91;282;1;2;0;
700;693;1;2;0;
30;388;1;2;0;
151;200;1;2;0;
758;895;1;2;0;
846;889;1;2;0;
753;69;1;2;0;
748;87;1;2;0;
825;346;1;2;0;
750;995;1;2;0;
716;93;1;2;0;
678;997;1;2;0;
486;509;1;2;0;
353;711;1;2;0;
470;534;1;2;0;
608;912;1;2;0;
815;660;1;2;0;
604;844;1;2;0;
47;755;1;2;0;
43;804;1;2;0;
649;240;1;2;22369;
753;661;1;2;172;
839;837;1;2;12620;
588;831;1;2;23850;
32;509;1;2;20199;
517;369;1;2;6577;
579;838;1;2;408;
187;750;1;2;7723;
846;353;1;2;11052;
244;107;1;2;11924;
399;755;1;2;23405;
442;507;1;2;19041;
584;697;1;2;9812;
71;284;1;2;10021;
626;667;1;2;18429;
529;183;1;2;4836;
784;114;1;2;7120;
573;300;1;2;7301;
176;497;1;2;3856;
326;740;1;2;24909;
519;490;1;2;5849;
304;283;1;2;3550;
748;866;1;2;628;
381;288;1;2;24107;
492;913;1;2;5638;
815;793;1;2;11221;
506;577;1;2;15872;
35;149;1;2;20710;
665;676;1;2;23838;
296;1;1;2;14462;
737;872;1;2;9542;
932;175;1;2;4198;
634;922;1;2;850;
385;654;1;2;16614;
771;145;1;2;23092;
823;311;1;2;17728;
58;817;1;2;9349;
758;203;1;2;23364;
109;868;1;2;21990;
956;515;1;2;11784;
542;251;1;2;9165;
321;534;1;2;14786;
30;520;1;2;18191;
956;904;1;2;10937;
170;674;1;2;3043;
648;496;1;2;15188;
918;906;1;2;2205;
765;15;1;2;23464;
111;476;1;2;9016;
133;431;1;2;19463;
0;1;155;525;
1;1;211;550;
2;1;145;545;
3;1;319;525;
4;1;264;511;
5;1;130;519;
6;1;357;501;
7;1;192;550;
8;1;298;539;
9;1;353;516;
10;1;296;526;
11;1;332;513;
12;1;401;542;
13;1;138;544;
14;1;74;518;
15;1;104;530;
16;1;392;515;
17;1;331;539;
18;1;411;549;
19;1;63;524;
