****17****
100
759;450;1;2;0;
26;191;1;2;0;
519;7;1;2;0;
926;702;1;2;0;
155;758;1;2;0;
902;838;1;2;0;
396;689;1;2;0;
834;381;1;2;0;
156;953;1;2;0;
684;833;1;2;0;
727;125;1;2;0;
214;764;1;2;0;
421;176;1;2;0;
62;296;1;2;0;
257;889;1;2;0;
240;368;1;2;0;
338;618;1;2;0;
910;856;1;2;0;
624;835;1;2;0;
557;130;1;2;0;
593;811;1;2;0;
968;340;1;2;0;
851;801;1;2;0;
72;6;1;2;0;
105;755;1;2;0;
839;832;1;2;0;
231;404;1;2;0;
595;651;1;2;0;
579;8;1;2;0;
946;188;1;2;0;
896;538;1;2;0;
555;586;1;2;0;
155;464;1;2;0;
793;130;1;2;0;
650;702;1;2;0;
259;594;1;2;0;
864;578;1;2;0;
934;714;1;2;0;
730;5;1;2;0;
720;835;1;2;0;
112;558;1;2;0;
18;342;1;2;0;
313;612;1;2;0;
345;243;1;2;0;
971;642;1;2;0;
430;866;1;2;0;
179;336;1;2;0;
803;685;1;2;0;
151;596;1;2;0;
166;153;1;2;0;
649;777;1;2;10247;
512;706;1;2;1119;
225;436;1;2;2030;
944;622;1;2;16640;
853;991;1;2;3590;
517;954;1;2;5004;
760;924;1;2;3148;
541;141;1;2;15202;
229;944;1;2;307;
731;891;1;2;15656;
883;539;1;2;7110;
629;50;1;2;2017;
659;626;1;2;7444;
46;570;1;2;9521;
544;774;1;2;841;
736;291;1;2;22699;
271;50;1;2;12731;
448;590;1;2;18559;
804;170;1;2;7101;
548;901;1;2;11831;
457;783;1;2;5204;
143;763;1;2;19471;
886;422;1;2;16111;
416;467;1;2;503;
919;363;1;2;14744;
412;98;1;2;15124;
858;368;1;2;312;
227;816;1;2;13868;
736;971;1;2;17197;
541;518;1;2;7873;
235;974;1;2;9335;
820;468;1;2;11324;
453;705;1;2;10465;
712;472;1;2;15532;
244;390;1;2;15915;
198;801;1;2;19701;
793;10;1;2;4645;
438;236;1;2;5641;
24;324;1;2;12890;
131;864;1;2;24451;
787;450;1;2;10475;
577;269;1;2;3072;
129;722;1;2;6509;
455;785;1;2;3227;
247;29;1;2;4997;
753;578;1;2;17154;
356;370;1;2;12397;
678;159;1;2;5703;
168;534;1;2;13385;
627;665;1;2;22039;
0;1;104;503;
1;1;277;508;
2;1;379;545;
3;1;231;509;
4;1;118;509;
5;1;313;503;
6;1;59;511;
7;1;283;550;
8;1;15;510;
9;1;493;520;
10;1;81;546;
11;1;400;540;
12;1;335;517;
13;1;125;548;
14;1;193;539;
15;1;125;548;
16;1;91;503;
17;1;257;521;
18;1;297;538;
19;1;32;515;
