****2****
100
12;544;1;2;0;
192;220;1;2;0;
47;735;1;2;0;
919;844;1;2;0;
125;123;1;2;0;
911;421;1;2;0;
648;742;1;2;0;
435;49;1;2;0;
684;572;1;2;0;
544;109;1;2;0;
491;647;1;2;0;
41;735;1;2;0;
313;371;1;2;0;
623;723;1;2;0;
872;537;1;2;0;
748;235;1;2;0;
80;939;1;2;0;
454;126;1;2;0;
25;725;1;2;0;
322;150;1;2;0;
847;232;1;2;0;
922;495;1;2;0;
974;356;1;2;0;
895;9;1;2;0;
279;438;1;2;0;
469;769;1;2;0;
436;861;1;2;0;
503;749;1;2;0;
584;125;1;2;0;
471;455;1;2;0;
661;219;1;2;0;
41;93;1;2;0;
509;494;1;2;0;
570;534;1;2;0;
218;243;1;2;0;
35;417;1;2;0;
475;956;1;2;0;
911;800;1;2;0;
663;805;1;2;0;
160;293;1;2;0;
594;628;1;2;0;
61;29;1;2;0;
489;916;1;2;0;
777;72;1;2;0;
392;600;1;2;0;
878;405;1;2;0;
170;270;1;2;0;
849;30;1;2;0;
115;770;1;2;0;
563;685;1;2;0;
13;949;1;2;5065;
839;256;1;2;21829;
638;270;1;2;18098;
149;562;1;2;8385;
128;623;1;2;7806;
616;890;1;2;9545;
39;281;1;2;23718;
268;37;1;2;20840;
537;885;1;2;19212;
4;655;1;2;9430;
688;19;1;2;16554;
788;209;1;2;10006;
150;846;1;2;16063;
20;346;1;2;20608;
131;473;1;2;22788;
622;441;1;2;8528;
890;479;1;2;1580;
109;99;1;2;6254;
849;987;1;2;11582;
619;990;1;2;18034;
303;677;1;2;23470;
935;816;1;2;24765;
823;317;1;2;5627;
333;336;1;2;2263;
52;818;1;2;10248;
97;440;1;2;10274;
31;681;1;2;1863;
597;790;1;2;12117;
552;990;1;2;4081;
40;608;1;2;6217;
885;910;1;2;5210;
101;845;1;2;6123;
172;19;1;2;5786;
793;351;1;2;20047;
406;754;1;2;11787;
844;202;1;2;16060;
722;584;1;2;15162;
431;181;1;2;10059;
589;732;1;2;21591;
734;123;1;2;23463;
221;360;1;2;22859;
736;460;1;2;15827;
418;983;1;2;12373;
417;775;1;2;3561;
752;533;1;2;12245;
256;376;1;2;11213;
199;450;1;2;11239;
174;232;1;2;13905;
939;820;1;2;464;
693;906;1;2;9746;
0;1;406;526;
1;1;232;531;
2;1;213;543;
3;1;52;530;
4;1;26;544;
5;1;47;502;
6;1;486;550;
7;1;184;533;
8;1;257;510;
9;1;34;507;
10;1;361;519;
11;1;480;542;
12;1;483;518;
13;1;263;533;
14;1;462;518;
15;1;458;518;
16;1;145;539;
17;1;100;507;
18;1;84;504;
19;1;339;511;
