****15****
100
100;19;1;2;0;
29;20;1;2;0;
46;99;1;2;0;
45;48;1;2;0;
99;46;1;2;0;
43;25;1;2;0;
72;72;1;2;0;
86;61;1;2;0;
18;93;1;2;0;
23;62;1;2;0;
62;57;1;2;0;
100;19;1;2;0;
1;76;1;2;0;
82;56;1;2;0;
12;31;1;2;0;
63;63;1;2;0;
1;44;1;2;0;
82;47;1;2;0;
42;26;1;2;0;
46;92;1;2;0;
23;88;1;2;0;
17;95;1;2;0;
11;54;1;2;0;
7;28;1;2;0;
46;81;1;2;0;
42;7;1;2;0;
37;41;1;2;0;
25;89;1;2;0;
16;58;1;2;0;
96;79;1;2;0;
89;59;1;2;0;
41;89;1;2;0;
2;75;1;2;0;
35;95;1;2;0;
100;80;1;2;0;
86;23;1;2;0;
19;2;1;2;0;
69;30;1;2;0;
55;27;1;2;0;
9;52;1;2;0;
7;50;1;2;0;
59;96;1;2;0;
43;35;1;2;0;
84;10;1;2;0;
93;32;1;2;0;
89;81;1;2;0;
90;29;1;2;0;
69;91;1;2;0;
3;56;1;2;0;
85;55;1;2;0;
87;22;1;2;2055;
58;24;1;2;1260;
39;30;1;2;2370;
47;82;1;2;577;
49;92;1;2;1299;
91;78;1;2;647;
52;70;1;2;1521;
40;2;1;2;2154;
21;23;1;2;347;
23;30;1;2;726;
29;16;1;2;2357;
57;73;1;2;1428;
5;11;1;2;422;
27;10;1;2;457;
60;58;1;2;1036;
35;100;1;2;2138;
46;51;1;2;1053;
40;43;1;2;1772;
71;63;1;2;38;
44;85;1;2;113;
5;66;1;2;115;
36;22;1;2;1826;
93;27;1;2;668;
80;5;1;2;285;
48;64;1;2;2421;
59;99;1;2;1758;
48;96;1;2;2286;
58;36;1;2;1808;
21;58;1;2;2226;
7;54;1;2;337;
73;58;1;2;1434;
55;45;1;2;69;
10;90;1;2;6;
79;69;1;2;1118;
57;69;1;2;1476;
44;27;1;2;2385;
82;26;1;2;1991;
22;35;1;2;1814;
5;56;1;2;1507;
49;14;1;2;1422;
30;86;1;2;2283;
76;41;1;2;1444;
44;2;1;2;339;
89;32;1;2;1893;
91;88;1;2;1558;
5;83;1;2;374;
20;64;1;2;479;
83;37;1;2;429;
81;41;1;2;1994;
89;90;1;2;216;
0;1;549;375;
1;1;589;501;
2;1;547;372;
3;1;586;481;
4;1;534;848;
5;1;582;1076;
6;1;565;1062;
7;1;504;928;
8;1;529;1113;
9;1;580;1287;
10;1;501;1225;
11;1;583;1533;
12;1;510;1542;
13;1;578;1763;
14;1;503;1809;
15;1;502;1569;
16;1;589;1818;
17;1;522;1948;
18;1;522;2054;
19;1;576;1950;
20;1;552;2445;
21;1;519;2352;
22;1;582;2667;
23;1;525;2359;
24;1;559;2505;
25;1;509;2981;
26;1;583;2706;
27;1;548;2795;
28;1;506;3180;
29;1;543;3399;
30;1;595;3149;
31;1;511;3590;
32;1;586;3584;
33;1;570;3457;
34;1;543;3613;
35;1;514;3527;
36;1;554;3714;
37;1;562;4248;
38;1;558;3879;
39;1;596;4400;
40;1;593;4175;
41;1;527;4100;
42;1;595;4378;
43;1;570;4689;
44;1;502;4616;
45;1;560;4735;
46;1;557;4754;
47;1;531;4913;
48;1;554;5319;
49;1;553;5145;
