****7****
100
927;878;1;2;0;
570;772;1;2;0;
527;28;1;2;0;
146;174;1;2;0;
269;56;1;2;0;
132;41;1;2;0;
847;439;1;2;0;
818;878;1;2;0;
450;675;1;2;0;
328;527;1;2;0;
870;20;1;2;0;
973;89;1;2;0;
695;413;1;2;0;
152;352;1;2;0;
413;108;1;2;0;
930;339;1;2;0;
985;851;1;2;0;
462;863;1;2;0;
879;959;1;2;0;
37;147;1;2;0;
15;520;1;2;0;
539;213;1;2;0;
958;709;1;2;0;
442;759;1;2;0;
383;769;1;2;0;
285;604;1;2;0;
140;609;1;2;0;
44;835;1;2;0;
22;196;1;2;0;
538;434;1;2;0;
655;467;1;2;0;
124;639;1;2;0;
669;586;1;2;0;
853;899;1;2;0;
544;889;1;2;0;
46;910;1;2;0;
760;936;1;2;0;
474;717;1;2;0;
644;915;1;2;0;
475;26;1;2;0;
36;112;1;2;0;
982;175;1;2;0;
720;25;1;2;0;
361;741;1;2;0;
572;898;1;2;0;
174;226;1;2;0;
716;650;1;2;0;
216;737;1;2;0;
587;69;1;2;0;
635;130;1;2;0;
309;32;1;2;2193;
69;968;1;2;9796;
785;611;1;2;7598;
612;989;1;2;14711;
723;322;1;2;12944;
442;346;1;2;17202;
535;270;1;2;24057;
60;495;1;2;10839;
709;63;1;2;3734;
295;131;1;2;5994;
777;439;1;2;132;
520;859;1;2;5566;
736;996;1;2;12827;
219;607;1;2;13782;
385;681;1;2;20088;
430;474;1;2;2073;
835;8;1;2;1161;
841;420;1;2;2300;
563;128;1;2;14528;
21;775;1;2;21394;
466;903;1;2;13455;
942;422;1;2;19232;
737;157;1;2;1023;
494;376;1;2;23740;
592;112;1;2;6406;
10;893;1;2;23899;
774;727;1;2;22885;
511;920;1;2;16511;
743;482;1;2;22739;
36;855;1;2;17106;
812;320;1;2;1991;
26;613;1;2;6836;
450;701;1;2;18684;
222;194;1;2;17885;
599;137;1;2;893;
657;147;1;2;3404;
892;272;1;2;19869;
134;783;1;2;24342;
796;525;1;2;2661;
937;560;1;2;10811;
852;371;1;2;7032;
669;748;1;2;16457;
259;550;1;2;19651;
5;771;1;2;8937;
479;369;1;2;23097;
64;377;1;2;9466;
541;268;1;2;22367;
97;402;1;2;15206;
572;549;1;2;10789;
881;485;1;2;3139;
0;1;43;536;
1;1;38;525;
2;1;356;535;
3;1;470;514;
4;1;186;518;
5;1;470;506;
6;1;159;548;
7;1;177;538;
8;1;363;503;
9;1;312;504;
10;1;173;509;
11;1;352;526;
12;1;140;524;
13;1;474;543;
14;1;156;508;
15;1;209;548;
16;1;145;546;
17;1;222;550;
18;1;31;544;
19;1;465;518;
