****18****
100
72;51;1;2;0;
20;76;1;2;0;
55;49;1;2;0;
4;26;1;2;0;
19;40;1;2;0;
56;50;1;2;0;
1;13;1;2;0;
93;63;1;2;0;
62;91;1;2;0;
41;51;1;2;0;
25;99;1;2;0;
64;43;1;2;0;
5;20;1;2;0;
90;91;1;2;0;
40;20;1;2;0;
76;11;1;2;0;
70;95;1;2;0;
87;76;1;2;0;
96;42;1;2;0;
1;66;1;2;0;
34;57;1;2;0;
15;34;1;2;0;
69;7;1;2;0;
97;30;1;2;0;
49;89;1;2;0;
80;73;1;2;0;
40;96;1;2;0;
16;96;1;2;0;
67;57;1;2;0;
86;6;1;2;0;
77;13;1;2;0;
16;46;1;2;0;
59;54;1;2;0;
22;6;1;2;0;
96;74;1;2;0;
72;29;1;2;0;
30;86;1;2;0;
14;51;1;2;0;
45;62;1;2;0;
32;93;1;2;0;
51;64;1;2;0;
18;90;1;2;0;
59;85;1;2;0;
85;25;1;2;0;
41;22;1;2;0;
82;17;1;2;0;
86;97;1;2;0;
15;44;1;2;0;
51;88;1;2;0;
50;98;1;2;0;
61;21;1;2;119;
43;58;1;2;2354;
93;2;1;2;81;
76;47;1;2;1061;
39;64;1;2;595;
49;48;1;2;1796;
25;40;1;2;1788;
6;57;1;2;2003;
55;71;1;2;1447;
57;58;1;2;1899;
54;70;1;2;2037;
83;12;1;2;1182;
73;56;1;2;695;
25;32;1;2;1196;
79;22;1;2;862;
74;71;1;2;1080;
5;47;1;2;192;
57;53;1;2;463;
46;7;1;2;1159;
79;15;1;2;519;
60;68;1;2;1338;
14;50;1;2;537;
25;74;1;2;1779;
37;51;1;2;38;
48;81;1;2;62;
21;55;1;2;1099;
94;11;1;2;1562;
6;68;1;2;1868;
74;65;1;2;658;
16;43;1;2;116;
15;3;1;2;175;
83;68;1;2;954;
67;92;1;2;2307;
55;80;1;2;1815;
25;79;1;2;541;
17;100;1;2;1584;
31;45;1;2;1738;
92;50;1;2;291;
56;23;1;2;1747;
27;90;1;2;54;
63;4;1;2;2114;
67;38;1;2;2460;
71;5;1;2;2276;
49;11;1;2;2257;
77;35;1;2;1100;
38;4;1;2;2169;
52;86;1;2;1543;
77;77;1;2;1917;
21;33;1;2;1255;
30;11;1;2;716;
0;1;533;332;
1;1;588;365;
2;1;539;485;
3;1;562;429;
4;1;581;519;
5;1;510;770;
6;1;575;813;
7;1;578;947;
8;1;576;820;
9;1;528;994;
10;1;566;1377;
11;1;556;1622;
12;1;521;1405;
13;1;527;1587;
14;1;509;1524;
15;1;548;1884;
16;1;509;1639;
17;1;530;2149;
18;1;512;1950;
19;1;509;1900;
20;1;571;2138;
21;1;535;2577;
22;1;508;2471;
23;1;549;2596;
24;1;544;2412;
25;1;562;3044;
26;1;580;2888;
27;1;503;3187;
28;1;596;2872;
29;1;516;3104;
30;1;569;3536;
31;1;597;3553;
32;1;502;3234;
33;1;529;3458;
34;1;569;3816;
35;1;509;3950;
36;1;506;3786;
37;1;589;3748;
38;1;506;3924;
39;1;548;4008;
40;1;517;4422;
41;1;509;4332;
42;1;529;4458;
43;1;549;4821;
44;1;596;4439;
45;1;533;4647;
46;1;531;4678;
47;1;594;4936;
48;1;507;5211;
49;1;549;5282;
