****4****
100
67;70;1;2;0;
48;47;1;2;0;
16;8;1;2;0;
5;77;1;2;0;
19;44;1;2;0;
35;93;1;2;0;
29;79;1;2;0;
73;69;1;2;0;
50;84;1;2;0;
7;47;1;2;0;
30;47;1;2;0;
9;92;1;2;0;
95;8;1;2;0;
10;20;1;2;0;
26;84;1;2;0;
68;92;1;2;0;
5;67;1;2;0;
38;20;1;2;0;
26;94;1;2;0;
49;44;1;2;0;
37;83;1;2;0;
88;18;1;2;0;
13;60;1;2;0;
38;15;1;2;0;
96;44;1;2;0;
61;77;1;2;0;
42;69;1;2;0;
69;36;1;2;0;
29;30;1;2;0;
55;54;1;2;0;
65;75;1;2;0;
97;70;1;2;0;
41;35;1;2;0;
41;67;1;2;0;
80;89;1;2;0;
10;69;1;2;0;
23;50;1;2;0;
86;36;1;2;0;
9;23;1;2;0;
2;56;1;2;0;
18;62;1;2;0;
33;59;1;2;0;
82;53;1;2;0;
46;62;1;2;0;
82;1;1;2;0;
15;46;1;2;0;
27;12;1;2;0;
67;67;1;2;0;
98;8;1;2;0;
85;29;1;2;0;
96;47;1;2;1981;
71;96;1;2;1306;
58;56;1;2;1988;
59;12;1;2;500;
72;96;1;2;1418;
5;48;1;2;2327;
67;81;1;2;1;
33;78;1;2;302;
96;45;1;2;395;
45;52;1;2;379;
74;99;1;2;2361;
70;69;1;2;1155;
4;78;1;2;1524;
63;88;1;2;521;
40;59;1;2;2473;
26;64;1;2;412;
58;82;1;2;1981;
42;14;1;2;2203;
52;62;1;2;123;
81;6;1;2;1036;
94;79;1;2;1907;
5;1;1;2;2268;
11;56;1;2;1823;
24;18;1;2;85;
1;57;1;2;641;
24;83;1;2;1721;
43;40;1;2;21;
93;34;1;2;570;
69;85;1;2;676;
41;65;1;2;723;
64;10;1;2;1070;
86;66;1;2;1194;
28;76;1;2;2404;
47;52;1;2;1686;
54;4;1;2;2045;
72;27;1;2;2395;
4;21;1;2;67;
70;14;1;2;65;
49;82;1;2;192;
89;75;1;2;840;
86;38;1;2;2390;
62;23;1;2;2203;
90;2;1;2;1436;
21;49;1;2;1612;
22;54;1;2;754;
79;77;1;2;1335;
70;33;1;2;1268;
52;2;1;2;34;
68;50;1;2;2339;
68;90;1;2;806;
0;1;584;94;
1;1;587;682;
2;1;541;249;
3;1;554;547;
4;1;515;579;
5;1;503;707;
6;1;599;1015;
7;1;568;863;
8;1;554;1074;
9;1;583;1014;
10;1;529;1248;
11;1;574;1323;
12;1;600;1340;
13;1;531;1762;
14;1;560;1791;
15;1;575;1695;
16;1;598;2110;
17;1;557;2191;
18;1;574;1849;
19;1;572;1923;
20;1;586;2019;
21;1;554;2395;
22;1;597;2722;
23;1;563;2630;
24;1;569;2760;
25;1;524;2912;
26;1;556;3100;
27;1;578;2945;
28;1;542;3123;
29;1;582;2998;
30;1;531;3022;
31;1;596;3116;
32;1;569;3246;
33;1;522;3553;
34;1;566;3632;
35;1;533;3780;
36;1;566;3725;
37;1;539;4199;
38;1;558;3839;
39;1;515;4271;
40;1;599;4425;
41;1;575;4378;
42;1;539;4585;
43;1;561;4468;
44;1;516;4889;
45;1;532;4642;
46;1;502;5017;
47;1;531;4986;
48;1;532;4811;
49;1;515;5151;
