****13****
100
61;88;1;2;0;
60;46;1;2;0;
3;15;1;2;0;
88;9;1;2;0;
49;67;1;2;0;
43;39;1;2;0;
15;44;1;2;0;
81;23;1;2;0;
77;82;1;2;0;
78;18;1;2;0;
63;3;1;2;0;
89;29;1;2;0;
13;46;1;2;0;
43;85;1;2;0;
6;86;1;2;0;
94;67;1;2;0;
25;54;1;2;0;
64;28;1;2;0;
68;52;1;2;0;
88;16;1;2;0;
70;30;1;2;0;
54;36;1;2;0;
73;34;1;2;0;
59;49;1;2;0;
15;36;1;2;0;
18;29;1;2;0;
38;59;1;2;0;
10;2;1;2;0;
4;52;1;2;0;
86;62;1;2;0;
37;80;1;2;0;
80;14;1;2;0;
33;43;1;2;0;
41;52;1;2;0;
46;28;1;2;0;
19;16;1;2;0;
9;24;1;2;0;
51;82;1;2;0;
9;61;1;2;0;
82;75;1;2;0;
48;100;1;2;0;
4;37;1;2;0;
10;65;1;2;0;
39;13;1;2;0;
16;24;1;2;0;
26;5;1;2;0;
55;5;1;2;0;
18;39;1;2;0;
100;10;1;2;0;
90;45;1;2;0;
89;8;1;2;1748;
97;31;1;2;107;
78;91;1;2;1651;
12;66;1;2;1479;
63;21;1;2;370;
72;85;1;2;87;
84;100;1;2;912;
10;4;1;2;338;
66;73;1;2;255;
65;82;1;2;1399;
10;70;1;2;2364;
21;19;1;2;1158;
87;48;1;2;1971;
14;59;1;2;2105;
88;21;1;2;675;
50;92;1;2;354;
3;28;1;2;1408;
79;89;1;2;1290;
13;54;1;2;811;
34;19;1;2;1901;
97;80;1;2;181;
19;52;1;2;1510;
23;39;1;2;2019;
66;52;1;2;187;
26;91;1;2;1517;
6;92;1;2;668;
70;94;1;2;873;
86;24;1;2;49;
5;37;1;2;1306;
96;70;1;2;1099;
69;18;1;2;103;
16;36;1;2;70;
28;59;1;2;1106;
88;76;1;2;2363;
59;54;1;2;318;
50;59;1;2;346;
84;81;1;2;34;
46;66;1;2;294;
95;70;1;2;1465;
2;17;1;2;1303;
27;38;1;2;1209;
83;53;1;2;1048;
91;80;1;2;1980;
40;20;1;2;974;
41;30;1;2;138;
83;31;1;2;149;
65;14;1;2;1360;
45;59;1;2;181;
96;6;1;2;401;
35;7;1;2;331;
0;1;543;178;
1;1;535;625;
2;1;568;462;
3;1;535;569;
4;1;518;463;
5;1;550;686;
6;1;509;601;
7;1;518;878;
8;1;572;943;
9;1;576;1104;
10;1;562;1137;
11;1;533;1336;
12;1;530;1679;
13;1;577;1734;
14;1;514;1615;
15;1;559;1956;
16;1;521;1704;
17;1;529;1825;
18;1;531;1993;
19;1;550;2000;
20;1;572;2126;
21;1;537;2401;
22;1;540;2726;
23;1;545;2492;
24;1;554;2779;
25;1;503;2989;
26;1;542;2682;
27;1;539;3043;
28;1;566;2844;
29;1;584;3446;
30;1;502;3358;
31;1;587;3408;
32;1;587;3736;
33;1;514;3465;
34;1;529;3517;
35;1;570;3831;
36;1;513;3784;
37;1;584;4119;
38;1;564;4096;
39;1;566;4081;
40;1;600;4468;
41;1;536;4128;
42;1;555;4613;
43;1;563;4380;
44;1;541;4453;
45;1;599;4507;
46;1;541;4782;
47;1;520;5018;
48;1;551;4937;
49;1;600;4978;
