****0****
100
86;11;1;2;0;
75;23;1;2;0;
92;62;1;2;0;
60;2;1;2;0;
50;71;1;2;0;
83;100;1;2;0;
56;83;1;2;0;
56;39;1;2;0;
51;55;1;2;0;
63;62;1;2;0;
36;2;1;2;0;
11;36;1;2;0;
31;50;1;2;0;
65;72;1;2;0;
44;83;1;2;0;
93;30;1;2;0;
93;19;1;2;0;
4;36;1;2;0;
80;63;1;2;0;
38;81;1;2;0;
85;72;1;2;0;
80;40;1;2;0;
54;35;1;2;0;
78;4;1;2;0;
89;93;1;2;0;
18;76;1;2;0;
46;80;1;2;0;
12;76;1;2;0;
81;28;1;2;0;
99;24;1;2;0;
11;91;1;2;0;
53;55;1;2;0;
9;56;1;2;0;
43;41;1;2;0;
70;32;1;2;0;
21;54;1;2;0;
3;53;1;2;0;
93;56;1;2;0;
87;23;1;2;0;
11;28;1;2;0;
15;80;1;2;0;
3;60;1;2;0;
59;14;1;2;0;
87;39;1;2;0;
94;86;1;2;0;
63;4;1;2;0;
28;67;1;2;0;
10;89;1;2;0;
23;52;1;2;0;
81;44;1;2;0;
83;1;1;2;1954;
37;5;1;2;2032;
44;92;1;2;657;
55;19;1;2;267;
34;73;1;2;16;
45;87;1;2;1964;
35;32;1;2;1203;
97;35;1;2;1758;
16;96;1;2;1130;
90;100;1;2;1499;
33;34;1;2;216;
82;71;1;2;2453;
24;14;1;2;2222;
87;20;1;2;1152;
69;6;1;2;964;
9;50;1;2;760;
88;84;1;2;104;
52;33;1;2;1253;
44;48;1;2;2380;
75;89;1;2;523;
35;21;1;2;1317;
99;3;1;2;2141;
67;26;1;2;1025;
27;64;1;2;669;
8;32;1;2;1429;
10;93;1;2;1034;
50;80;1;2;307;
21;32;1;2;488;
78;27;1;2;711;
31;1;1;2;1975;
34;87;1;2;650;
19;85;1;2;1194;
78;4;1;2;636;
99;82;1;2;2134;
91;89;1;2;959;
88;99;1;2;2128;
34;48;1;2;102;
15;21;1;2;1087;
29;98;1;2;1843;
41;80;1;2;1000;
42;66;1;2;58;
15;36;1;2;1738;
42;14;1;2;989;
94;12;1;2;36;
61;54;1;2;33;
12;41;1;2;1941;
55;26;1;2;1522;
30;40;1;2;1380;
87;20;1;2;265;
71;61;1;2;565;
0;1;5;3;
1;1;44;136;
2;1;20;218;
3;1;32;304;
4;1;44;441;
5;1;4;502;
6;1;31;624;
7;1;10;700;
8;1;28;827;
9;1;40;903;
10;1;25;1016;
11;1;15;1111;
12;1;18;1207;
13;1;36;1318;
14;1;24;1403;
15;1;45;1532;
16;1;1;1600;
17;1;4;1703;
18;1;20;1815;
19;1;30;1913;
20;1;27;2008;
21;1;20;2117;
22;1;1;2200;
23;1;20;2319;
24;1;31;2414;
25;1;15;2510;
26;1;28;2615;
27;1;24;2704;
28;1;33;2809;
29;1;11;2907;
30;1;7;3003;
31;1;35;3131;
32;1;48;3237;
33;1;29;3306;
34;1;25;3409;
