****10****
100
91;49;1;2;0;
51;40;1;2;0;
54;23;1;2;0;
66;4;1;2;0;
96;68;1;2;0;
1;9;1;2;0;
39;44;1;2;0;
8;92;1;2;0;
26;9;1;2;0;
40;64;1;2;0;
31;75;1;2;0;
48;56;1;2;0;
41;71;1;2;0;
75;83;1;2;0;
56;27;1;2;0;
8;99;1;2;0;
28;10;1;2;0;
90;33;1;2;0;
33;55;1;2;0;
37;80;1;2;0;
75;89;1;2;0;
88;65;1;2;0;
33;96;1;2;0;
56;58;1;2;0;
4;47;1;2;0;
73;34;1;2;0;
22;21;1;2;0;
41;14;1;2;0;
43;15;1;2;0;
48;98;1;2;0;
94;55;1;2;0;
48;73;1;2;0;
17;37;1;2;0;
5;1;1;2;0;
92;93;1;2;0;
80;18;1;2;0;
82;20;1;2;0;
82;66;1;2;0;
15;37;1;2;0;
75;70;1;2;0;
36;47;1;2;0;
55;57;1;2;0;
67;47;1;2;0;
22;9;1;2;0;
13;69;1;2;0;
59;58;1;2;0;
76;58;1;2;0;
30;92;1;2;0;
95;87;1;2;0;
44;38;1;2;0;
79;23;1;2;2252;
12;42;1;2;1559;
77;8;1;2;140;
51;29;1;2;678;
98;83;1;2;145;
16;81;1;2;2194;
77;94;1;2;2358;
87;51;1;2;2314;
44;81;1;2;280;
38;19;1;2;2322;
27;97;1;2;728;
33;61;1;2;344;
20;37;1;2;1481;
48;88;1;2;996;
58;37;1;2;2122;
77;52;1;2;654;
16;80;1;2;1221;
76;66;1;2;128;
11;10;1;2;425;
89;99;1;2;1887;
10;26;1;2;1855;
54;10;1;2;1882;
91;82;1;2;1830;
35;29;1;2;430;
60;86;1;2;1503;
68;14;1;2;1523;
8;82;1;2;2338;
89;9;1;2;703;
72;20;1;2;1189;
88;8;1;2;1669;
21;18;1;2;2092;
3;23;1;2;2207;
97;13;1;2;1073;
28;99;1;2;1332;
45;11;1;2;1163;
51;30;1;2;713;
60;37;1;2;2173;
100;25;1;2;402;
54;48;1;2;218;
21;87;1;2;1901;
35;60;1;2;269;
77;62;1;2;1059;
77;11;1;2;2108;
10;38;1;2;2402;
71;82;1;2;435;
18;84;1;2;832;
82;95;1;2;1748;
75;95;1;2;1901;
28;100;1;2;1422;
1;21;1;2;741;
0;1;33;2;
1;1;34;111;
2;1;33;202;
3;1;7;304;
4;1;8;407;
5;1;21;520;
6;1;31;616;
7;1;28;708;
8;1;11;810;
9;1;3;901;
10;1;8;1001;
11;1;16;1111;
12;1;6;1202;
13;1;2;1301;
14;1;45;1443;
15;1;17;1511;
16;1;30;1611;
17;1;12;1707;
18;1;49;1821;
19;1;25;1905;
20;1;15;2005;
21;1;2;2101;
22;1;37;2233;
23;1;24;2310;
24;1;43;2401;
25;1;38;2521;
26;1;43;2624;
27;1;4;2702;
28;1;1;2800;
29;1;42;2901;
30;1;30;3009;
31;1;26;3122;
32;1;12;3201;
33;1;24;3317;
34;1;9;3406;
