****14****
100
46;81;1;2;0;
46;77;1;2;0;
100;95;1;2;0;
47;23;1;2;0;
67;67;1;2;0;
93;89;1;2;0;
94;66;1;2;0;
98;16;1;2;0;
27;26;1;2;0;
11;30;1;2;0;
27;23;1;2;0;
31;76;1;2;0;
82;47;1;2;0;
3;98;1;2;0;
47;57;1;2;0;
66;44;1;2;0;
38;63;1;2;0;
20;37;1;2;0;
57;18;1;2;0;
12;75;1;2;0;
84;4;1;2;0;
15;78;1;2;0;
70;12;1;2;0;
45;48;1;2;0;
38;8;1;2;0;
29;16;1;2;0;
82;60;1;2;0;
43;16;1;2;0;
58;45;1;2;0;
13;56;1;2;0;
2;78;1;2;0;
100;39;1;2;0;
40;71;1;2;0;
27;48;1;2;0;
89;90;1;2;0;
75;72;1;2;0;
94;89;1;2;0;
1;15;1;2;0;
1;98;1;2;0;
14;90;1;2;0;
57;94;1;2;0;
5;38;1;2;0;
5;99;1;2;0;
53;15;1;2;0;
43;65;1;2;0;
70;44;1;2;0;
94;21;1;2;0;
82;85;1;2;0;
92;61;1;2;0;
33;80;1;2;0;
50;7;1;2;2382;
95;47;1;2;1604;
61;47;1;2;1849;
74;88;1;2;777;
20;44;1;2;1137;
24;42;1;2;437;
38;85;1;2;958;
60;28;1;2;2312;
32;62;1;2;1997;
23;22;1;2;2407;
54;23;1;2;2010;
9;18;1;2;1284;
16;78;1;2;334;
72;4;1;2;1453;
84;23;1;2;405;
33;98;1;2;511;
87;88;1;2;1760;
58;99;1;2;1111;
70;30;1;2;2194;
18;53;1;2;1722;
51;58;1;2;2304;
89;66;1;2;631;
26;33;1;2;2459;
10;4;1;2;2175;
33;87;1;2;848;
99;72;1;2;759;
59;10;1;2;461;
55;67;1;2;638;
79;88;1;2;1062;
15;6;1;2;15;
73;56;1;2;2488;
5;96;1;2;862;
54;22;1;2;1745;
84;31;1;2;1984;
66;15;1;2;2360;
73;65;1;2;1508;
26;76;1;2;2366;
70;30;1;2;894;
60;8;1;2;1905;
32;23;1;2;2398;
55;47;1;2;2279;
36;3;1;2;1058;
87;8;1;2;22;
18;91;1;2;2003;
4;56;1;2;959;
29;29;1;2;2293;
25;6;1;2;1519;
31;28;1;2;399;
55;87;1;2;41;
14;18;1;2;142;
0;1;33;28;
1;1;39;132;
2;1;12;202;
3;1;25;322;
4;1;48;400;
5;1;15;505;
6;1;41;636;
7;1;46;714;
8;1;49;821;
9;1;34;915;
10;1;34;1008;
11;1;4;1100;
12;1;24;1203;
13;1;49;1321;
14;1;23;1418;
15;1;35;1524;
16;1;43;1607;
17;1;13;1704;
18;1;16;1800;
19;1;4;1903;
20;1;6;2003;
21;1;6;2103;
22;1;38;2204;
23;1;31;2303;
24;1;31;2417;
25;1;12;2503;
26;1;28;2600;
27;1;28;2723;
28;1;26;2815;
29;1;46;2915;
30;1;46;3003;
31;1;5;3104;
32;1;7;3200;
33;1;46;3318;
34;1;5;3403;
