****2****
100
21;59;1;2;0;
90;48;1;2;0;
76;87;1;2;0;
81;57;1;2;0;
96;23;1;2;0;
83;72;1;2;0;
1;81;1;2;0;
100;47;1;2;0;
72;54;1;2;0;
50;7;1;2;0;
79;89;1;2;0;
42;90;1;2;0;
38;61;1;2;0;
74;82;1;2;0;
66;67;1;2;0;
27;86;1;2;0;
78;68;1;2;0;
33;5;1;2;0;
55;66;1;2;0;
61;2;1;2;0;
88;96;1;2;0;
73;41;1;2;0;
76;24;1;2;0;
87;99;1;2;0;
77;37;1;2;0;
57;8;1;2;0;
77;98;1;2;0;
97;14;1;2;0;
10;23;1;2;0;
95;75;1;2;0;
41;74;1;2;0;
13;70;1;2;0;
41;97;1;2;0;
75;47;1;2;0;
62;87;1;2;0;
49;2;1;2;0;
82;73;1;2;0;
42;9;1;2;0;
97;28;1;2;0;
8;73;1;2;0;
16;16;1;2;0;
80;92;1;2;0;
66;29;1;2;0;
57;75;1;2;0;
3;4;1;2;0;
2;43;1;2;0;
77;14;1;2;0;
13;69;1;2;0;
10;87;1;2;0;
16;72;1;2;0;
73;16;1;2;1785;
7;88;1;2;664;
15;84;1;2;296;
74;9;1;2;1687;
42;40;1;2;4;
7;20;1;2;1078;
81;22;1;2;1589;
82;17;1;2;1313;
47;81;1;2;2278;
57;19;1;2;1631;
28;43;1;2;2226;
52;1;1;2;1482;
17;68;1;2;2195;
61;93;1;2;2010;
69;34;1;2;1511;
21;40;1;2;635;
29;73;1;2;2195;
92;6;1;2;810;
83;53;1;2;408;
42;9;1;2;1516;
21;88;1;2;1538;
62;91;1;2;686;
43;59;1;2;2429;
60;19;1;2;1658;
84;88;1;2;2036;
48;60;1;2;1804;
84;40;1;2;81;
41;31;1;2;1535;
18;13;1;2;510;
75;6;1;2;426;
50;26;1;2;2392;
71;40;1;2;690;
41;34;1;2;988;
30;93;1;2;1083;
60;29;1;2;160;
75;28;1;2;726;
29;11;1;2;1360;
8;3;1;2;1152;
44;20;1;2;1415;
80;46;1;2;1929;
28;95;1;2;1823;
63;18;1;2;824;
40;58;1;2;420;
75;88;1;2;302;
28;99;1;2;2484;
21;73;1;2;976;
72;53;1;2;1416;
15;12;1;2;997;
87;55;1;2;531;
76;86;1;2;428;
0;1;20;4;
1;1;25;115;
2;1;27;216;
3;1;4;301;
4;1;2;401;
5;1;42;504;
6;1;42;625;
7;1;39;724;
8;1;40;812;
9;1;9;903;
10;1;17;1002;
11;1;29;1127;
12;1;32;1231;
13;1;35;1329;
14;1;43;1406;
15;1;45;1541;
16;1;37;1623;
17;1;4;1703;
18;1;13;1809;
19;1;33;1920;
20;1;8;2000;
21;1;6;2101;
22;1;46;2229;
23;1;12;2306;
24;1;8;2401;
25;1;1;2500;
26;1;40;2629;
27;1;4;2703;
28;1;47;2814;
29;1;38;2928;
30;1;13;3008;
31;1;4;3100;
32;1;4;3200;
33;1;16;3307;
34;1;14;3400;
