****6****
100
89;9;1;2;0;
100;35;1;2;0;
77;21;1;2;0;
6;77;1;2;0;
59;91;1;2;0;
18;15;1;2;0;
26;90;1;2;0;
48;23;1;2;0;
40;2;1;2;0;
56;50;1;2;0;
16;31;1;2;0;
35;31;1;2;0;
41;58;1;2;0;
70;41;1;2;0;
66;74;1;2;0;
100;6;1;2;0;
82;99;1;2;0;
40;10;1;2;0;
20;97;1;2;0;
87;30;1;2;0;
39;56;1;2;0;
44;16;1;2;0;
45;44;1;2;0;
38;84;1;2;0;
45;45;1;2;0;
33;13;1;2;0;
27;20;1;2;0;
43;19;1;2;0;
77;64;1;2;0;
12;94;1;2;0;
37;11;1;2;0;
100;19;1;2;0;
10;91;1;2;0;
28;81;1;2;0;
88;66;1;2;0;
10;26;1;2;0;
21;53;1;2;0;
94;65;1;2;0;
96;83;1;2;0;
100;93;1;2;0;
28;85;1;2;0;
5;6;1;2;0;
4;47;1;2;0;
77;32;1;2;0;
10;88;1;2;0;
26;98;1;2;0;
98;25;1;2;0;
16;59;1;2;0;
67;96;1;2;0;
39;54;1;2;0;
61;48;1;2;1734;
82;53;1;2;1209;
98;100;1;2;1188;
50;92;1;2;574;
34;96;1;2;1763;
89;94;1;2;1521;
20;55;1;2;1817;
97;53;1;2;1672;
73;20;1;2;463;
40;15;1;2;1787;
45;76;1;2;688;
76;9;1;2;1312;
52;6;1;2;192;
11;55;1;2;822;
48;40;1;2;998;
91;28;1;2;877;
62;100;1;2;1149;
20;96;1;2;1400;
76;21;1;2;1526;
90;60;1;2;795;
42;4;1;2;2121;
94;32;1;2;1371;
98;35;1;2;1517;
54;45;1;2;1030;
49;45;1;2;848;
91;87;1;2;2293;
31;49;1;2;1102;
74;68;1;2;1510;
20;43;1;2;399;
38;84;1;2;926;
71;78;1;2;96;
78;71;1;2;2145;
94;21;1;2;779;
67;74;1;2;2191;
46;74;1;2;1955;
17;16;1;2;1836;
16;47;1;2;855;
65;20;1;2;827;
10;91;1;2;929;
27;81;1;2;1620;
3;51;1;2;2190;
83;28;1;2;828;
45;73;1;2;1346;
94;91;1;2;1434;
88;89;1;2;1920;
77;5;1;2;1297;
1;72;1;2;445;
77;37;1;2;515;
69;46;1;2;407;
7;25;1;2;1646;
0;1;28;2;
1;1;45;119;
2;1;9;201;
3;1;46;315;
4;1;47;404;
5;1;1;500;
6;1;3;600;
7;1;27;713;
8;1;15;811;
9;1;46;936;
10;1;3;1002;
11;1;44;1114;
12;1;20;1203;
13;1;37;1332;
14;1;22;1418;
15;1;30;1508;
16;1;37;1619;
17;1;25;1722;
18;1;48;1841;
19;1;5;1903;
20;1;8;2002;
21;1;32;2131;
22;1;45;2210;
23;1;3;2301;
24;1;42;2400;
25;1;29;2526;
26;1;1;2600;
27;1;37;2711;
28;1;37;2834;
29;1;8;2907;
30;1;35;3026;
31;1;9;3103;
32;1;11;3201;
33;1;22;3307;
34;1;5;3402;
