****17****
100
54;40;1;2;0;
75;45;1;2;0;
7;67;1;2;0;
9;83;1;2;0;
72;91;1;2;0;
71;27;1;2;0;
11;77;1;2;0;
58;31;1;2;0;
84;75;1;2;0;
6;72;1;2;0;
72;53;1;2;0;
90;46;1;2;0;
100;45;1;2;0;
1;70;1;2;0;
99;67;1;2;0;
90;4;1;2;0;
6;16;1;2;0;
48;13;1;2;0;
82;57;1;2;0;
47;53;1;2;0;
99;18;1;2;0;
31;9;1;2;0;
94;89;1;2;0;
39;29;1;2;0;
15;45;1;2;0;
53;39;1;2;0;
49;94;1;2;0;
84;1;1;2;0;
39;36;1;2;0;
70;89;1;2;0;
2;11;1;2;0;
92;60;1;2;0;
26;40;1;2;0;
72;8;1;2;0;
48;70;1;2;0;
12;98;1;2;0;
39;43;1;2;0;
6;85;1;2;0;
83;96;1;2;0;
13;49;1;2;0;
92;17;1;2;0;
87;93;1;2;0;
11;23;1;2;0;
93;1;1;2;0;
10;14;1;2;0;
89;12;1;2;0;
25;80;1;2;0;
23;50;1;2;0;
71;46;1;2;0;
9;70;1;2;0;
15;73;1;2;2298;
54;67;1;2;1917;
38;49;1;2;2229;
2;49;1;2;39;
19;88;1;2;56;
81;10;1;2;1776;
81;19;1;2;173;
21;82;1;2;799;
52;4;1;2;1212;
75;49;1;2;241;
44;16;1;2;147;
63;69;1;2;1416;
38;58;1;2;2255;
9;11;1;2;2150;
24;29;1;2;1134;
82;61;1;2;668;
33;93;1;2;1211;
97;13;1;2;1373;
37;65;1;2;1048;
26;39;1;2;479;
76;34;1;2;898;
98;48;1;2;471;
38;86;1;2;1832;
26;46;1;2;1413;
15;21;1;2;2373;
90;3;1;2;775;
27;87;1;2;1107;
82;83;1;2;1552;
70;71;1;2;1694;
14;48;1;2;1403;
7;24;1;2;738;
66;73;1;2;1999;
46;11;1;2;2102;
34;88;1;2;779;
81;54;1;2;568;
9;44;1;2;1528;
49;70;1;2;432;
81;3;1;2;2457;
78;72;1;2;899;
39;86;1;2;1974;
42;44;1;2;924;
79;9;1;2;395;
63;6;1;2;1806;
84;40;1;2;2408;
50;72;1;2;1858;
89;32;1;2;1285;
30;32;1;2;1364;
57;65;1;2;803;
18;42;1;2;977;
49;33;1;2;438;
0;1;30;13;
1;1;49;124;
2;1;2;201;
3;1;9;308;
4;1;15;403;
5;1;49;533;
6;1;27;608;
7;1;30;707;
8;1;39;811;
9;1;32;908;
10;1;43;1025;
11;1;27;1117;
12;1;26;1208;
13;1;50;1345;
14;1;47;1440;
15;1;2;1501;
16;1;6;1601;
17;1;9;1708;
18;1;9;1803;
19;1;25;1900;
20;1;18;2004;
21;1;33;2127;
22;1;25;2211;
23;1;3;2300;
24;1;25;2410;
25;1;34;2530;
26;1;14;2601;
27;1;27;2716;
28;1;8;2803;
29;1;36;2932;
30;1;8;3004;
31;1;32;3104;
32;1;39;3234;
33;1;25;3323;
34;1;11;3408;
