****13****
100
95;27;1;2;0;
33;12;1;2;0;
22;98;1;2;0;
92;39;1;2;0;
40;29;1;2;0;
30;35;1;2;0;
98;51;1;2;0;
75;49;1;2;0;
93;15;1;2;0;
1;78;1;2;0;
16;48;1;2;0;
43;80;1;2;0;
73;63;1;2;0;
32;59;1;2;0;
12;46;1;2;0;
92;6;1;2;0;
24;24;1;2;0;
17;46;1;2;0;
74;61;1;2;0;
84;13;1;2;0;
41;65;1;2;0;
99;90;1;2;0;
15;25;1;2;0;
38;60;1;2;0;
40;38;1;2;0;
37;55;1;2;0;
85;31;1;2;0;
87;9;1;2;0;
93;18;1;2;0;
19;57;1;2;0;
15;11;1;2;0;
62;90;1;2;0;
86;31;1;2;0;
35;59;1;2;0;
43;70;1;2;0;
23;35;1;2;0;
34;22;1;2;0;
24;1;1;2;0;
46;61;1;2;0;
60;37;1;2;0;
50;48;1;2;0;
44;86;1;2;0;
79;30;1;2;0;
94;23;1;2;0;
47;12;1;2;0;
79;13;1;2;0;
74;93;1;2;0;
2;60;1;2;0;
75;89;1;2;0;
70;69;1;2;0;
58;93;1;2;2250;
44;66;1;2;1080;
44;11;1;2;2204;
3;48;1;2;270;
2;43;1;2;719;
80;72;1;2;233;
55;70;1;2;1318;
33;82;1;2;527;
77;35;1;2;1108;
51;23;1;2;190;
19;33;1;2;2250;
21;76;1;2;1836;
98;19;1;2;1889;
87;73;1;2;1838;
25;74;1;2;354;
48;6;1;2;2350;
64;60;1;2;2067;
44;44;1;2;89;
49;21;1;2;2471;
13;23;1;2;495;
46;42;1;2;2148;
24;14;1;2;2425;
14;64;1;2;1607;
67;50;1;2;135;
71;75;1;2;1093;
65;22;1;2;1342;
30;86;1;2;1807;
16;81;1;2;2248;
35;81;1;2;1057;
37;93;1;2;1653;
65;90;1;2;499;
25;13;1;2;2350;
60;27;1;2;780;
65;45;1;2;498;
42;16;1;2;1773;
96;32;1;2;326;
56;14;1;2;1393;
74;29;1;2;1291;
88;64;1;2;549;
22;52;1;2;273;
79;68;1;2;657;
28;92;1;2;1454;
43;51;1;2;1996;
21;67;1;2;1671;
49;60;1;2;2322;
2;55;1;2;1800;
25;10;1;2;2458;
37;36;1;2;1359;
81;75;1;2;1096;
5;49;1;2;1639;
0;1;23;2;
1;1;22;116;
2;1;6;200;
3;1;1;300;
4;1;15;413;
5;1;21;505;
6;1;43;609;
7;1;42;738;
8;1;23;807;
9;1;46;926;
10;1;8;1007;
11;1;38;1100;
12;1;40;1207;
13;1;20;1311;
14;1;25;1417;
15;1;46;1530;
16;1;46;1615;
17;1;27;1720;
18;1;32;1826;
19;1;5;1901;
20;1;27;2018;
21;1;29;2120;
22;1;48;2202;
23;1;24;2323;
24;1;19;2403;
25;1;21;2502;
26;1;22;2609;
27;1;23;2705;
28;1;27;2807;
29;1;4;2900;
30;1;13;3000;
31;1;48;3123;
32;1;17;3214;
33;1;14;3305;
34;1;5;3403;
