****16****
100
50;38;1;2;0;
40;24;1;2;0;
31;73;1;2;0;
23;79;1;2;0;
1;53;1;2;0;
33;18;1;2;0;
90;63;1;2;0;
23;50;1;2;0;
42;39;1;2;0;
75;5;1;2;0;
66;68;1;2;0;
28;79;1;2;0;
57;94;1;2;0;
55;42;1;2;0;
71;68;1;2;0;
62;20;1;2;0;
57;53;1;2;0;
95;40;1;2;0;
77;17;1;2;0;
18;77;1;2;0;
21;50;1;2;0;
94;10;1;2;0;
64;16;1;2;0;
12;5;1;2;0;
6;38;1;2;0;
10;71;1;2;0;
5;89;1;2;0;
2;13;1;2;0;
82;56;1;2;0;
55;52;1;2;0;
76;68;1;2;0;
23;32;1;2;0;
20;18;1;2;0;
71;97;1;2;0;
86;40;1;2;0;
73;7;1;2;0;
89;19;1;2;0;
68;53;1;2;0;
34;31;1;2;0;
9;92;1;2;0;
68;18;1;2;0;
14;25;1;2;0;
58;15;1;2;0;
37;91;1;2;0;
71;43;1;2;0;
42;98;1;2;0;
10;17;1;2;0;
29;82;1;2;0;
34;52;1;2;0;
78;71;1;2;0;
43;2;1;2;1836;
32;72;1;2;1466;
36;58;1;2;431;
44;49;1;2;2333;
14;62;1;2;1234;
23;29;1;2;1797;
14;99;1;2;1164;
7;96;1;2;2130;
23;76;1;2;96;
8;79;1;2;370;
79;22;1;2;757;
7;5;1;2;974;
3;40;1;2;96;
82;35;1;2;2330;
28;100;1;2;1333;
98;23;1;2;1395;
56;36;1;2;398;
57;42;1;2;731;
20;65;1;2;1030;
11;24;1;2;47;
84;2;1;2;422;
10;9;1;2;103;
7;63;1;2;1302;
62;96;1;2;2334;
16;75;1;2;2039;
32;72;1;2;2354;
76;80;1;2;1805;
22;36;1;2;758;
63;55;1;2;314;
32;18;1;2;375;
31;53;1;2;243;
3;14;1;2;1752;
31;20;1;2;1372;
98;81;1;2;2032;
51;97;1;2;1067;
4;80;1;2;2210;
79;56;1;2;2260;
89;77;1;2;2381;
93;92;1;2;2203;
12;23;1;2;1826;
55;5;1;2;1620;
100;59;1;2;2346;
4;89;1;2;2478;
71;86;1;2;2113;
86;36;1;2;1082;
75;92;1;2;718;
87;70;1;2;2417;
79;11;1;2;1575;
58;55;1;2;1425;
43;18;1;2;498;
0;1;48;24;
1;1;6;105;
2;1;24;201;
3;1;26;318;
4;1;2;400;
5;1;2;500;
6;1;40;618;
7;1;25;709;
8;1;13;807;
9;1;11;906;
10;1;37;1000;
11;1;27;1100;
12;1;3;1200;
13;1;5;1303;
14;1;29;1403;
15;1;30;1525;
16;1;47;1639;
17;1;31;1724;
18;1;49;1831;
19;1;2;1900;
20;1;26;2016;
21;1;39;2101;
22;1;41;2205;
23;1;27;2312;
24;1;32;2420;
25;1;4;2500;
26;1;5;2601;
27;1;19;2715;
28;1;18;2803;
29;1;37;2928;
30;1;48;3038;
31;1;23;3108;
32;1;4;3202;
33;1;19;3315;
34;1;15;3414;
