****7****
100
55;62;1;2;0;
85;88;1;2;0;
74;81;1;2;0;
48;78;1;2;0;
91;91;1;2;0;
78;19;1;2;0;
37;78;1;2;0;
43;25;1;2;0;
50;81;1;2;0;
49;7;1;2;0;
41;85;1;2;0;
95;49;1;2;0;
59;7;1;2;0;
83;81;1;2;0;
66;87;1;2;0;
10;72;1;2;0;
1;46;1;2;0;
60;74;1;2;0;
26;59;1;2;0;
51;16;1;2;0;
50;81;1;2;0;
87;38;1;2;0;
58;81;1;2;0;
62;59;1;2;0;
61;10;1;2;0;
17;1;1;2;0;
94;12;1;2;0;
1;4;1;2;0;
70;84;1;2;0;
36;88;1;2;0;
70;46;1;2;0;
59;70;1;2;0;
91;70;1;2;0;
95;17;1;2;0;
29;46;1;2;0;
84;30;1;2;0;
26;70;1;2;0;
67;35;1;2;0;
2;28;1;2;0;
46;63;1;2;0;
89;62;1;2;0;
15;34;1;2;0;
25;16;1;2;0;
37;95;1;2;0;
99;73;1;2;0;
82;20;1;2;0;
70;92;1;2;0;
42;60;1;2;0;
62;36;1;2;0;
28;42;1;2;0;
33;64;1;2;716;
10;85;1;2;2496;
45;87;1;2;149;
42;49;1;2;2396;
55;15;1;2;184;
32;30;1;2;2314;
78;80;1;2;1408;
11;100;1;2;223;
2;41;1;2;1590;
15;28;1;2;2500;
56;61;1;2;2220;
26;70;1;2;1263;
62;66;1;2;1308;
29;7;1;2;2040;
32;62;1;2;1809;
20;93;1;2;601;
97;70;1;2;1026;
45;80;1;2;1358;
63;33;1;2;992;
92;48;1;2;145;
48;3;1;2;12;
20;81;1;2;916;
76;94;1;2;1423;
18;23;1;2;1908;
12;6;1;2;1478;
68;78;1;2;1287;
54;74;1;2;2325;
72;18;1;2;901;
40;32;1;2;1082;
49;23;1;2;2146;
85;23;1;2;1754;
33;94;1;2;621;
98;21;1;2;1245;
81;90;1;2;1275;
71;1;1;2;604;
73;68;1;2;1920;
20;74;1;2;36;
87;97;1;2;1361;
86;36;1;2;1121;
17;36;1;2;906;
47;20;1;2;714;
79;4;1;2;271;
44;54;1;2;838;
2;34;1;2;1224;
82;56;1;2;970;
67;81;1;2;1881;
82;52;1;2;2064;
69;90;1;2;42;
26;75;1;2;2180;
15;43;1;2;1964;
0;1;28;8;
1;1;25;114;
2;1;22;207;
3;1;45;329;
4;1;31;420;
5;1;16;508;
6;1;38;614;
7;1;22;708;
8;1;15;803;
9;1;39;916;
10;1;7;1004;
11;1;15;1111;
12;1;4;1201;
13;1;23;1307;
14;1;6;1401;
15;1;24;1520;
16;1;8;1605;
17;1;49;1716;
18;1;27;1823;
19;1;43;1939;
20;1;43;2028;
21;1;26;2109;
22;1;8;2204;
23;1;10;2304;
24;1;3;2401;
25;1;22;2512;
26;1;23;2614;
27;1;7;2702;
28;1;30;2829;
29;1;49;2944;
30;1;47;3008;
31;1;22;3117;
32;1;21;3204;
33;1;33;3313;
34;1;17;3401;
