****5****
100
33;97;1;2;0;
26;28;1;2;0;
60;1;1;2;0;
46;75;1;2;0;
19;42;1;2;0;
12;41;1;2;0;
89;89;1;2;0;
93;24;1;2;0;
95;55;1;2;0;
36;50;1;2;0;
11;84;1;2;0;
12;97;1;2;0;
42;22;1;2;0;
58;4;1;2;0;
19;14;1;2;0;
92;3;1;2;0;
10;17;1;2;0;
82;22;1;2;0;
70;28;1;2;0;
96;88;1;2;0;
21;7;1;2;0;
28;9;1;2;0;
47;73;1;2;0;
32;41;1;2;0;
27;19;1;2;0;
91;89;1;2;0;
54;54;1;2;0;
38;96;1;2;0;
75;47;1;2;0;
99;46;1;2;0;
61;42;1;2;0;
100;22;1;2;0;
11;82;1;2;0;
43;80;1;2;0;
61;90;1;2;0;
67;81;1;2;0;
97;46;1;2;0;
41;43;1;2;0;
18;24;1;2;0;
36;96;1;2;0;
95;26;1;2;0;
85;48;1;2;0;
31;22;1;2;0;
43;6;1;2;0;
20;93;1;2;0;
3;80;1;2;0;
87;2;1;2;0;
54;97;1;2;0;
83;48;1;2;0;
76;43;1;2;0;
38;94;1;2;131;
34;39;1;2;889;
28;9;1;2;365;
63;4;1;2;1382;
40;40;1;2;2365;
71;13;1;2;415;
28;33;1;2;2336;
30;64;1;2;90;
31;17;1;2;1519;
66;17;1;2;2392;
8;54;1;2;1621;
35;39;1;2;1819;
1;18;1;2;774;
91;81;1;2;1205;
27;72;1;2;59;
59;42;1;2;767;
85;69;1;2;1077;
7;98;1;2;710;
64;81;1;2;536;
68;46;1;2;153;
100;5;1;2;893;
72;39;1;2;1428;
87;92;1;2;398;
58;82;1;2;1252;
85;9;1;2;1414;
51;19;1;2;342;
29;55;1;2;1985;
40;61;1;2;1091;
14;76;1;2;1887;
56;44;1;2;2244;
15;43;1;2;467;
78;66;1;2;1695;
80;53;1;2;1814;
51;10;1;2;1191;
54;46;1;2;1209;
76;96;1;2;1732;
92;25;1;2;678;
29;64;1;2;380;
63;29;1;2;931;
29;84;1;2;1353;
40;50;1;2;1537;
7;28;1;2;604;
65;59;1;2;376;
14;61;1;2;1623;
97;14;1;2;556;
87;41;1;2;2236;
48;33;1;2;2426;
62;13;1;2;2207;
89;75;1;2;2287;
92;55;1;2;706;
0;1;37;15;
1;1;14;108;
2;1;2;200;
3;1;34;316;
4;1;1;400;
5;1;32;516;
6;1;13;600;
7;1;24;716;
8;1;17;816;
9;1;41;909;
10;1;49;1016;
11;1;29;1121;
12;1;31;1224;
13;1;37;1303;
14;1;11;1405;
15;1;25;1523;
16;1;36;1606;
17;1;27;1706;
18;1;31;1824;
19;1;7;1906;
20;1;6;2002;
21;1;44;2104;
22;1;20;2219;
23;1;49;2321;
24;1;36;2420;
25;1;5;2500;
26;1;21;2609;
27;1;46;2728;
28;1;3;2800;
29;1;9;2907;
30;1;24;3009;
31;1;13;3106;
32;1;24;3207;
33;1;49;3306;
34;1;3;3401;
