****15****
100
90;12;1;2;0;
18;97;1;2;0;
12;8;1;2;0;
51;42;1;2;0;
96;81;1;2;0;
7;7;1;2;0;
96;86;1;2;0;
23;23;1;2;0;
89;50;1;2;0;
1;36;1;2;0;
97;46;1;2;0;
18;3;1;2;0;
88;74;1;2;0;
69;33;1;2;0;
48;76;1;2;0;
31;89;1;2;0;
87;48;1;2;0;
37;98;1;2;0;
55;88;1;2;0;
39;50;1;2;0;
20;97;1;2;0;
8;68;1;2;0;
83;82;1;2;0;
90;71;1;2;0;
31;42;1;2;0;
59;80;1;2;0;
40;76;1;2;0;
82;27;1;2;0;
1;3;1;2;0;
11;49;1;2;0;
78;41;1;2;0;
89;64;1;2;0;
40;26;1;2;0;
14;95;1;2;0;
65;4;1;2;0;
96;84;1;2;0;
1;56;1;2;0;
51;83;1;2;0;
89;93;1;2;0;
5;20;1;2;0;
86;63;1;2;0;
51;25;1;2;0;
90;32;1;2;0;
3;91;1;2;0;
86;13;1;2;0;
91;63;1;2;0;
53;31;1;2;0;
79;45;1;2;0;
56;44;1;2;0;
91;72;1;2;0;
47;86;1;2;483;
47;93;1;2;1279;
81;82;1;2;701;
38;53;1;2;1335;
52;3;1;2;552;
94;86;1;2;1256;
84;72;1;2;1175;
26;86;1;2;114;
56;16;1;2;1279;
64;59;1;2;2324;
35;6;1;2;1580;
42;4;1;2;1473;
100;37;1;2;961;
1;26;1;2;2291;
36;77;1;2;1658;
100;22;1;2;912;
14;5;1;2;2059;
92;82;1;2;11;
75;38;1;2;1484;
2;1;1;2;2440;
19;87;1;2;2485;
74;29;1;2;1874;
21;80;1;2;837;
1;80;1;2;1278;
33;68;1;2;1040;
19;67;1;2;960;
42;32;1;2;2457;
37;75;1;2;7;
69;50;1;2;1536;
16;3;1;2;183;
70;22;1;2;767;
33;95;1;2;1269;
100;67;1;2;468;
2;19;1;2;1568;
30;51;1;2;907;
86;21;1;2;1534;
15;14;1;2;2210;
49;50;1;2;1608;
65;70;1;2;2346;
69;86;1;2;701;
74;7;1;2;1503;
69;40;1;2;1328;
92;39;1;2;1655;
94;40;1;2;942;
27;21;1;2;1482;
80;58;1;2;2434;
98;73;1;2;2210;
48;21;1;2;369;
72;85;1;2;1926;
49;54;1;2;863;
0;1;26;12;
1;1;31;123;
2;1;49;229;
3;1;23;322;
4;1;10;407;
5;1;35;531;
6;1;18;600;
7;1;24;718;
8;1;42;805;
9;1;7;901;
10;1;6;1000;
11;1;39;1124;
12;1;47;1216;
13;1;13;1301;
14;1;10;1407;
15;1;10;1504;
16;1;48;1635;
17;1;13;1701;
18;1;12;1805;
19;1;35;1902;
20;1;25;2020;
21;1;24;2105;
22;1;33;2227;
23;1;46;2310;
24;1;31;2405;
25;1;16;2509;
26;1;31;2629;
27;1;11;2708;
28;1;17;2803;
29;1;12;2903;
30;1;42;3012;
31;1;12;3108;
32;1;15;3201;
33;1;34;3321;
34;1;14;3407;
