****8****
100
8;11;1;2;0;
89;85;1;2;0;
41;46;1;2;0;
34;2;1;2;0;
22;38;1;2;0;
50;94;1;2;0;
48;24;1;2;0;
81;7;1;2;0;
100;10;1;2;0;
36;48;1;2;0;
47;34;1;2;0;
71;68;1;2;0;
37;43;1;2;0;
39;21;1;2;0;
93;57;1;2;0;
100;53;1;2;0;
68;88;1;2;0;
37;60;1;2;0;
85;22;1;2;0;
61;7;1;2;0;
11;63;1;2;0;
100;11;1;2;0;
86;32;1;2;0;
17;37;1;2;0;
42;4;1;2;0;
84;88;1;2;0;
37;6;1;2;0;
7;25;1;2;0;
100;45;1;2;0;
46;93;1;2;0;
54;45;1;2;0;
45;21;1;2;0;
84;33;1;2;0;
80;20;1;2;0;
55;92;1;2;0;
26;65;1;2;0;
54;77;1;2;0;
27;40;1;2;0;
9;43;1;2;0;
76;2;1;2;0;
46;12;1;2;0;
89;34;1;2;0;
69;47;1;2;0;
59;69;1;2;0;
91;4;1;2;0;
61;96;1;2;0;
100;57;1;2;0;
16;35;1;2;0;
89;47;1;2;0;
54;43;1;2;0;
39;32;1;2;1431;
92;8;1;2;1200;
83;68;1;2;28;
11;69;1;2;588;
22;9;1;2;1589;
90;55;1;2;445;
10;98;1;2;1767;
70;93;1;2;358;
78;61;1;2;1083;
67;59;1;2;1831;
61;97;1;2;1320;
72;41;1;2;482;
10;75;1;2;1131;
42;85;1;2;2063;
19;6;1;2;1260;
82;48;1;2;1391;
3;9;1;2;1396;
79;79;1;2;2327;
6;8;1;2;1350;
67;74;1;2;1637;
82;35;1;2;1774;
27;6;1;2;227;
84;67;1;2;2477;
57;8;1;2;920;
2;79;1;2;2450;
55;60;1;2;388;
15;15;1;2;2200;
24;45;1;2;1688;
78;51;1;2;1001;
91;17;1;2;1051;
63;50;1;2;1064;
36;77;1;2;2477;
96;12;1;2;1487;
35;68;1;2;623;
7;21;1;2;476;
88;76;1;2;136;
16;42;1;2;47;
52;66;1;2;1980;
71;95;1;2;1292;
45;85;1;2;1565;
44;100;1;2;2135;
30;35;1;2;1820;
73;82;1;2;1102;
82;17;1;2;1116;
99;75;1;2;1422;
46;62;1;2;783;
53;77;1;2;588;
73;80;1;2;2236;
90;50;1;2;552;
57;94;1;2;1890;
0;1;41;21;
1;1;28;109;
2;1;21;216;
3;1;37;332;
4;1;46;430;
5;1;26;505;
6;1;5;601;
7;1;36;703;
8;1;22;814;
9;1;9;903;
10;1;25;1014;
11;1;49;1126;
12;1;40;1237;
13;1;6;1301;
14;1;47;1422;
15;1;13;1500;
16;1;40;1629;
17;1;14;1703;
18;1;4;1801;
19;1;4;1902;
20;1;12;2001;
21;1;14;2102;
22;1;8;2206;
23;1;36;2302;
24;1;49;2410;
25;1;5;2502;
26;1;36;2610;
27;1;28;2724;
28;1;44;2810;
29;1;9;2901;
30;1;36;3016;
31;1;28;3100;
32;1;12;3206;
33;1;39;3317;
34;1;42;3441;
