****0****
100
575;561;1;2;0;
537;595;1;2;0;
592;522;1;2;0;
517;530;1;2;0;
521;543;1;2;0;
510;501;1;2;0;
556;597;1;2;0;
515;515;1;2;0;
565;516;1;2;0;
512;513;1;2;0;
519;512;1;2;0;
577;518;1;2;0;
518;577;1;2;0;
523;594;1;2;0;
557;568;1;2;0;
550;585;1;2;0;
582;587;1;2;0;
580;574;1;2;0;
510;549;1;2;0;
557;583;1;2;0;
592;567;1;2;0;
536;548;1;2;0;
516;552;1;2;0;
515;581;1;2;0;
520;528;1;2;0;
546;592;1;2;0;
592;524;1;2;0;
562;563;1;2;0;
553;585;1;2;0;
557;511;1;2;0;
505;507;1;2;0;
548;587;1;2;0;
547;528;1;2;0;
514;509;1;2;0;
577;523;1;2;0;
544;521;1;2;0;
542;580;1;2;0;
569;511;1;2;0;
584;537;1;2;0;
544;505;1;2;0;
517;591;1;2;0;
549;509;1;2;0;
567;511;1;2;0;
572;520;1;2;0;
548;582;1;2;0;
583;505;1;2;0;
541;531;1;2;0;
593;588;1;2;0;
559;559;1;2;0;
597;588;1;2;0;
534;593;1;2;12062;
576;574;1;2;385;
587;558;1;2;12116;
532;515;1;2;10256;
575;564;1;2;9737;
542;527;1;2;6210;
562;575;1;2;10511;
546;581;1;2;5135;
577;526;1;2;10892;
589;585;1;2;1957;
577;571;1;2;814;
539;547;1;2;1272;
570;587;1;2;824;
590;571;1;2;3766;
527;546;1;2;7098;
525;588;1;2;7831;
596;502;1;2;2989;
549;548;1;2;12096;
596;526;1;2;6709;
531;515;1;2;7477;
567;544;1;2;11628;
545;583;1;2;3654;
549;505;1;2;2107;
564;547;1;2;4260;
594;526;1;2;2307;
588;552;1;2;277;
562;548;1;2;12024;
512;550;1;2;12816;
542;546;1;2;8503;
551;529;1;2;12902;
544;596;1;2;5405;
561;594;1;2;1805;
525;595;1;2;5049;
528;559;1;2;3482;
502;553;1;2;3629;
574;594;1;2;11500;
538;556;1;2;13261;
552;520;1;2;11964;
567;515;1;2;9016;
508;518;1;2;1558;
516;562;1;2;5298;
521;575;1;2;7300;
561;500;1;2;1378;
558;528;1;2;2106;
503;582;1;2;9523;
575;508;1;2;6953;
598;546;1;2;8520;
570;599;1;2;3464;
544;566;1;2;7609;
564;527;1;2;6456;
0;1;241;241;
1;1;144;694;
2;1;52;1152;
3;1;266;1916;
4;1;167;2367;
5;1;3;2753;
6;1;186;3486;
7;1;30;3880;
8;1;130;4530;
9;1;52;5002;
10;1;214;5714;
11;1;234;6284;
12;1;178;6778;
13;1;94;7244;
14;1;216;7916;
15;1;32;8282;
16;1;94;8894;
17;1;227;9577;
18;1;232;10132;
19;1;245;10695;
