****11****
100
529;568;1;2;0;
569;571;1;2;0;
594;558;1;2;0;
550;585;1;2;0;
544;552;1;2;0;
545;540;1;2;0;
536;511;1;2;0;
567;533;1;2;0;
597;594;1;2;0;
560;526;1;2;0;
595;582;1;2;0;
599;517;1;2;0;
531;542;1;2;0;
591;504;1;2;0;
522;580;1;2;0;
562;503;1;2;0;
548;532;1;2;0;
574;594;1;2;0;
542;576;1;2;0;
580;586;1;2;0;
528;577;1;2;0;
526;516;1;2;0;
588;545;1;2;0;
549;537;1;2;0;
539;562;1;2;0;
516;586;1;2;0;
544;567;1;2;0;
556;527;1;2;0;
509;599;1;2;0;
531;583;1;2;0;
579;594;1;2;0;
539;579;1;2;0;
578;565;1;2;0;
574;520;1;2;0;
542;554;1;2;0;
506;522;1;2;0;
531;584;1;2;0;
539;571;1;2;0;
529;540;1;2;0;
561;521;1;2;0;
502;577;1;2;0;
559;546;1;2;0;
544;567;1;2;0;
573;505;1;2;0;
567;557;1;2;0;
589;546;1;2;0;
551;580;1;2;0;
526;529;1;2;0;
545;552;1;2;0;
501;587;1;2;0;
506;507;1;2;6355;
589;543;1;2;4224;
512;572;1;2;9068;
573;545;1;2;3573;
550;557;1;2;8671;
546;524;1;2;3125;
552;591;1;2;6149;
593;590;1;2;13574;
573;516;1;2;12938;
570;520;1;2;1291;
558;526;1;2;12043;
520;567;1;2;3442;
521;579;1;2;1901;
562;553;1;2;3321;
558;555;1;2;1331;
501;554;1;2;3676;
569;558;1;2;2566;
594;551;1;2;4498;
522;576;1;2;3599;
531;546;1;2;1119;
589;556;1;2;2089;
558;576;1;2;4224;
518;597;1;2;7649;
554;560;1;2;2275;
536;518;1;2;103;
575;571;1;2;1065;
591;540;1;2;12798;
550;534;1;2;1964;
547;508;1;2;13634;
564;539;1;2;5041;
501;580;1;2;12343;
516;538;1;2;10662;
598;508;1;2;495;
511;563;1;2;8389;
582;599;1;2;6686;
508;527;1;2;4059;
588;518;1;2;13653;
526;520;1;2;10388;
567;519;1;2;4107;
584;583;1;2;11479;
599;536;1;2;12584;
523;552;1;2;1987;
572;502;1;2;608;
522;565;1;2;6621;
532;547;1;2;5867;
512;555;1;2;3405;
564;543;1;2;9205;
509;521;1;2;12082;
540;588;1;2;12805;
579;572;1;2;11244;
0;1;11;11;
1;1;25;575;
2;1;258;1358;
3;1;273;1923;
4;1;73;2273;
5;1;160;2910;
6;1;173;3473;
7;1;222;4072;
8;1;89;4489;
9;1;58;5008;
10;1;169;5669;
11;1;56;6106;
12;1;107;6707;
13;1;176;7326;
14;1;79;7779;
15;1;80;8330;
16;1;41;8841;
17;1;136;9486;
18;1;5;9905;
19;1;132;10582;
