****18****
100
502;522;1;2;0;
593;584;1;2;0;
558;555;1;2;0;
548;544;1;2;0;
572;554;1;2;0;
536;528;1;2;0;
567;519;1;2;0;
516;522;1;2;0;
559;567;1;2;0;
591;587;1;2;0;
577;514;1;2;0;
540;526;1;2;0;
502;568;1;2;0;
524;566;1;2;0;
574;510;1;2;0;
573;528;1;2;0;
532;519;1;2;0;
512;543;1;2;0;
574;561;1;2;0;
587;599;1;2;0;
567;575;1;2;0;
527;534;1;2;0;
546;595;1;2;0;
508;506;1;2;0;
562;551;1;2;0;
545;591;1;2;0;
566;585;1;2;0;
570;568;1;2;0;
554;594;1;2;0;
586;580;1;2;0;
556;511;1;2;0;
508;589;1;2;0;
530;521;1;2;0;
584;557;1;2;0;
534;523;1;2;0;
556;501;1;2;0;
550;535;1;2;0;
588;596;1;2;0;
583;596;1;2;0;
554;545;1;2;0;
548;500;1;2;0;
589;514;1;2;0;
585;559;1;2;0;
534;591;1;2;0;
505;572;1;2;0;
523;561;1;2;0;
583;584;1;2;0;
502;566;1;2;0;
557;586;1;2;0;
575;591;1;2;0;
561;531;1;2;3671;
511;518;1;2;6775;
560;501;1;2;7563;
514;599;1;2;12515;
566;540;1;2;861;
552;599;1;2;900;
595;504;1;2;10891;
519;565;1;2;5355;
555;568;1;2;12988;
512;506;1;2;5136;
503;568;1;2;2575;
599;531;1;2;12303;
584;591;1;2;335;
565;558;1;2;1625;
546;524;1;2;10914;
541;528;1;2;2798;
522;524;1;2;6948;
527;595;1;2;6971;
515;550;1;2;1202;
522;562;1;2;6732;
503;517;1;2;13125;
520;568;1;2;1570;
503;552;1;2;2420;
591;517;1;2;13226;
579;563;1;2;10556;
506;556;1;2;867;
585;530;1;2;2690;
567;557;1;2;1648;
567;525;1;2;8343;
535;547;1;2;255;
562;502;1;2;5465;
508;522;1;2;143;
538;577;1;2;1085;
560;521;1;2;2105;
591;500;1;2;8258;
547;558;1;2;6656;
532;595;1;2;1926;
592;563;1;2;1232;
548;582;1;2;6199;
505;570;1;2;2314;
525;584;1;2;8464;
513;592;1;2;13475;
570;583;1;2;12168;
532;595;1;2;4880;
511;538;1;2;3258;
553;586;1;2;8195;
504;570;1;2;1279;
538;514;1;2;3211;
529;562;1;2;7211;
545;520;1;2;10751;
0;1;9;9;
1;1;123;673;
2;1;176;1276;
3;1;53;1703;
4;1;11;2211;
5;1;20;2770;
6;1;70;3370;
7;1;234;4084;
8;1;128;4528;
9;1;17;4967;
10;1;18;5518;
11;1;250;6300;
12;1;159;6759;
13;1;154;7304;
14;1;39;7739;
15;1;206;8456;
16;1;234;9034;
17;1;27;9377;
18;1;159;10059;
19;1;266;10716;
