****16****
100
536;532;1;2;0;
586;581;1;2;0;
562;510;1;2;0;
560;542;1;2;0;
505;561;1;2;0;
547;526;1;2;0;
520;509;1;2;0;
559;582;1;2;0;
566;528;1;2;0;
568;543;1;2;0;
505;532;1;2;0;
541;518;1;2;0;
541;557;1;2;0;
548;549;1;2;0;
511;514;1;2;0;
557;599;1;2;0;
546;543;1;2;0;
580;560;1;2;0;
505;592;1;2;0;
554;511;1;2;0;
505;501;1;2;0;
537;526;1;2;0;
511;548;1;2;0;
508;529;1;2;0;
576;576;1;2;0;
524;581;1;2;0;
561;518;1;2;0;
552;502;1;2;0;
575;500;1;2;0;
504;538;1;2;0;
566;561;1;2;0;
537;512;1;2;0;
556;570;1;2;0;
525;562;1;2;0;
562;579;1;2;0;
573;568;1;2;0;
533;562;1;2;0;
594;596;1;2;0;
510;554;1;2;0;
525;587;1;2;0;
582;550;1;2;0;
520;595;1;2;0;
568;524;1;2;0;
550;595;1;2;0;
576;554;1;2;0;
533;542;1;2;0;
567;522;1;2;0;
507;523;1;2;0;
592;532;1;2;0;
537;507;1;2;0;
563;510;1;2;2451;
596;524;1;2;7578;
592;535;1;2;7239;
570;574;1;2;2182;
572;546;1;2;11631;
540;523;1;2;7152;
587;599;1;2;4869;
572;594;1;2;11976;
594;501;1;2;13253;
539;585;1;2;5346;
546;548;1;2;3381;
573;597;1;2;5500;
546;541;1;2;534;
573;563;1;2;7721;
534;535;1;2;8995;
591;527;1;2;3967;
598;514;1;2;9627;
559;586;1;2;2742;
591;581;1;2;720;
595;520;1;2;11497;
588;518;1;2;465;
543;591;1;2;2979;
523;537;1;2;12079;
590;562;1;2;6481;
583;596;1;2;9532;
575;540;1;2;13266;
589;538;1;2;5336;
555;550;1;2;10815;
515;541;1;2;9923;
576;588;1;2;11859;
522;576;1;2;2301;
521;572;1;2;1180;
516;547;1;2;4887;
557;538;1;2;6910;
510;521;1;2;9432;
598;548;1;2;6603;
565;538;1;2;1846;
547;593;1;2;6324;
516;509;1;2;11969;
517;537;1;2;10824;
539;512;1;2;4508;
530;533;1;2;6423;
565;501;1;2;12047;
588;559;1;2;4435;
574;521;1;2;11352;
508;571;1;2;539;
582;536;1;2;13489;
546;584;1;2;8554;
561;552;1;2;4790;
569;569;1;2;6646;
0;1;189;189;
1;1;136;686;
2;1;24;1124;
3;1;264;1914;
4;1;119;2319;
5;1;234;2984;
6;1;36;3336;
7;1;234;4084;
8;1;86;4486;
9;1;56;5006;
10;1;274;5774;
11;1;272;6322;
12;1;138;6738;
13;1;223;7373;
14;1;18;7718;
15;1;146;8396;
16;1;183;8983;
17;1;41;9391;
18;1;3;9903;
19;1;17;10467;
