****3****
100
531;525;1;2;0;
565;527;1;2;0;
578;557;1;2;0;
564;542;1;2;0;
541;563;1;2;0;
559;514;1;2;0;
508;506;1;2;0;
588;529;1;2;0;
536;544;1;2;0;
566;588;1;2;0;
513;561;1;2;0;
532;520;1;2;0;
571;583;1;2;0;
560;595;1;2;0;
571;500;1;2;0;
538;502;1;2;0;
577;555;1;2;0;
529;507;1;2;0;
512;546;1;2;0;
550;505;1;2;0;
561;509;1;2;0;
519;521;1;2;0;
516;507;1;2;0;
551;552;1;2;0;
504;569;1;2;0;
593;569;1;2;0;
530;525;1;2;0;
589;501;1;2;0;
508;502;1;2;0;
597;579;1;2;0;
554;587;1;2;0;
533;531;1;2;0;
594;514;1;2;0;
538;507;1;2;0;
512;540;1;2;0;
564;573;1;2;0;
550;536;1;2;0;
547;518;1;2;0;
543;550;1;2;0;
522;599;1;2;0;
519;515;1;2;0;
568;549;1;2;0;
592;510;1;2;0;
550;500;1;2;0;
512;599;1;2;0;
531;518;1;2;0;
586;516;1;2;0;
501;581;1;2;0;
531;539;1;2;0;
540;543;1;2;0;
532;504;1;2;10285;
534;540;1;2;3258;
552;536;1;2;8108;
526;587;1;2;3208;
542;556;1;2;12737;
534;518;1;2;3899;
587;530;1;2;13733;
518;500;1;2;8116;
535;501;1;2;10709;
518;592;1;2;617;
513;524;1;2;4088;
534;558;1;2;6560;
502;562;1;2;9471;
572;589;1;2;2969;
509;583;1;2;3791;
547;517;1;2;1817;
588;556;1;2;288;
528;575;1;2;8399;
554;562;1;2;12427;
514;532;1;2;9856;
565;545;1;2;10904;
521;580;1;2;11395;
570;534;1;2;12564;
506;507;1;2;4180;
530;568;1;2;13003;
562;568;1;2;1677;
560;556;1;2;7084;
592;584;1;2;12471;
524;590;1;2;9855;
557;556;1;2;6267;
535;522;1;2;5538;
537;595;1;2;7932;
501;517;1;2;5520;
576;524;1;2;116;
592;506;1;2;1221;
591;569;1;2;4093;
560;581;1;2;6338;
585;574;1;2;10502;
537;598;1;2;10951;
551;556;1;2;8371;
549;543;1;2;13403;
592;532;1;2;8926;
568;533;1;2;8957;
578;510;1;2;5489;
547;554;1;2;4055;
584;546;1;2;2152;
590;558;1;2;4161;
503;543;1;2;4078;
553;580;1;2;2844;
593;583;1;2;9156;
0;1;142;142;
1;1;58;608;
2;1;18;1118;
3;1;13;1663;
4;1;227;2427;
5;1;250;3000;
6;1;179;3479;
7;1;147;3997;
8;1;183;4583;
9;1;162;5112;
10;1;27;5527;
11;1;20;6070;
12;1;247;6847;
13;1;199;7349;
14;1;75;7775;
15;1;163;8413;
16;1;111;8911;
17;1;248;9598;
18;1;250;10150;
19;1;228;10678;
