****6****
100
569;553;1;2;0;
522;592;1;2;0;
545;511;1;2;0;
561;572;1;2;0;
561;543;1;2;0;
561;510;1;2;0;
548;555;1;2;0;
572;578;1;2;0;
566;511;1;2;0;
572;508;1;2;0;
571;518;1;2;0;
556;537;1;2;0;
550;574;1;2;0;
534;503;1;2;0;
583;563;1;2;0;
501;504;1;2;0;
516;523;1;2;0;
548;514;1;2;0;
534;509;1;2;0;
586;548;1;2;0;
553;599;1;2;0;
510;553;1;2;0;
555;582;1;2;0;
531;573;1;2;0;
545;503;1;2;0;
581;517;1;2;0;
574;537;1;2;0;
506;576;1;2;0;
563;540;1;2;0;
579;546;1;2;0;
503;532;1;2;0;
502;571;1;2;0;
556;550;1;2;0;
585;542;1;2;0;
560;571;1;2;0;
590;565;1;2;0;
571;500;1;2;0;
518;578;1;2;0;
583;549;1;2;0;
551;580;1;2;0;
505;532;1;2;0;
597;579;1;2;0;
521;503;1;2;0;
555;585;1;2;0;
543;586;1;2;0;
583;598;1;2;0;
570;586;1;2;0;
570;526;1;2;0;
588;507;1;2;0;
521;548;1;2;0;
579;563;1;2;9363;
502;516;1;2;5741;
580;551;1;2;8139;
583;531;1;2;12150;
567;529;1;2;3068;
588;584;1;2;8350;
525;580;1;2;6836;
561;530;1;2;7842;
599;500;1;2;6227;
587;560;1;2;10829;
588;539;1;2;8461;
553;593;1;2;10101;
589;573;1;2;10121;
526;556;1;2;12503;
568;523;1;2;3310;
541;563;1;2;4356;
521;541;1;2;2442;
539;554;1;2;11012;
527;553;1;2;2648;
594;592;1;2;10338;
534;580;1;2;7440;
586;534;1;2;6245;
505;575;1;2;7273;
576;501;1;2;6427;
578;569;1;2;6459;
561;562;1;2;12594;
580;535;1;2;1418;
580;526;1;2;1466;
510;553;1;2;2235;
592;500;1;2;6647;
587;534;1;2;3884;
520;572;1;2;7037;
547;578;1;2;4368;
598;506;1;2;287;
558;584;1;2;3215;
592;597;1;2;2469;
590;577;1;2;10128;
581;557;1;2;11819;
526;519;1;2;1633;
576;564;1;2;9571;
519;551;1;2;8938;
542;571;1;2;736;
551;570;1;2;5090;
535;569;1;2;4619;
572;579;1;2;8097;
578;571;1;2;8812;
550;562;1;2;7392;
505;595;1;2;6278;
538;522;1;2;9026;
524;550;1;2;11990;
0;1;264;264;
1;1;245;795;
2;1;112;1212;
3;1;114;1764;
4;1;212;2412;
5;1;110;2860;
6;1;136;3436;
7;1;263;4113;
8;1;231;4631;
9;1;262;5212;
10;1;275;5775;
11;1;77;6127;
12;1;20;6620;
13;1;22;7172;
14;1;31;7731;
15;1;138;8388;
16;1;177;8977;
17;1;227;9577;
18;1;52;9952;
19;1;252;10702;
