****14****
100
572;585;1;2;0;
552;523;1;2;0;
586;588;1;2;0;
506;532;1;2;0;
522;523;1;2;0;
595;518;1;2;0;
595;521;1;2;0;
532;592;1;2;0;
578;582;1;2;0;
503;597;1;2;0;
592;562;1;2;0;
526;514;1;2;0;
589;592;1;2;0;
593;572;1;2;0;
528;582;1;2;0;
582;552;1;2;0;
520;535;1;2;0;
576;506;1;2;0;
575;534;1;2;0;
538;549;1;2;0;
558;586;1;2;0;
567;505;1;2;0;
559;599;1;2;0;
597;538;1;2;0;
534;552;1;2;0;
535;526;1;2;0;
566;513;1;2;0;
593;556;1;2;0;
505;538;1;2;0;
528;585;1;2;0;
573;510;1;2;0;
538;593;1;2;0;
597;566;1;2;0;
599;572;1;2;0;
500;589;1;2;0;
574;510;1;2;0;
575;541;1;2;0;
515;535;1;2;0;
541;564;1;2;0;
573;527;1;2;0;
517;560;1;2;0;
505;535;1;2;0;
574;550;1;2;0;
543;531;1;2;0;
589;523;1;2;0;
517;562;1;2;0;
534;555;1;2;0;
555;583;1;2;0;
573;506;1;2;0;
508;525;1;2;0;
595;582;1;2;850;
523;575;1;2;10702;
510;568;1;2;7727;
583;595;1;2;13019;
595;501;1;2;12785;
521;551;1;2;6366;
553;592;1;2;5458;
570;506;1;2;12969;
577;561;1;2;12050;
550;519;1;2;12137;
575;567;1;2;3638;
563;590;1;2;7903;
519;500;1;2;1513;
539;535;1;2;2358;
528;530;1;2;9651;
552;504;1;2;7239;
572;557;1;2;1993;
564;527;1;2;8906;
593;556;1;2;6393;
506;558;1;2;11843;
579;585;1;2;4253;
586;549;1;2;6029;
569;520;1;2;11743;
572;559;1;2;12380;
518;587;1;2;3967;
570;591;1;2;2113;
525;564;1;2;7770;
572;580;1;2;4811;
526;573;1;2;13145;
594;532;1;2;1611;
533;563;1;2;10570;
539;502;1;2;9640;
535;523;1;2;9524;
583;595;1;2;10491;
566;565;1;2;11809;
583;587;1;2;12512;
553;512;1;2;11509;
531;585;1;2;4236;
589;511;1;2;9956;
502;557;1;2;13216;
526;590;1;2;12402;
583;529;1;2;11153;
593;516;1;2;9914;
523;599;1;2;3905;
564;517;1;2;11800;
592;553;1;2;5725;
511;506;1;2;2943;
547;589;1;2;1717;
514;578;1;2;4660;
507;533;1;2;6980;
0;1;133;133;
1;1;235;785;
2;1;181;1281;
3;1;74;1724;
4;1;120;2320;
5;1;261;3011;
6;1;118;3418;
7;1;90;3940;
8;1;254;4654;
9;1;36;4986;
10;1;165;5665;
11;1;79;6129;
12;1;125;6725;
13;1;154;7304;
14;1;198;7898;
15;1;5;8255;
16;1;246;9046;
17;1;26;9376;
18;1;25;9925;
19;1;109;10559;
