****19****
100
573;533;1;2;0;
528;587;1;2;0;
597;557;1;2;0;
502;595;1;2;0;
502;522;1;2;0;
511;562;1;2;0;
571;511;1;2;0;
591;533;1;2;0;
507;561;1;2;0;
566;587;1;2;0;
504;535;1;2;0;
561;589;1;2;0;
563;526;1;2;0;
569;597;1;2;0;
577;502;1;2;0;
587;550;1;2;0;
588;567;1;2;0;
590;585;1;2;0;
576;544;1;2;0;
580;578;1;2;0;
566;543;1;2;0;
592;589;1;2;0;
506;583;1;2;0;
522;513;1;2;0;
596;541;1;2;0;
500;500;1;2;0;
576;514;1;2;0;
590;540;1;2;0;
540;511;1;2;0;
589;570;1;2;0;
566;528;1;2;0;
572;554;1;2;0;
595;562;1;2;0;
591;571;1;2;0;
506;523;1;2;0;
501;524;1;2;0;
566;593;1;2;0;
513;524;1;2;0;
528;536;1;2;0;
537;525;1;2;0;
577;590;1;2;0;
577;505;1;2;0;
556;519;1;2;0;
545;548;1;2;0;
531;534;1;2;0;
518;597;1;2;0;
562;591;1;2;0;
503;509;1;2;0;
505;594;1;2;0;
580;512;1;2;0;
517;581;1;2;5528;
535;526;1;2;2544;
559;555;1;2;9331;
548;532;1;2;12804;
590;561;1;2;1731;
546;581;1;2;5281;
595;512;1;2;13733;
565;561;1;2;5840;
556;564;1;2;13064;
562;510;1;2;5131;
526;579;1;2;6679;
514;566;1;2;6476;
520;525;1;2;13528;
562;525;1;2;1985;
533;516;1;2;1754;
510;514;1;2;6612;
532;561;1;2;3038;
592;527;1;2;10974;
515;583;1;2;4668;
500;597;1;2;1741;
565;523;1;2;746;
563;590;1;2;10585;
588;510;1;2;738;
572;573;1;2;3584;
588;506;1;2;10658;
566;516;1;2;1184;
576;500;1;2;6100;
599;593;1;2;4604;
586;560;1;2;8263;
538;560;1;2;9855;
599;525;1;2;2199;
592;589;1;2;7140;
502;529;1;2;3449;
538;502;1;2;4185;
551;542;1;2;10965;
580;560;1;2;11771;
575;537;1;2;8153;
532;588;1;2;95;
568;574;1;2;7188;
536;512;1;2;11264;
553;564;1;2;13727;
545;508;1;2;7504;
580;510;1;2;12822;
525;548;1;2;8250;
595;551;1;2;9524;
523;531;1;2;8375;
568;559;1;2;7688;
518;543;1;2;3043;
560;512;1;2;12873;
563;500;1;2;10614;
0;1;5;5;
1;1;6;556;
2;1;251;1351;
3;1;21;1671;
4;1;3;2203;
5;1;259;3009;
6;1;253;3553;
7;1;258;4108;
8;1;145;4545;
9;1;191;5141;
10;1;108;5608;
11;1;270;6320;
12;1;259;6859;
13;1;228;7378;
14;1;72;7772;
15;1;269;8519;
16;1;102;8902;
17;1;130;9480;
18;1;39;9939;
19;1;47;10497;
