****8****
100
502;590;1;2;0;
518;592;1;2;0;
511;571;1;2;0;
516;583;1;2;0;
522;510;1;2;0;
537;500;1;2;0;
551;519;1;2;0;
588;525;1;2;0;
526;524;1;2;0;
578;557;1;2;0;
550;578;1;2;0;
512;551;1;2;0;
589;570;1;2;0;
508;578;1;2;0;
527;570;1;2;0;
597;529;1;2;0;
513;515;1;2;0;
573;576;1;2;0;
587;542;1;2;0;
511;561;1;2;0;
552;549;1;2;0;
561;556;1;2;0;
568;549;1;2;0;
581;546;1;2;0;
525;511;1;2;0;
503;528;1;2;0;
589;567;1;2;0;
531;531;1;2;0;
537;540;1;2;0;
509;564;1;2;0;
562;506;1;2;0;
545;527;1;2;0;
574;570;1;2;0;
503;561;1;2;0;
564;515;1;2;0;
574;517;1;2;0;
564;535;1;2;0;
525;584;1;2;0;
536;558;1;2;0;
582;513;1;2;0;
522;537;1;2;0;
593;511;1;2;0;
504;525;1;2;0;
542;593;1;2;0;
517;503;1;2;0;
557;531;1;2;0;
510;554;1;2;0;
559;536;1;2;0;
524;514;1;2;0;
549;541;1;2;0;
529;523;1;2;13202;
545;558;1;2;216;
581;546;1;2;1719;
563;511;1;2;5959;
500;505;1;2;8565;
504;530;1;2;5083;
549;599;1;2;1590;
506;530;1;2;177;
512;589;1;2;13062;
589;556;1;2;11361;
530;585;1;2;4169;
540;583;1;2;1794;
575;564;1;2;5350;
520;528;1;2;265;
588;528;1;2;2906;
519;585;1;2;5058;
592;534;1;2;11051;
521;593;1;2;12758;
560;505;1;2;4338;
587;594;1;2;5880;
563;576;1;2;12286;
562;516;1;2;5279;
571;543;1;2;6208;
578;564;1;2;11819;
545;504;1;2;12087;
568;523;1;2;4498;
574;567;1;2;6270;
578;589;1;2;8310;
513;501;1;2;9625;
590;541;1;2;9320;
522;504;1;2;1939;
592;567;1;2;682;
545;590;1;2;2038;
563;569;1;2;3996;
508;566;1;2;8787;
534;586;1;2;1203;
597;560;1;2;2642;
547;539;1;2;4673;
589;552;1;2;3744;
537;594;1;2;12916;
584;517;1;2;8590;
555;561;1;2;12416;
594;507;1;2;12437;
577;570;1;2;10273;
576;530;1;2;12483;
579;517;1;2;11951;
557;514;1;2;10008;
555;513;1;2;10246;
541;503;1;2;1650;
581;540;1;2;2311;
0;1;240;240;
1;1;200;750;
2;1;241;1341;
3;1;28;1678;
4;1;232;2432;
5;1;227;2977;
6;1;184;3484;
7;1;154;4004;
8;1;184;4584;
9;1;8;4958;
10;1;206;5706;
11;1;231;6281;
12;1;201;6801;
13;1;235;7385;
14;1;262;7962;
15;1;235;8485;
16;1;164;8964;
17;1;54;9404;
18;1;131;10031;
19;1;74;10524;
