****1****
100
572;512;1;2;0;
539;523;1;2;0;
591;536;1;2;0;
542;537;1;2;0;
552;569;1;2;0;
501;570;1;2;0;
564;528;1;2;0;
585;533;1;2;0;
582;547;1;2;0;
562;536;1;2;0;
549;502;1;2;0;
519;553;1;2;0;
546;537;1;2;0;
509;516;1;2;0;
563;515;1;2;0;
585;587;1;2;0;
579;577;1;2;0;
511;571;1;2;0;
513;553;1;2;0;
508;565;1;2;0;
574;510;1;2;0;
587;538;1;2;0;
590;572;1;2;0;
571;572;1;2;0;
572;534;1;2;0;
560;573;1;2;0;
588;532;1;2;0;
526;586;1;2;0;
521;587;1;2;0;
503;536;1;2;0;
502;540;1;2;0;
523;581;1;2;0;
517;586;1;2;0;
504;582;1;2;0;
591;565;1;2;0;
500;565;1;2;0;
527;587;1;2;0;
504;517;1;2;0;
512;575;1;2;0;
541;584;1;2;0;
561;501;1;2;0;
557;502;1;2;0;
585;535;1;2;0;
588;506;1;2;0;
522;591;1;2;0;
542;576;1;2;0;
584;566;1;2;0;
509;501;1;2;0;
504;514;1;2;0;
584;596;1;2;0;
579;584;1;2;1190;
558;523;1;2;7959;
527;535;1;2;2698;
568;571;1;2;9579;
521;580;1;2;10405;
507;515;1;2;6903;
565;537;1;2;4145;
508;565;1;2;9203;
526;575;1;2;638;
530;589;1;2;7380;
526;520;1;2;2947;
540;578;1;2;10046;
557;505;1;2;1415;
550;525;1;2;4668;
557;598;1;2;6926;
517;505;1;2;6741;
566;523;1;2;6804;
559;531;1;2;1004;
583;509;1;2;2653;
513;539;1;2;4843;
527;518;1;2;3424;
577;558;1;2;5226;
551;515;1;2;11368;
560;518;1;2;5170;
592;527;1;2;12393;
553;544;1;2;12979;
582;563;1;2;3741;
500;522;1;2;10363;
583;557;1;2;5666;
542;571;1;2;4994;
589;598;1;2;6615;
561;528;1;2;4262;
510;579;1;2;5894;
565;591;1;2;10481;
548;583;1;2;3829;
578;589;1;2;2637;
518;523;1;2;56;
528;575;1;2;10254;
522;558;1;2;11203;
524;552;1;2;13564;
570;594;1;2;4673;
582;555;1;2;3791;
556;565;1;2;7214;
598;582;1;2;2606;
557;531;1;2;12115;
544;561;1;2;3979;
579;579;1;2;12441;
525;508;1;2;3052;
545;582;1;2;10612;
522;558;1;2;10271;
0;1;272;272;
1;1;30;580;
2;1;31;1131;
3;1;119;1769;
4;1;114;2314;
5;1;13;2763;
6;1;171;3471;
7;1;196;4046;
8;1;154;4554;
9;1;229;5179;
10;1;219;5719;
11;1;11;6061;
12;1;78;6678;
13;1;176;7326;
14;1;19;7719;
15;1;112;8362;
16;1;122;8922;
17;1;181;9531;
18;1;63;9963;
19;1;151;10601;
