****5****
100
597;505;1;2;0;
592;566;1;2;0;
519;596;1;2;0;
593;537;1;2;0;
593;537;1;2;0;
530;513;1;2;0;
536;527;1;2;0;
528;510;1;2;0;
572;531;1;2;0;
577;528;1;2;0;
581;513;1;2;0;
545;597;1;2;0;
561;562;1;2;0;
585;540;1;2;0;
520;520;1;2;0;
544;570;1;2;0;
526;588;1;2;0;
536;545;1;2;0;
537;581;1;2;0;
534;530;1;2;0;
518;565;1;2;0;
595;554;1;2;0;
544;575;1;2;0;
565;516;1;2;0;
507;594;1;2;0;
596;588;1;2;0;
559;542;1;2;0;
585;520;1;2;0;
556;522;1;2;0;
512;529;1;2;0;
542;508;1;2;0;
599;568;1;2;0;
597;587;1;2;0;
565;586;1;2;0;
568;500;1;2;0;
516;586;1;2;0;
517;564;1;2;0;
593;513;1;2;0;
539;510;1;2;0;
582;546;1;2;0;
556;578;1;2;0;
586;515;1;2;0;
572;523;1;2;0;
535;581;1;2;0;
545;547;1;2;0;
510;588;1;2;0;
556;561;1;2;0;
508;505;1;2;0;
500;574;1;2;0;
591;568;1;2;0;
526;559;1;2;9432;
543;523;1;2;235;
556;563;1;2;2961;
538;561;1;2;11124;
569;548;1;2;11828;
593;523;1;2;8863;
574;569;1;2;11528;
584;509;1;2;10185;
597;517;1;2;3460;
597;543;1;2;815;
517;569;1;2;2386;
524;564;1;2;7755;
575;573;1;2;6611;
537;563;1;2;8599;
506;532;1;2;8507;
591;526;1;2;1463;
510;500;1;2;252;
581;537;1;2;3594;
508;586;1;2;2772;
592;584;1;2;10329;
519;501;1;2;10884;
558;577;1;2;13418;
520;553;1;2;398;
597;542;1;2;10359;
535;548;1;2;13041;
526;591;1;2;7689;
540;502;1;2;11961;
523;535;1;2;10778;
567;544;1;2;10647;
528;588;1;2;4305;
537;560;1;2;7011;
516;518;1;2;697;
559;538;1;2;9370;
527;587;1;2;1032;
558;574;1;2;4287;
574;500;1;2;13485;
516;540;1;2;6257;
511;515;1;2;7882;
594;582;1;2;11066;
564;563;1;2;5518;
518;500;1;2;5803;
526;568;1;2;10579;
511;527;1;2;10121;
501;506;1;2;1018;
585;517;1;2;1891;
569;591;1;2;3769;
593;560;1;2;8113;
523;571;1;2;1426;
589;517;1;2;7344;
598;582;1;2;1139;
0;1;74;74;
1;1;203;753;
2;1;268;1368;
3;1;186;1836;
4;1;256;2456;
5;1;36;2786;
6;1;64;3364;
7;1;44;3894;
8;1;66;4466;
9;1;134;5084;
10;1;272;5772;
11;1;274;6324;
12;1;191;6791;
13;1;207;7357;
14;1;41;7741;
15;1;221;8471;
16;1;252;9052;
17;1;60;9410;
18;1;55;9955;
19;1;147;10597;
