****12****
100
506;599;1;2;0;
515;527;1;2;0;
541;507;1;2;0;
516;502;1;2;0;
539;540;1;2;0;
546;549;1;2;0;
564;578;1;2;0;
523;564;1;2;0;
514;547;1;2;0;
535;504;1;2;0;
530;581;1;2;0;
559;586;1;2;0;
506;514;1;2;0;
515;548;1;2;0;
525;596;1;2;0;
555;583;1;2;0;
595;522;1;2;0;
510;588;1;2;0;
530;578;1;2;0;
590;569;1;2;0;
519;536;1;2;0;
570;583;1;2;0;
566;546;1;2;0;
599;532;1;2;0;
593;535;1;2;0;
536;575;1;2;0;
516;547;1;2;0;
513;574;1;2;0;
562;580;1;2;0;
575;539;1;2;0;
576;530;1;2;0;
522;523;1;2;0;
552;584;1;2;0;
511;582;1;2;0;
563;501;1;2;0;
503;582;1;2;0;
589;526;1;2;0;
517;507;1;2;0;
524;517;1;2;0;
591;569;1;2;0;
504;579;1;2;0;
545;572;1;2;0;
527;510;1;2;0;
546;541;1;2;0;
591;521;1;2;0;
580;519;1;2;0;
503;502;1;2;0;
543;556;1;2;0;
586;506;1;2;0;
590;501;1;2;0;
560;546;1;2;11269;
549;524;1;2;11922;
509;548;1;2;3434;
500;517;1;2;6066;
580;514;1;2;3484;
507;525;1;2;13140;
548;568;1;2;10916;
580;587;1;2;11080;
582;530;1;2;1189;
520;589;1;2;8563;
522;549;1;2;4695;
557;598;1;2;6198;
510;507;1;2;10734;
580;560;1;2;13709;
506;540;1;2;5769;
504;547;1;2;5343;
549;547;1;2;2439;
519;527;1;2;13047;
592;561;1;2;4078;
574;533;1;2;9374;
546;507;1;2;3089;
564;565;1;2;4790;
558;575;1;2;10356;
500;508;1;2;8362;
511;514;1;2;5604;
589;519;1;2;2609;
540;520;1;2;9792;
511;591;1;2;2649;
570;535;1;2;7278;
511;509;1;2;8653;
541;555;1;2;11765;
572;571;1;2;10402;
501;581;1;2;6464;
538;533;1;2;5950;
587;545;1;2;4904;
576;534;1;2;6809;
564;527;1;2;13619;
551;590;1;2;8748;
565;512;1;2;3276;
540;575;1;2;8416;
501;568;1;2;5227;
517;540;1;2;4699;
502;542;1;2;3006;
562;532;1;2;7155;
531;572;1;2;13374;
566;500;1;2;13681;
572;565;1;2;13420;
550;568;1;2;3843;
519;534;1;2;5454;
523;574;1;2;11146;
0;1;38;38;
1;1;151;701;
2;1;45;1145;
3;1;185;1835;
4;1;45;2245;
5;1;61;2811;
6;1;105;3405;
7;1;122;3972;
8;1;55;4455;
9;1;54;5004;
10;1;135;5635;
11;1;187;6237;
12;1;89;6689;
13;1;68;7218;
14;1;36;7736;
15;1;19;8269;
16;1;234;9034;
17;1;237;9587;
18;1;36;9936;
19;1;83;10533;
