****2****
100
511;510;1;2;0;
527;571;1;2;0;
586;572;1;2;0;
553;572;1;2;0;
595;512;1;2;0;
558;566;1;2;0;
593;591;1;2;0;
536;556;1;2;0;
578;533;1;2;0;
576;583;1;2;0;
588;546;1;2;0;
519;540;1;2;0;
574;589;1;2;0;
528;597;1;2;0;
521;590;1;2;0;
548;533;1;2;0;
553;527;1;2;0;
504;591;1;2;0;
552;558;1;2;0;
563;547;1;2;0;
522;573;1;2;0;
565;515;1;2;0;
564;553;1;2;0;
523;595;1;2;0;
538;552;1;2;0;
578;526;1;2;0;
598;549;1;2;0;
518;524;1;2;0;
539;598;1;2;0;
522;560;1;2;0;
589;522;1;2;0;
545;594;1;2;0;
549;550;1;2;0;
585;501;1;2;0;
560;548;1;2;0;
500;534;1;2;0;
573;517;1;2;0;
549;538;1;2;0;
570;524;1;2;0;
533;560;1;2;0;
576;563;1;2;0;
538;575;1;2;0;
513;556;1;2;0;
599;552;1;2;0;
555;521;1;2;0;
564;596;1;2;0;
595;510;1;2;0;
542;545;1;2;0;
512;527;1;2;0;
598;572;1;2;0;
527;599;1;2;2722;
500;568;1;2;10966;
590;539;1;2;3886;
575;551;1;2;12888;
539;590;1;2;2717;
552;598;1;2;3616;
556;553;1;2;2356;
520;501;1;2;4639;
582;543;1;2;1312;
594;522;1;2;12413;
566;501;1;2;7246;
524;502;1;2;13290;
583;544;1;2;12093;
515;520;1;2;1637;
575;511;1;2;659;
510;563;1;2;2209;
548;571;1;2;5279;
508;591;1;2;10552;
564;526;1;2;3667;
516;520;1;2;8877;
567;539;1;2;3473;
569;563;1;2;7476;
540;599;1;2;7746;
501;514;1;2;833;
514;541;1;2;287;
569;503;1;2;4886;
571;551;1;2;205;
530;560;1;2;6091;
590;576;1;2;7762;
594;592;1;2;4914;
573;512;1;2;11943;
553;533;1;2;10362;
587;525;1;2;11136;
517;527;1;2;672;
516;593;1;2;5609;
577;515;1;2;7455;
554;586;1;2;3533;
501;516;1;2;2493;
592;558;1;2;12703;
557;553;1;2;516;
547;578;1;2;9575;
523;583;1;2;12166;
515;522;1;2;1537;
506;539;1;2;13553;
515;507;1;2;1140;
513;537;1;2;9940;
566;543;1;2;10931;
523;544;1;2;9392;
539;537;1;2;12147;
584;546;1;2;5382;
0;1;122;122;
1;1;119;669;
2;1;21;1121;
3;1;248;1898;
4;1;145;2345;
5;1;231;2981;
6;1;32;3332;
7;1;135;3985;
8;1;103;4503;
9;1;42;4992;
10;1;194;5694;
11;1;67;6117;
12;1;6;6606;
13;1;84;7234;
14;1;127;7827;
15;1;116;8366;
16;1;150;8950;
17;1;214;9564;
18;1;90;9990;
19;1;18;10468;
