****10****
100
551;501;1;2;0;
557;580;1;2;0;
512;520;1;2;0;
585;598;1;2;0;
527;576;1;2;0;
587;573;1;2;0;
531;544;1;2;0;
507;565;1;2;0;
536;502;1;2;0;
571;595;1;2;0;
582;594;1;2;0;
537;598;1;2;0;
586;549;1;2;0;
545;598;1;2;0;
533;509;1;2;0;
534;536;1;2;0;
562;591;1;2;0;
516;574;1;2;0;
564;553;1;2;0;
524;591;1;2;0;
530;511;1;2;0;
516;513;1;2;0;
507;575;1;2;0;
530;543;1;2;0;
578;501;1;2;0;
590;560;1;2;0;
595;580;1;2;0;
558;534;1;2;0;
529;555;1;2;0;
584;515;1;2;0;
564;518;1;2;0;
551;527;1;2;0;
509;520;1;2;0;
553;573;1;2;0;
573;578;1;2;0;
516;555;1;2;0;
541;533;1;2;0;
569;549;1;2;0;
508;599;1;2;0;
544;586;1;2;0;
553;535;1;2;0;
598;548;1;2;0;
515;508;1;2;0;
534;596;1;2;0;
564;518;1;2;0;
511;580;1;2;0;
536;563;1;2;0;
559;598;1;2;0;
583;513;1;2;0;
571;508;1;2;0;
543;588;1;2;7626;
584;573;1;2;8664;
585;581;1;2;5921;
530;520;1;2;4238;
517;570;1;2;6460;
584;579;1;2;2875;
580;595;1;2;6717;
592;575;1;2;11947;
507;535;1;2;1677;
590;500;1;2;8451;
598;595;1;2;8257;
514;579;1;2;11115;
599;517;1;2;3227;
536;599;1;2;9850;
525;516;1;2;4772;
515;500;1;2;92;
592;580;1;2;1925;
535;524;1;2;2461;
566;531;1;2;1680;
548;573;1;2;32;
501;572;1;2;11242;
546;538;1;2;2287;
512;538;1;2;558;
563;526;1;2;13565;
587;503;1;2;10439;
581;571;1;2;5953;
554;563;1;2;10659;
574;598;1;2;7765;
521;516;1;2;3954;
552;516;1;2;12610;
534;517;1;2;11370;
564;515;1;2;7860;
573;527;1;2;7016;
599;543;1;2;4737;
576;530;1;2;11555;
517;511;1;2;10156;
562;517;1;2;9709;
587;543;1;2;6909;
589;564;1;2;13703;
523;568;1;2;6832;
530;555;1;2;2203;
561;519;1;2;4346;
530;592;1;2;6894;
542;543;1;2;13076;
579;519;1;2;1511;
520;588;1;2;744;
584;550;1;2;10867;
511;589;1;2;6303;
588;579;1;2;9558;
534;502;1;2;12289;
0;1;197;197;
1;1;58;608;
2;1;140;1240;
3;1;153;1803;
4;1;21;2221;
5;1;136;2886;
6;1;150;3450;
7;1;203;4053;
8;1;128;4528;
9;1;252;5202;
10;1;20;5520;
11;1;223;6273;
12;1;196;6796;
13;1;200;7350;
14;1;117;7817;
15;1;73;8323;
16;1;22;8822;
17;1;230;9580;
18;1;87;9987;
19;1;257;10707;
