****17****
100
576;521;1;2;0;
515;512;1;2;0;
561;576;1;2;0;
564;510;1;2;0;
545;586;1;2;0;
549;510;1;2;0;
546;547;1;2;0;
549;589;1;2;0;
583;584;1;2;0;
549;520;1;2;0;
516;598;1;2;0;
516;531;1;2;0;
572;585;1;2;0;
501;555;1;2;0;
525;528;1;2;0;
523;553;1;2;0;
550;538;1;2;0;
518;563;1;2;0;
566;582;1;2;0;
574;563;1;2;0;
568;523;1;2;0;
574;567;1;2;0;
522;523;1;2;0;
556;505;1;2;0;
559;506;1;2;0;
577;576;1;2;0;
556;593;1;2;0;
507;528;1;2;0;
530;560;1;2;0;
535;507;1;2;0;
541;511;1;2;0;
561;543;1;2;0;
549;579;1;2;0;
506;516;1;2;0;
513;580;1;2;0;
579;534;1;2;0;
555;505;1;2;0;
501;530;1;2;0;
580;509;1;2;0;
587;540;1;2;0;
567;565;1;2;0;
568;523;1;2;0;
558;527;1;2;0;
504;541;1;2;0;
587;539;1;2;0;
548;580;1;2;0;
502;561;1;2;0;
523;552;1;2;0;
540;530;1;2;0;
520;506;1;2;0;
510;551;1;2;2639;
518;557;1;2;11582;
548;537;1;2;6126;
535;529;1;2;11148;
500;549;1;2;7717;
511;576;1;2;7218;
552;516;1;2;3445;
552;548;1;2;10313;
514;572;1;2;11223;
506;502;1;2;12398;
512;564;1;2;4247;
552;582;1;2;5101;
545;582;1;2;6678;
548;518;1;2;2416;
570;570;1;2;346;
515;581;1;2;5219;
565;585;1;2;1017;
506;538;1;2;8830;
549;504;1;2;5791;
597;510;1;2;3824;
564;523;1;2;1970;
535;575;1;2;8981;
563;573;1;2;4377;
581;573;1;2;7581;
580;543;1;2;9525;
528;558;1;2;1902;
557;523;1;2;8974;
502;581;1;2;10487;
596;531;1;2;491;
561;528;1;2;8221;
581;544;1;2;2245;
565;580;1;2;8975;
531;595;1;2;12492;
532;528;1;2;8900;
503;508;1;2;5618;
597;589;1;2;2906;
572;546;1;2;11710;
532;549;1;2;7975;
583;545;1;2;12035;
589;558;1;2;11341;
554;539;1;2;7104;
594;504;1;2;7301;
562;588;1;2;3282;
502;572;1;2;11746;
516;528;1;2;3880;
524;525;1;2;11260;
591;597;1;2;4145;
586;529;1;2;1033;
510;564;1;2;10754;
517;554;1;2;11598;
0;1;255;255;
1;1;136;686;
2;1;109;1209;
3;1;161;1811;
4;1;206;2406;
5;1;114;2864;
6;1;50;3350;
7;1;218;4068;
8;1;104;4504;
9;1;111;5061;
10;1;197;5697;
11;1;1;6051;
12;1;98;6698;
13;1;138;7288;
14;1;29;7729;
15;1;23;8273;
16;1;40;8840;
17;1;254;9604;
18;1;210;10110;
19;1;158;10608;
