****4****
100
530;542;1;2;0;
555;525;1;2;0;
585;560;1;2;0;
505;578;1;2;0;
505;540;1;2;0;
579;547;1;2;0;
524;571;1;2;0;
511;552;1;2;0;
547;589;1;2;0;
549;556;1;2;0;
502;575;1;2;0;
528;523;1;2;0;
501;554;1;2;0;
562;563;1;2;0;
578;536;1;2;0;
515;508;1;2;0;
531;522;1;2;0;
533;568;1;2;0;
535;590;1;2;0;
546;540;1;2;0;
582;577;1;2;0;
539;506;1;2;0;
500;550;1;2;0;
558;547;1;2;0;
591;507;1;2;0;
555;546;1;2;0;
535;583;1;2;0;
569;588;1;2;0;
589;584;1;2;0;
551;567;1;2;0;
572;518;1;2;0;
527;503;1;2;0;
540;512;1;2;0;
523;575;1;2;0;
502;521;1;2;0;
568;584;1;2;0;
598;507;1;2;0;
542;598;1;2;0;
510;501;1;2;0;
597;553;1;2;0;
560;553;1;2;0;
599;547;1;2;0;
588;521;1;2;0;
535;578;1;2;0;
505;538;1;2;0;
545;577;1;2;0;
556;573;1;2;0;
533;597;1;2;0;
585;556;1;2;0;
524;540;1;2;0;
578;592;1;2;1845;
576;552;1;2;11039;
575;562;1;2;5217;
572;567;1;2;4858;
577;567;1;2;10922;
566;588;1;2;2337;
596;593;1;2;6970;
593;522;1;2;1876;
518;555;1;2;3558;
504;512;1;2;9998;
596;542;1;2;4919;
524;518;1;2;7947;
595;545;1;2;6950;
519;570;1;2;462;
556;547;1;2;9205;
588;565;1;2;9201;
559;561;1;2;6678;
517;555;1;2;4888;
584;573;1;2;7719;
547;529;1;2;8733;
539;577;1;2;6597;
524;554;1;2;3559;
560;549;1;2;1841;
563;521;1;2;12433;
533;577;1;2;4183;
570;517;1;2;10112;
547;576;1;2;2428;
569;546;1;2;6349;
513;530;1;2;9221;
565;529;1;2;3066;
581;569;1;2;2264;
539;593;1;2;1201;
568;505;1;2;10916;
594;520;1;2;9125;
542;553;1;2;6979;
537;575;1;2;5378;
550;522;1;2;2931;
525;591;1;2;12900;
558;505;1;2;3367;
565;522;1;2;11685;
554;504;1;2;2871;
572;543;1;2;13075;
544;563;1;2;8992;
565;557;1;2;135;
560;551;1;2;8177;
583;589;1;2;7361;
572;539;1;2;3161;
589;516;1;2;5982;
552;527;1;2;13256;
545;592;1;2;5200;
0;1;145;145;
1;1;24;574;
2;1;248;1348;
3;1;89;1739;
4;1;123;2323;
5;1;218;2968;
6;1;27;3327;
7;1;267;4117;
8;1;107;4507;
9;1;173;5123;
10;1;185;5685;
11;1;191;6241;
12;1;267;6867;
13;1;247;7397;
14;1;168;7868;
15;1;14;8264;
16;1;55;8855;
17;1;257;9607;
18;1;59;9959;
19;1;229;10679;
