****13****
100
578;505;1;2;0;
532;546;1;2;0;
518;551;1;2;0;
580;592;1;2;0;
526;555;1;2;0;
593;564;1;2;0;
582;514;1;2;0;
575;579;1;2;0;
524;579;1;2;0;
577;580;1;2;0;
557;586;1;2;0;
517;548;1;2;0;
530;577;1;2;0;
591;540;1;2;0;
590;578;1;2;0;
522;568;1;2;0;
536;554;1;2;0;
515;554;1;2;0;
557;595;1;2;0;
598;584;1;2;0;
502;591;1;2;0;
500;537;1;2;0;
558;575;1;2;0;
516;582;1;2;0;
506;593;1;2;0;
563;515;1;2;0;
532;532;1;2;0;
563;514;1;2;0;
561;507;1;2;0;
555;552;1;2;0;
585;577;1;2;0;
520;521;1;2;0;
584;587;1;2;0;
576;593;1;2;0;
535;574;1;2;0;
577;537;1;2;0;
518;529;1;2;0;
526;576;1;2;0;
556;594;1;2;0;
510;562;1;2;0;
588;525;1;2;0;
578;572;1;2;0;
509;593;1;2;0;
586;523;1;2;0;
500;593;1;2;0;
575;586;1;2;0;
571;547;1;2;0;
559;507;1;2;0;
587;535;1;2;0;
500;522;1;2;0;
562;530;1;2;2791;
532;511;1;2;11591;
560;568;1;2;2675;
522;530;1;2;10069;
548;560;1;2;5898;
509;554;1;2;2985;
532;506;1;2;12486;
507;592;1;2;9273;
507;552;1;2;193;
594;539;1;2;11816;
516;553;1;2;581;
527;537;1;2;11189;
517;597;1;2;1574;
550;520;1;2;11218;
522;520;1;2;120;
519;529;1;2;4905;
554;562;1;2;6941;
582;521;1;2;9220;
534;528;1;2;10597;
544;574;1;2;12296;
555;542;1;2;8900;
500;522;1;2;12866;
557;539;1;2;5604;
581;589;1;2;4427;
588;564;1;2;4738;
508;535;1;2;2722;
533;541;1;2;10537;
565;575;1;2;6533;
542;509;1;2;7747;
570;506;1;2;2131;
542;513;1;2;4598;
568;514;1;2;458;
531;571;1;2;11324;
543;552;1;2;6078;
528;593;1;2;11103;
532;553;1;2;8525;
566;586;1;2;1329;
562;552;1;2;12023;
532;594;1;2;4900;
530;516;1;2;7654;
506;511;1;2;870;
573;579;1;2;12632;
514;562;1;2;5418;
595;557;1;2;12034;
517;537;1;2;2444;
555;570;1;2;10564;
528;536;1;2;10068;
542;599;1;2;11627;
583;583;1;2;10710;
534;565;1;2;6728;
0;1;169;169;
1;1;272;822;
2;1;275;1375;
3;1;265;1915;
4;1;273;2473;
5;1;256;3006;
6;1;51;3351;
7;1;62;3912;
8;1;170;4570;
9;1;209;5159;
10;1;157;5657;
11;1;177;6227;
12;1;148;6748;
13;1;201;7351;
14;1;117;7817;
15;1;230;8480;
16;1;181;8981;
17;1;62;9412;
18;1;240;10140;
19;1;261;10711;
