****13****
100
578;597;1;2;0;
580;595;1;2;0;
635;568;1;2;0;
613;562;1;2;0;
590;618;1;2;0;
553;620;1;2;0;
571;589;1;2;0;
581;618;1;2;0;
591;567;1;2;0;
579;569;1;2;0;
647;584;1;2;0;
600;592;1;2;0;
644;649;1;2;0;
625;595;1;2;0;
558;636;1;2;0;
620;586;1;2;0;
583;550;1;2;0;
632;620;1;2;0;
620;595;1;2;0;
585;561;1;2;0;
564;588;1;2;0;
583;637;1;2;0;
628;615;1;2;0;
605;621;1;2;0;
584;635;1;2;0;
640;581;1;2;0;
621;642;1;2;0;
623;615;1;2;0;
593;550;1;2;0;
613;601;1;2;0;
588;583;1;2;0;
638;574;1;2;0;
635;572;1;2;0;
644;605;1;2;0;
617;579;1;2;0;
568;583;1;2;0;
570;554;1;2;0;
570;600;1;2;0;
571;578;1;2;0;
571;605;1;2;0;
615;613;1;2;0;
588;586;1;2;0;
605;613;1;2;0;
603;648;1;2;0;
613;618;1;2;0;
552;604;1;2;0;
551;592;1;2;0;
628;588;1;2;0;
614;622;1;2;0;
596;633;1;2;0;
604;566;1;2;4541;
624;570;1;2;12905;
574;643;1;2;939;
595;598;1;2;5768;
558;636;1;2;1661;
565;551;1;2;14546;
615;615;1;2;2175;
617;621;1;2;1969;
559;599;1;2;1665;
623;571;1;2;9768;
607;577;1;2;537;
576;551;1;2;7701;
617;627;1;2;7058;
587;624;1;2;9409;
621;584;1;2;5726;
644;599;1;2;10432;
572;565;1;2;14781;
568;632;1;2;1220;
618;642;1;2;12593;
607;567;1;2;14529;
645;576;1;2;3818;
648;554;1;2;5432;
576;622;1;2;9974;
597;559;1;2;537;
566;582;1;2;13867;
574;628;1;2;9184;
636;550;1;2;12530;
562;621;1;2;7864;
560;589;1;2;8904;
606;598;1;2;355;
578;594;1;2;2677;
578;644;1;2;5904;
579;622;1;2;7447;
561;569;1;2;7754;
566;638;1;2;12593;
558;614;1;2;9118;
599;600;1;2;10889;
607;613;1;2;5082;
597;623;1;2;7683;
632;631;1;2;5355;
636;560;1;2;7868;
566;588;1;2;266;
601;569;1;2;5250;
560;580;1;2;13895;
580;649;1;2;6099;
633;609;1;2;2097;
564;610;1;2;11831;
599;567;1;2;6062;
606;566;1;2;28;
552;600;1;2;6814;
0;1;1;1;
1;1;237;837;
2;1;20;1220;
3;1;144;1944;
4;1;6;2406;
5;1;210;3210;
6;1;85;3685;
7;1;209;4409;
8;1;181;4981;
9;1;46;5446;
10;1;172;6172;
11;1;64;6664;
12;1;131;7331;
13;1;2;7802;
14;1;115;8515;
15;1;104;9104;
16;1;85;9685;
17;1;74;10274;
18;1;90;10890;
19;1;51;11451;
