****15****
100
649;580;1;2;0;
594;555;1;2;0;
573;581;1;2;0;
641;566;1;2;0;
592;621;1;2;0;
585;609;1;2;0;
560;597;1;2;0;
630;567;1;2;0;
597;638;1;2;0;
573;564;1;2;0;
602;561;1;2;0;
613;596;1;2;0;
643;584;1;2;0;
607;640;1;2;0;
555;607;1;2;0;
636;606;1;2;0;
589;580;1;2;0;
611;564;1;2;0;
563;603;1;2;0;
580;606;1;2;0;
626;616;1;2;0;
565;637;1;2;0;
615;597;1;2;0;
606;614;1;2;0;
638;630;1;2;0;
628;590;1;2;0;
641;643;1;2;0;
636;586;1;2;0;
629;646;1;2;0;
576;634;1;2;0;
555;614;1;2;0;
591;594;1;2;0;
597;604;1;2;0;
560;610;1;2;0;
557;590;1;2;0;
618;586;1;2;0;
608;634;1;2;0;
573;573;1;2;0;
633;581;1;2;0;
638;621;1;2;0;
561;568;1;2;0;
562;604;1;2;0;
614;600;1;2;0;
592;593;1;2;0;
648;571;1;2;0;
578;605;1;2;0;
635;571;1;2;0;
649;634;1;2;0;
625;611;1;2;0;
595;585;1;2;0;
552;563;1;2;1216;
562;599;1;2;5200;
586;635;1;2;154;
626;558;1;2;1530;
596;622;1;2;7369;
560;573;1;2;6955;
604;623;1;2;12389;
584;579;1;2;14991;
605;630;1;2;5856;
632;592;1;2;220;
567;646;1;2;8365;
590;558;1;2;11888;
588;646;1;2;4853;
566;574;1;2;9097;
559;573;1;2;719;
558;583;1;2;4860;
648;589;1;2;6234;
611;623;1;2;12049;
560;630;1;2;10048;
645;613;1;2;12306;
575;582;1;2;2328;
570;623;1;2;13764;
567;613;1;2;13605;
649;581;1;2;11924;
640;590;1;2;6461;
603;551;1;2;3800;
641;601;1;2;9181;
552;563;1;2;5493;
597;625;1;2;13891;
622;572;1;2;2874;
593;597;1;2;6728;
608;617;1;2;10683;
635;587;1;2;4938;
611;586;1;2;4158;
612;576;1;2;9379;
587;629;1;2;12971;
596;620;1;2;6396;
645;575;1;2;1550;
567;622;1;2;13917;
573;646;1;2;3366;
643;589;1;2;119;
645;599;1;2;12541;
624;584;1;2;7026;
566;598;1;2;2936;
588;612;1;2;8875;
555;649;1;2;10563;
622;596;1;2;12366;
589;591;1;2;6011;
621;560;1;2;3055;
580;583;1;2;13054;
0;1;212;212;
1;1;79;679;
2;1;134;1334;
3;1;92;1892;
4;1;74;2474;
5;1;183;3183;
6;1;240;3840;
7;1;100;4300;
8;1;70;4870;
9;1;76;5476;
10;1;117;6117;
11;1;18;6618;
12;1;297;7497;
13;1;7;7807;
14;1;132;8532;
15;1;97;9097;
16;1;64;9664;
17;1;131;10331;
18;1;276;11076;
19;1;237;11637;
