****2****
100
614;598;1;2;0;
560;588;1;2;0;
565;574;1;2;0;
646;608;1;2;0;
572;613;1;2;0;
623;591;1;2;0;
587;606;1;2;0;
612;604;1;2;0;
608;556;1;2;0;
642;637;1;2;0;
584;582;1;2;0;
629;552;1;2;0;
581;624;1;2;0;
566;618;1;2;0;
598;578;1;2;0;
584;614;1;2;0;
578;594;1;2;0;
604;593;1;2;0;
570;552;1;2;0;
603;592;1;2;0;
615;628;1;2;0;
585;604;1;2;0;
584;599;1;2;0;
559;643;1;2;0;
557;603;1;2;0;
582;592;1;2;0;
635;561;1;2;0;
646;567;1;2;0;
588;562;1;2;0;
587;588;1;2;0;
642;621;1;2;0;
604;570;1;2;0;
618;558;1;2;0;
565;638;1;2;0;
560;571;1;2;0;
633;577;1;2;0;
649;568;1;2;0;
632;584;1;2;0;
570;593;1;2;0;
629;577;1;2;0;
646;561;1;2;0;
619;632;1;2;0;
624;567;1;2;0;
601;614;1;2;0;
579;638;1;2;0;
552;571;1;2;0;
609;606;1;2;0;
643;577;1;2;0;
566;559;1;2;0;
566;628;1;2;0;
580;649;1;2;1254;
579;619;1;2;7154;
565;591;1;2;10225;
596;619;1;2;9377;
607;640;1;2;11796;
634;558;1;2;1392;
598;587;1;2;12912;
553;561;1;2;12596;
561;606;1;2;447;
578;615;1;2;1984;
608;597;1;2;10293;
614;579;1;2;4812;
554;594;1;2;14448;
589;593;1;2;10562;
621;550;1;2;2584;
634;586;1;2;13196;
599;635;1;2;2439;
603;638;1;2;9404;
619;601;1;2;254;
563;581;1;2;14303;
574;640;1;2;14078;
637;556;1;2;1708;
569;613;1;2;2819;
594;552;1;2;8615;
641;623;1;2;13590;
626;608;1;2;11502;
571;609;1;2;3721;
605;614;1;2;2331;
551;584;1;2;1322;
605;597;1;2;2322;
624;621;1;2;8822;
643;608;1;2;6583;
643;579;1;2;2758;
588;576;1;2;7080;
575;567;1;2;14419;
615;595;1;2;5584;
592;616;1;2;11970;
605;571;1;2;1486;
559;624;1;2;746;
564;579;1;2;11181;
600;606;1;2;3298;
579;551;1;2;2390;
564;645;1;2;13271;
612;635;1;2;3909;
562;560;1;2;852;
638;578;1;2;5700;
624;620;1;2;1155;
569;627;1;2;4657;
631;636;1;2;10611;
578;550;1;2;3284;
0;1;72;72;
1;1;4;604;
2;1;250;1450;
3;1;290;2090;
4;1;185;2585;
5;1;4;3004;
6;1;166;3766;
7;1;199;4399;
8;1;51;4851;
9;1;224;5624;
10;1;261;6261;
11;1;36;6636;
12;1;8;7208;
13;1;273;8073;
14;1;46;8446;
15;1;161;9161;
16;1;214;9814;
17;1;274;10474;
18;1;59;10859;
19;1;88;11488;
