****19****
100
580;636;1;2;0;
636;628;1;2;0;
617;555;1;2;0;
586;581;1;2;0;
588;646;1;2;0;
646;602;1;2;0;
638;609;1;2;0;
580;568;1;2;0;
567;561;1;2;0;
605;595;1;2;0;
648;561;1;2;0;
640;622;1;2;0;
607;593;1;2;0;
570;572;1;2;0;
596;588;1;2;0;
584;626;1;2;0;
626;570;1;2;0;
556;646;1;2;0;
627;593;1;2;0;
577;617;1;2;0;
589;625;1;2;0;
622;629;1;2;0;
636;552;1;2;0;
600;553;1;2;0;
615;607;1;2;0;
550;614;1;2;0;
619;640;1;2;0;
638;628;1;2;0;
635;558;1;2;0;
550;582;1;2;0;
649;584;1;2;0;
610;625;1;2;0;
556;569;1;2;0;
621;586;1;2;0;
612;600;1;2;0;
605;603;1;2;0;
627;577;1;2;0;
635;613;1;2;0;
579;585;1;2;0;
568;597;1;2;0;
642;568;1;2;0;
613;563;1;2;0;
611;601;1;2;0;
641;596;1;2;0;
562;641;1;2;0;
628;561;1;2;0;
627;641;1;2;0;
588;586;1;2;0;
560;560;1;2;0;
574;574;1;2;0;
562;629;1;2;534;
640;557;1;2;562;
603;638;1;2;11997;
574;585;1;2;2780;
592;600;1;2;12833;
605;552;1;2;7529;
552;564;1;2;5725;
582;575;1;2;10604;
573;565;1;2;1670;
635;575;1;2;13890;
559;588;1;2;13654;
641;630;1;2;3820;
555;635;1;2;3134;
609;559;1;2;3104;
555;554;1;2;9319;
566;609;1;2;5031;
621;611;1;2;5672;
568;596;1;2;3326;
596;571;1;2;1273;
560;557;1;2;7087;
648;618;1;2;8839;
615;609;1;2;14741;
642;567;1;2;10637;
557;626;1;2;9364;
611;583;1;2;9956;
564;599;1;2;5101;
571;623;1;2;4708;
592;641;1;2;12215;
590;639;1;2;11865;
556;649;1;2;9315;
647;647;1;2;5158;
628;564;1;2;14436;
589;556;1;2;6727;
587;615;1;2;9521;
595;577;1;2;10597;
607;591;1;2;6804;
579;565;1;2;5670;
564;607;1;2;12429;
647;600;1;2;7683;
599;606;1;2;7119;
611;603;1;2;10610;
591;633;1;2;824;
582;572;1;2;11093;
643;561;1;2;38;
579;607;1;2;14784;
601;564;1;2;5630;
572;645;1;2;5640;
568;611;1;2;6961;
555;608;1;2;11444;
583;558;1;2;6345;
0;1;61;61;
1;1;22;622;
2;1;71;1271;
3;1;37;1837;
4;1;115;2515;
5;1;254;3254;
6;1;27;3627;
7;1;99;4299;
8;1;228;5028;
9;1;24;5424;
10;1;92;6092;
11;1;40;6640;
12;1;239;7439;
13;1;22;7822;
14;1;97;8497;
15;1;180;9180;
16;1;225;9825;
17;1;263;10463;
18;1;15;10815;
19;1;299;11699;
