****7****
100
609;594;1;2;0;
613;630;1;2;0;
609;581;1;2;0;
644;603;1;2;0;
577;636;1;2;0;
594;611;1;2;0;
563;567;1;2;0;
637;591;1;2;0;
636;643;1;2;0;
577;646;1;2;0;
588;564;1;2;0;
580;616;1;2;0;
581;574;1;2;0;
581;567;1;2;0;
628;641;1;2;0;
613;587;1;2;0;
585;576;1;2;0;
567;644;1;2;0;
559;562;1;2;0;
649;586;1;2;0;
600;646;1;2;0;
600;565;1;2;0;
563;587;1;2;0;
606;601;1;2;0;
580;585;1;2;0;
597;619;1;2;0;
552;580;1;2;0;
637;583;1;2;0;
604;620;1;2;0;
552;582;1;2;0;
611;615;1;2;0;
619;599;1;2;0;
594;588;1;2;0;
593;603;1;2;0;
552;593;1;2;0;
640;602;1;2;0;
641;642;1;2;0;
569;554;1;2;0;
579;577;1;2;0;
606;561;1;2;0;
613;605;1;2;0;
630;615;1;2;0;
635;570;1;2;0;
600;641;1;2;0;
640;554;1;2;0;
573;554;1;2;0;
619;594;1;2;0;
603;615;1;2;0;
633;598;1;2;0;
569;635;1;2;0;
593;611;1;2;6;
584;603;1;2;10684;
589;632;1;2;11866;
597;643;1;2;11933;
604;576;1;2;12504;
590;648;1;2;112;
581;638;1;2;304;
557;642;1;2;6389;
553;647;1;2;3494;
636;596;1;2;14820;
574;639;1;2;11244;
616;626;1;2;2353;
577;565;1;2;14793;
618;564;1;2;9513;
622;618;1;2;3584;
591;558;1;2;11799;
610;642;1;2;10931;
585;601;1;2;13142;
582;604;1;2;8606;
592;643;1;2;3966;
573;619;1;2;270;
567;637;1;2;7437;
614;616;1;2;11692;
595;585;1;2;9127;
621;557;1;2;5970;
574;551;1;2;5333;
576;563;1;2;6195;
567;599;1;2;1814;
603;583;1;2;12811;
588;625;1;2;499;
619;600;1;2;9199;
643;569;1;2;8915;
592;633;1;2;9839;
607;630;1;2;8837;
589;601;1;2;1857;
587;577;1;2;1894;
597;604;1;2;8076;
552;573;1;2;6199;
557;578;1;2;2160;
617;568;1;2;13962;
574;589;1;2;11914;
600;583;1;2;6276;
613;625;1;2;14402;
645;634;1;2;6082;
611;573;1;2;5339;
585;562;1;2;14772;
612;610;1;2;2163;
605;564;1;2;6969;
646;571;1;2;12821;
621;591;1;2;13326;
0;1;173;173;
1;1;66;666;
2;1;185;1385;
3;1;177;1977;
4;1;69;2469;
5;1;18;3018;
6;1;247;3847;
7;1;184;4384;
8;1;45;4845;
9;1;205;5605;
10;1;79;6079;
11;1;130;6730;
12;1;290;7490;
13;1;41;7841;
14;1;205;8605;
15;1;279;9279;
16;1;128;9728;
17;1;218;10418;
18;1;196;10996;
19;1;91;11491;
