****9****
100
597;558;1;2;0;
638;620;1;2;0;
582;587;1;2;0;
627;645;1;2;0;
605;628;1;2;0;
632;574;1;2;0;
606;573;1;2;0;
603;646;1;2;0;
631;625;1;2;0;
554;593;1;2;0;
648;647;1;2;0;
567;573;1;2;0;
620;569;1;2;0;
648;629;1;2;0;
567;587;1;2;0;
563;566;1;2;0;
596;551;1;2;0;
636;628;1;2;0;
640;613;1;2;0;
575;648;1;2;0;
643;609;1;2;0;
624;552;1;2;0;
633;577;1;2;0;
600;566;1;2;0;
552;557;1;2;0;
609;550;1;2;0;
554;578;1;2;0;
573;576;1;2;0;
598;624;1;2;0;
608;567;1;2;0;
561;621;1;2;0;
583;559;1;2;0;
574;621;1;2;0;
590;565;1;2;0;
636;615;1;2;0;
563;582;1;2;0;
627;637;1;2;0;
636;610;1;2;0;
565;586;1;2;0;
578;567;1;2;0;
593;590;1;2;0;
620;550;1;2;0;
618;595;1;2;0;
576;618;1;2;0;
621;634;1;2;0;
635;633;1;2;0;
557;620;1;2;0;
594;582;1;2;0;
643;634;1;2;0;
597;630;1;2;0;
552;562;1;2;10050;
629;649;1;2;211;
641;616;1;2;10358;
569;586;1;2;5489;
609;556;1;2;5410;
630;553;1;2;5577;
598;625;1;2;9249;
584;560;1;2;11763;
606;604;1;2;11779;
600;589;1;2;12955;
632;643;1;2;4616;
596;622;1;2;12720;
646;613;1;2;13933;
584;584;1;2;10604;
618;596;1;2;50;
552;576;1;2;1296;
613;624;1;2;1881;
558;610;1;2;12328;
562;619;1;2;2277;
599;569;1;2;7023;
582;603;1;2;3401;
630;649;1;2;10049;
577;597;1;2;8378;
590;583;1;2;13385;
640;552;1;2;8556;
647;554;1;2;1773;
610;569;1;2;8118;
596;577;1;2;2669;
644;642;1;2;5822;
647;591;1;2;7677;
588;575;1;2;3991;
575;555;1;2;4814;
633;634;1;2;10357;
559;575;1;2;484;
619;617;1;2;10687;
625;566;1;2;881;
609;627;1;2;6644;
619;573;1;2;6733;
590;620;1;2;12910;
630;617;1;2;5969;
589;555;1;2;13866;
553;632;1;2;11217;
568;568;1;2;10740;
582;577;1;2;10877;
582;598;1;2;7723;
583;625;1;2;345;
593;584;1;2;4547;
623;553;1;2;7701;
580;594;1;2;6643;
581;626;1;2;3158;
0;1;226;226;
1;1;117;717;
2;1;222;1422;
3;1;145;1945;
4;1;72;2472;
5;1;4;3004;
6;1;22;3622;
7;1;243;4443;
8;1;174;4974;
9;1;184;5584;
10;1;27;6027;
11;1;201;6801;
12;1;174;7374;
13;1;259;8059;
14;1;1;8401;
15;1;180;9180;
16;1;45;9645;
17;1;176;10376;
18;1;154;10954;
19;1;240;11640;
