****1****
100
560;586;1;2;0;
561;594;1;2;0;
617;621;1;2;0;
591;608;1;2;0;
566;558;1;2;0;
588;629;1;2;0;
559;630;1;2;0;
557;629;1;2;0;
639;635;1;2;0;
569;608;1;2;0;
590;574;1;2;0;
579;623;1;2;0;
644;610;1;2;0;
621;590;1;2;0;
645;599;1;2;0;
554;555;1;2;0;
587;566;1;2;0;
599;554;1;2;0;
637;593;1;2;0;
565;605;1;2;0;
601;603;1;2;0;
585;562;1;2;0;
635;644;1;2;0;
593;624;1;2;0;
630;613;1;2;0;
634;570;1;2;0;
589;616;1;2;0;
595;584;1;2;0;
628;618;1;2;0;
576;623;1;2;0;
619;581;1;2;0;
628;556;1;2;0;
649;629;1;2;0;
613;636;1;2;0;
572;628;1;2;0;
644;576;1;2;0;
633;631;1;2;0;
588;618;1;2;0;
625;632;1;2;0;
645;605;1;2;0;
647;629;1;2;0;
577;586;1;2;0;
595;622;1;2;0;
572;573;1;2;0;
643;599;1;2;0;
646;612;1;2;0;
582;576;1;2;0;
619;633;1;2;0;
556;634;1;2;0;
571;630;1;2;0;
612;565;1;2;13629;
647;646;1;2;10465;
615;622;1;2;8474;
610;629;1;2;2289;
642;557;1;2;14017;
587;581;1;2;972;
611;574;1;2;9432;
559;637;1;2;2078;
638;558;1;2;13207;
644;642;1;2;6286;
576;604;1;2;6708;
583;601;1;2;9959;
580;618;1;2;8448;
611;631;1;2;3541;
639;623;1;2;12956;
555;560;1;2;7642;
594;573;1;2;14655;
586;635;1;2;3917;
610;623;1;2;11924;
617;569;1;2;5357;
646;595;1;2;582;
590;580;1;2;10414;
634;610;1;2;854;
599;623;1;2;10108;
595;564;1;2;12727;
598;570;1;2;1650;
632;566;1;2;8609;
643;555;1;2;7953;
641;615;1;2;1846;
647;583;1;2;12775;
645;631;1;2;10790;
649;623;1;2;9027;
556;607;1;2;2952;
584;556;1;2;545;
640;553;1;2;4589;
622;553;1;2;13115;
614;636;1;2;12094;
581;581;1;2;10959;
582;573;1;2;11788;
559;570;1;2;12294;
604;618;1;2;4255;
646;617;1;2;8888;
566;576;1;2;5658;
551;562;1;2;3999;
610;552;1;2;5482;
635;576;1;2;9048;
580;640;1;2;6845;
593;572;1;2;13528;
612;556;1;2;2521;
648;617;1;2;257;
0;1;268;268;
1;1;22;622;
2;1;132;1332;
3;1;270;2070;
4;1;118;2518;
5;1;151;3151;
6;1;245;3845;
7;1;87;4287;
8;1;129;4929;
9;1;177;5577;
10;1;188;6188;
11;1;241;6841;
12;1;68;7268;
13;1;200;8000;
14;1;196;8596;
15;1;263;9263;
16;1;285;9885;
17;1;222;10422;
18;1;113;10913;
19;1;15;11415;
