****8****
100
579;567;1;2;0;
595;593;1;2;0;
613;643;1;2;0;
614;640;1;2;0;
614;607;1;2;0;
637;587;1;2;0;
573;573;1;2;0;
563;641;1;2;0;
591;561;1;2;0;
624;587;1;2;0;
565;555;1;2;0;
568;607;1;2;0;
595;573;1;2;0;
585;622;1;2;0;
642;580;1;2;0;
564;623;1;2;0;
598;561;1;2;0;
566;561;1;2;0;
555;582;1;2;0;
603;619;1;2;0;
640;642;1;2;0;
608;615;1;2;0;
566;573;1;2;0;
558;559;1;2;0;
637;584;1;2;0;
596;604;1;2;0;
589;615;1;2;0;
561;586;1;2;0;
590;597;1;2;0;
559;582;1;2;0;
627;573;1;2;0;
555;627;1;2;0;
637;623;1;2;0;
639;642;1;2;0;
607;644;1;2;0;
611;649;1;2;0;
589;622;1;2;0;
566;605;1;2;0;
597;574;1;2;0;
566;584;1;2;0;
561;612;1;2;0;
639;600;1;2;0;
629;550;1;2;0;
589;621;1;2;0;
649;598;1;2;0;
605;579;1;2;0;
573;562;1;2;0;
556;560;1;2;0;
635;597;1;2;0;
552;645;1;2;0;
592;566;1;2;1450;
583;590;1;2;8681;
638;637;1;2;6098;
606;624;1;2;6494;
620;613;1;2;7826;
552;565;1;2;12803;
623;565;1;2;2378;
579;594;1;2;3103;
591;600;1;2;8620;
629;648;1;2;2761;
576;642;1;2;9903;
570;575;1;2;9755;
633;615;1;2;3997;
573;571;1;2;5329;
623;593;1;2;3305;
624;595;1;2;7805;
616;569;1;2;5877;
556;550;1;2;12779;
572;643;1;2;1246;
598;574;1;2;1748;
578;600;1;2;9989;
627;573;1;2;8306;
567;608;1;2;13044;
595;631;1;2;825;
597;605;1;2;5276;
562;631;1;2;7452;
595;598;1;2;7088;
642;556;1;2;9340;
638;578;1;2;6254;
632;578;1;2;14174;
628;607;1;2;11099;
616;636;1;2;12990;
581;553;1;2;13035;
611;551;1;2;2330;
566;598;1;2;1388;
612;611;1;2;3526;
556;608;1;2;5561;
619;600;1;2;10363;
634;588;1;2;5544;
643;622;1;2;14231;
576;552;1;2;9185;
559;618;1;2;14818;
618;649;1;2;11376;
583;562;1;2;1379;
581;578;1;2;4665;
635;593;1;2;10523;
622;599;1;2;10281;
557;621;1;2;9817;
598;557;1;2;6908;
568;550;1;2;2310;
0;1;18;18;
1;1;179;779;
2;1;190;1390;
3;1;277;2077;
4;1;89;2489;
5;1;259;3259;
6;1;23;3623;
7;1;57;4257;
8;1;10;4810;
9;1;24;5424;
10;1;42;6042;
11;1;23;6623;
12;1;26;7226;
13;1;73;7873;
14;1;103;8503;
15;1;276;9276;
16;1;10;9610;
17;1;146;10346;
18;1;188;10988;
19;1;82;11482;
