****18****
100
577;571;1;2;0;
617;616;1;2;0;
571;567;1;2;0;
630;644;1;2;0;
598;601;1;2;0;
562;566;1;2;0;
575;558;1;2;0;
574;569;1;2;0;
614;617;1;2;0;
582;597;1;2;0;
618;594;1;2;0;
581;647;1;2;0;
614;640;1;2;0;
628;587;1;2;0;
588;575;1;2;0;
626;615;1;2;0;
596;593;1;2;0;
582;570;1;2;0;
611;614;1;2;0;
564;559;1;2;0;
565;628;1;2;0;
575;642;1;2;0;
589;551;1;2;0;
613;553;1;2;0;
618;645;1;2;0;
552;638;1;2;0;
641;635;1;2;0;
635;606;1;2;0;
625;565;1;2;0;
643;564;1;2;0;
591;620;1;2;0;
629;589;1;2;0;
563;613;1;2;0;
561;624;1;2;0;
577;575;1;2;0;
585;644;1;2;0;
606;563;1;2;0;
636;645;1;2;0;
564;599;1;2;0;
600;585;1;2;0;
646;602;1;2;0;
573;638;1;2;0;
639;611;1;2;0;
646;615;1;2;0;
626;639;1;2;0;
581;619;1;2;0;
561;560;1;2;0;
611;627;1;2;0;
576;622;1;2;0;
553;603;1;2;0;
600;589;1;2;8125;
556;602;1;2;1513;
551;616;1;2;6136;
553;603;1;2;8764;
557;579;1;2;7868;
646;640;1;2;12797;
611;568;1;2;1443;
642;638;1;2;3672;
605;599;1;2;13614;
631;623;1;2;899;
636;573;1;2;394;
588;579;1;2;5512;
627;632;1;2;4079;
567;635;1;2;6571;
603;642;1;2;14458;
580;591;1;2;11285;
604;552;1;2;6776;
618;597;1;2;3253;
596;604;1;2;5910;
602;585;1;2;4843;
560;623;1;2;9379;
557;614;1;2;11979;
610;591;1;2;8762;
630;608;1;2;411;
555;561;1;2;3298;
557;643;1;2;834;
601;598;1;2;5966;
563;618;1;2;13846;
566;616;1;2;2359;
569;569;1;2;2365;
594;579;1;2;11043;
595;639;1;2;5533;
577;599;1;2;2349;
641;631;1;2;8119;
643;636;1;2;622;
590;595;1;2;3218;
577;646;1;2;12721;
619;612;1;2;1064;
608;580;1;2;936;
551;599;1;2;11936;
581;596;1;2;3977;
637;593;1;2;7946;
556;572;1;2;13370;
617;563;1;2;9329;
587;609;1;2;2884;
569;649;1;2;7511;
597;576;1;2;4491;
572;598;1;2;602;
568;556;1;2;14098;
631;558;1;2;4903;
0;1;115;115;
1;1;92;692;
2;1;212;1412;
3;1;178;1978;
4;1;179;2579;
5;1;207;3207;
6;1;230;3830;
7;1;38;4238;
8;1;129;4929;
9;1;236;5636;
10;1;5;6005;
11;1;194;6794;
12;1;123;7323;
13;1;294;8094;
14;1;53;8453;
15;1;48;9048;
16;1;214;9814;
17;1;152;10352;
18;1;19;10819;
19;1;213;11613;
