****17****
100
600;625;1;2;0;
597;564;1;2;0;
631;647;1;2;0;
550;608;1;2;0;
577;632;1;2;0;
642;617;1;2;0;
612;644;1;2;0;
586;602;1;2;0;
648;594;1;2;0;
612;592;1;2;0;
628;636;1;2;0;
609;613;1;2;0;
583;630;1;2;0;
632;553;1;2;0;
597;565;1;2;0;
624;599;1;2;0;
592;571;1;2;0;
566;625;1;2;0;
620;566;1;2;0;
584;600;1;2;0;
648;576;1;2;0;
567;563;1;2;0;
570;603;1;2;0;
567;620;1;2;0;
599;630;1;2;0;
614;577;1;2;0;
616;573;1;2;0;
592;649;1;2;0;
553;626;1;2;0;
605;552;1;2;0;
594;579;1;2;0;
554;636;1;2;0;
552;622;1;2;0;
612;575;1;2;0;
638;646;1;2;0;
577;589;1;2;0;
624;594;1;2;0;
554;644;1;2;0;
599;571;1;2;0;
566;600;1;2;0;
603;630;1;2;0;
579;570;1;2;0;
605;621;1;2;0;
621;561;1;2;0;
550;628;1;2;0;
615;594;1;2;0;
557;619;1;2;0;
580;612;1;2;0;
643;594;1;2;0;
589;632;1;2;0;
642;616;1;2;6386;
616;612;1;2;9169;
562;561;1;2;5404;
578;563;1;2;9971;
610;592;1;2;1595;
566;615;1;2;2693;
629;615;1;2;9695;
594;559;1;2;8532;
616;642;1;2;6838;
609;586;1;2;6189;
643;631;1;2;2053;
616;597;1;2;7011;
645;610;1;2;11589;
648;590;1;2;13988;
604;603;1;2;225;
632;571;1;2;399;
631;550;1;2;14920;
609;594;1;2;1302;
647;560;1;2;5292;
598;620;1;2;4305;
641;613;1;2;6967;
597;632;1;2;7484;
620;579;1;2;12589;
553;629;1;2;3969;
600;583;1;2;5969;
588;617;1;2;13196;
594;599;1;2;10783;
566;558;1;2;4385;
647;607;1;2;9806;
620;608;1;2;1229;
633;599;1;2;5222;
628;598;1;2;13169;
570;568;1;2;3253;
624;572;1;2;11374;
618;622;1;2;1514;
618;612;1;2;5272;
638;557;1;2;9847;
559;625;1;2;10917;
576;622;1;2;539;
603;644;1;2;1535;
553;627;1;2;4602;
570;605;1;2;11301;
617;577;1;2;13152;
597;551;1;2;7726;
557;572;1;2;8028;
603;640;1;2;14775;
616;628;1;2;12382;
578;637;1;2;768;
648;563;1;2;10745;
580;569;1;2;3094;
0;1;269;269;
1;1;175;775;
2;1;297;1497;
3;1;56;1856;
4;1;95;2495;
5;1;4;3004;
6;1;144;3744;
7;1;114;4314;
8;1;232;5032;
9;1;150;5550;
10;1;61;6061;
11;1;285;6885;
12;1;230;7430;
13;1;69;7869;
14;1;7;8407;
15;1;182;9182;
16;1;222;9822;
17;1;97;10297;
18;1;96;10896;
19;1;288;11688;
