****5****
100
623;617;1;2;0;
614;574;1;2;0;
562;639;1;2;0;
642;647;1;2;0;
643;564;1;2;0;
585;584;1;2;0;
645;624;1;2;0;
622;593;1;2;0;
580;573;1;2;0;
561;578;1;2;0;
570;619;1;2;0;
569;636;1;2;0;
566;637;1;2;0;
572;560;1;2;0;
608;555;1;2;0;
640;581;1;2;0;
623;604;1;2;0;
606;635;1;2;0;
645;598;1;2;0;
584;591;1;2;0;
564;571;1;2;0;
577;560;1;2;0;
598;649;1;2;0;
555;580;1;2;0;
572;618;1;2;0;
609;644;1;2;0;
639;580;1;2;0;
631;555;1;2;0;
619;605;1;2;0;
565;577;1;2;0;
610;555;1;2;0;
609;635;1;2;0;
562;565;1;2;0;
572;609;1;2;0;
565;559;1;2;0;
550;579;1;2;0;
632;578;1;2;0;
641;580;1;2;0;
577;599;1;2;0;
611;552;1;2;0;
567;622;1;2;0;
646;557;1;2;0;
552;579;1;2;0;
614;621;1;2;0;
586;630;1;2;0;
601;647;1;2;0;
587;560;1;2;0;
584;599;1;2;0;
575;607;1;2;0;
559;642;1;2;0;
616;611;1;2;4792;
598;639;1;2;12517;
581;619;1;2;9027;
594;621;1;2;9921;
618;569;1;2;13380;
572;551;1;2;4640;
595;587;1;2;1386;
646;636;1;2;4214;
556;571;1;2;10670;
633;628;1;2;12411;
625;646;1;2;2258;
599;646;1;2;2442;
616;577;1;2;7069;
630;573;1;2;14482;
613;641;1;2;1527;
608;563;1;2;91;
615;609;1;2;13658;
606;605;1;2;12199;
582;564;1;2;3104;
612;599;1;2;11634;
599;627;1;2;12151;
600;576;1;2;13196;
642;642;1;2;12861;
553;574;1;2;12364;
635;589;1;2;3035;
640;647;1;2;2065;
595;564;1;2;13184;
639;620;1;2;4740;
569;605;1;2;7071;
621;567;1;2;14144;
554;569;1;2;4909;
584;571;1;2;13669;
610;563;1;2;7938;
615;566;1;2;11252;
644;603;1;2;4022;
617;593;1;2;13647;
603;590;1;2;14763;
600;579;1;2;8758;
604;551;1;2;14846;
575;574;1;2;12711;
643;578;1;2;14765;
640;612;1;2;8265;
563;624;1;2;10162;
582;590;1;2;11540;
625;636;1;2;12372;
559;555;1;2;13202;
591;560;1;2;14612;
642;562;1;2;14277;
563;617;1;2;9886;
639;594;1;2;4052;
0;1;87;87;
1;1;190;790;
2;1;243;1443;
3;1;4;1804;
4;1;180;2580;
5;1;158;3158;
6;1;93;3693;
7;1;45;4245;
8;1;232;5032;
9;1;44;5444;
10;1;77;6077;
11;1;224;6824;
12;1;114;7314;
13;1;104;7904;
14;1;63;8463;
15;1;86;9086;
16;1;113;9713;
17;1;220;10420;
18;1;5;10805;
19;1;7;11407;
