****4****
100
583;581;1;2;0;
644;613;1;2;0;
585;587;1;2;0;
554;624;1;2;0;
565;564;1;2;0;
608;605;1;2;0;
597;555;1;2;0;
582;614;1;2;0;
609;649;1;2;0;
621;573;1;2;0;
618;610;1;2;0;
585;640;1;2;0;
641;557;1;2;0;
604;564;1;2;0;
554;564;1;2;0;
621;639;1;2;0;
595;616;1;2;0;
602;582;1;2;0;
605;559;1;2;0;
557;572;1;2;0;
625;615;1;2;0;
579;572;1;2;0;
572;611;1;2;0;
588;584;1;2;0;
610;559;1;2;0;
607;630;1;2;0;
620;594;1;2;0;
572;563;1;2;0;
601;626;1;2;0;
577;557;1;2;0;
592;600;1;2;0;
647;637;1;2;0;
566;551;1;2;0;
570;573;1;2;0;
560;577;1;2;0;
647;636;1;2;0;
594;576;1;2;0;
610;568;1;2;0;
590;649;1;2;0;
602;602;1;2;0;
610;559;1;2;0;
635;632;1;2;0;
603;557;1;2;0;
645;606;1;2;0;
586;624;1;2;0;
614;628;1;2;0;
575;563;1;2;0;
568;643;1;2;0;
564;588;1;2;0;
619;627;1;2;0;
567;616;1;2;2555;
611;595;1;2;2474;
629;635;1;2;11152;
634;639;1;2;5810;
643;624;1;2;2624;
649;584;1;2;6994;
605;620;1;2;2027;
621;550;1;2;4110;
586;568;1;2;2510;
601;558;1;2;12502;
630;575;1;2;13842;
645;588;1;2;13683;
572;620;1;2;1686;
551;604;1;2;426;
590;649;1;2;1944;
563;648;1;2;8893;
632;556;1;2;9258;
628;627;1;2;13895;
648;616;1;2;830;
566;619;1;2;4422;
553;599;1;2;3695;
607;646;1;2;5667;
557;620;1;2;2665;
597;621;1;2;10141;
574;613;1;2;13549;
625;627;1;2;3715;
611;609;1;2;4948;
570;639;1;2;6431;
630;638;1;2;3700;
609;606;1;2;9736;
648;610;1;2;888;
616;619;1;2;9221;
571;578;1;2;6716;
600;625;1;2;5508;
635;649;1;2;9933;
570;625;1;2;8597;
555;638;1;2;7510;
646;558;1;2;8701;
566;639;1;2;786;
553;550;1;2;1276;
608;600;1;2;6689;
565;566;1;2;1357;
617;640;1;2;13473;
640;642;1;2;14720;
587;628;1;2;5526;
597;648;1;2;2343;
636;553;1;2;14557;
634;601;1;2;5439;
574;617;1;2;3886;
602;620;1;2;10236;
0;1;190;190;
1;1;182;782;
2;1;188;1388;
3;1;286;2086;
4;1;49;2449;
5;1;57;3057;
6;1;52;3652;
7;1;116;4316;
8;1;147;4947;
9;1;246;5646;
10;1;259;6259;
11;1;239;6839;
12;1;115;7315;
13;1;96;7896;
14;1;269;8669;
15;1;36;9036;
16;1;43;9643;
17;1;219;10419;
18;1;132;10932;
19;1;281;11681;
