****14****
100
635;627;1;2;0;
550;552;1;2;0;
630;606;1;2;0;
620;606;1;2;0;
560;571;1;2;0;
615;560;1;2;0;
559;587;1;2;0;
555;616;1;2;0;
596;639;1;2;0;
625;629;1;2;0;
585;596;1;2;0;
592;567;1;2;0;
649;558;1;2;0;
571;634;1;2;0;
583;612;1;2;0;
636;568;1;2;0;
641;636;1;2;0;
622;621;1;2;0;
644;592;1;2;0;
629;554;1;2;0;
565;594;1;2;0;
565;575;1;2;0;
631;622;1;2;0;
641;630;1;2;0;
612;568;1;2;0;
561;599;1;2;0;
566;555;1;2;0;
616;566;1;2;0;
563;637;1;2;0;
602;596;1;2;0;
599;588;1;2;0;
614;590;1;2;0;
627;638;1;2;0;
613;621;1;2;0;
580;592;1;2;0;
578;596;1;2;0;
637;645;1;2;0;
573;570;1;2;0;
617;616;1;2;0;
550;579;1;2;0;
587;561;1;2;0;
628;603;1;2;0;
566;595;1;2;0;
571;631;1;2;0;
634;623;1;2;0;
577;584;1;2;0;
614;593;1;2;0;
576;643;1;2;0;
581;640;1;2;0;
566;564;1;2;0;
582;594;1;2;11196;
621;589;1;2;7370;
642;609;1;2;12287;
642;638;1;2;7909;
606;569;1;2;7201;
574;614;1;2;11243;
556;598;1;2;4023;
583;584;1;2;5275;
579;611;1;2;11751;
610;553;1;2;2587;
576;585;1;2;13838;
588;557;1;2;7854;
623;649;1;2;3586;
629;593;1;2;13609;
571;601;1;2;14927;
567;626;1;2;10156;
637;632;1;2;2827;
632;617;1;2;4794;
643;646;1;2;9478;
595;559;1;2;4137;
615;585;1;2;8222;
632;624;1;2;14530;
589;649;1;2;2780;
604;580;1;2;4606;
608;602;1;2;3154;
583;619;1;2;5617;
574;558;1;2;8184;
614;640;1;2;8176;
588;633;1;2;13335;
575;630;1;2;3247;
617;648;1;2;1767;
642;630;1;2;5089;
627;569;1;2;5090;
562;624;1;2;14059;
641;634;1;2;9410;
624;620;1;2;12853;
630;644;1;2;5139;
623;608;1;2;5782;
583;598;1;2;3582;
591;575;1;2;10288;
609;642;1;2;13488;
566;587;1;2;11527;
597;616;1;2;11766;
631;580;1;2;3776;
644;624;1;2;14691;
561;598;1;2;14926;
600;630;1;2;13653;
647;603;1;2;14685;
636;636;1;2;6337;
609;578;1;2;14074;
0;1;218;218;
1;1;240;840;
2;1;112;1312;
3;1;221;2021;
4;1;56;2456;
5;1;49;3049;
6;1;157;3757;
7;1;155;4355;
8;1;67;4867;
9;1;13;5413;
10;1;136;6136;
11;1;98;6698;
12;1;294;7494;
13;1;283;8083;
14;1;172;8572;
15;1;212;9212;
16;1;246;9846;
17;1;20;10220;
18;1;248;11048;
19;1;196;11596;
