****10****
100
611;554;1;2;0;
562;615;1;2;0;
632;644;1;2;0;
611;629;1;2;0;
575;587;1;2;0;
644;600;1;2;0;
555;565;1;2;0;
597;579;1;2;0;
621;618;1;2;0;
621;594;1;2;0;
553;599;1;2;0;
647;627;1;2;0;
558;647;1;2;0;
558;554;1;2;0;
623;563;1;2;0;
593;584;1;2;0;
619;558;1;2;0;
601;601;1;2;0;
552;614;1;2;0;
632;578;1;2;0;
604;627;1;2;0;
580;609;1;2;0;
642;579;1;2;0;
590;565;1;2;0;
648;613;1;2;0;
610;603;1;2;0;
563;607;1;2;0;
632;623;1;2;0;
556;592;1;2;0;
579;581;1;2;0;
605;622;1;2;0;
568;574;1;2;0;
582;571;1;2;0;
578;585;1;2;0;
636;560;1;2;0;
565;642;1;2;0;
637;647;1;2;0;
601;582;1;2;0;
577;594;1;2;0;
597;627;1;2;0;
557;557;1;2;0;
632;570;1;2;0;
566;615;1;2;0;
595;625;1;2;0;
609;624;1;2;0;
556;617;1;2;0;
649;626;1;2;0;
641;581;1;2;0;
648;621;1;2;0;
616;586;1;2;0;
632;583;1;2;14890;
571;581;1;2;13678;
603;560;1;2;8014;
551;637;1;2;10753;
610;619;1;2;12110;
579;636;1;2;7830;
554;596;1;2;9999;
612;563;1;2;13256;
589;606;1;2;12148;
639;630;1;2;9238;
627;612;1;2;7110;
607;585;1;2;5839;
590;639;1;2;10896;
618;592;1;2;12671;
553;552;1;2;3297;
560;633;1;2;4354;
613;637;1;2;11299;
593;552;1;2;1207;
619;643;1;2;1119;
629;632;1;2;1054;
558;561;1;2;7192;
620;618;1;2;9691;
565;610;1;2;11821;
620;578;1;2;13463;
562;581;1;2;12266;
625;644;1;2;5971;
627;559;1;2;1485;
627;602;1;2;8460;
640;572;1;2;464;
614;603;1;2;14491;
615;563;1;2;10081;
583;633;1;2;1140;
586;600;1;2;1347;
578;570;1;2;2730;
564;634;1;2;2027;
552;562;1;2;9871;
576;591;1;2;5074;
588;569;1;2;12146;
601;611;1;2;13848;
560;575;1;2;6835;
600;641;1;2;347;
604;626;1;2;1492;
627;562;1;2;14635;
611;590;1;2;6159;
624;604;1;2;3738;
620;558;1;2;9684;
610;585;1;2;13842;
609;623;1;2;11527;
613;626;1;2;4438;
639;588;1;2;8202;
0;1;122;122;
1;1;42;642;
2;1;195;1395;
3;1;267;2067;
4;1;196;2596;
5;1;271;3271;
6;1;47;3647;
7;1;25;4225;
8;1;283;5083;
9;1;130;5530;
10;1;139;6139;
11;1;175;6775;
12;1;234;7434;
13;1;265;8065;
14;1;229;8629;
15;1;222;9222;
16;1;235;9835;
17;1;38;10238;
18;1;26;10826;
19;1;147;11547;
