****3****
100
645;572;1;2;0;
609;623;1;2;0;
562;590;1;2;0;
561;574;1;2;0;
570;614;1;2;0;
567;641;1;2;0;
617;569;1;2;0;
582;553;1;2;0;
624;600;1;2;0;
551;574;1;2;0;
623;611;1;2;0;
609;583;1;2;0;
635;606;1;2;0;
595;648;1;2;0;
632;554;1;2;0;
636;627;1;2;0;
628;647;1;2;0;
552;640;1;2;0;
587;564;1;2;0;
616;607;1;2;0;
628;586;1;2;0;
551;647;1;2;0;
605;635;1;2;0;
550;579;1;2;0;
585;551;1;2;0;
555;611;1;2;0;
564;614;1;2;0;
596;649;1;2;0;
570;641;1;2;0;
600;604;1;2;0;
597;586;1;2;0;
582;576;1;2;0;
583;584;1;2;0;
618;572;1;2;0;
598;585;1;2;0;
581;628;1;2;0;
621;634;1;2;0;
625;628;1;2;0;
572;625;1;2;0;
609;607;1;2;0;
626;614;1;2;0;
620;592;1;2;0;
578;566;1;2;0;
592;550;1;2;0;
558;642;1;2;0;
557;605;1;2;0;
630;589;1;2;0;
583;615;1;2;0;
575;552;1;2;0;
589;624;1;2;0;
639;572;1;2;1270;
562;609;1;2;6285;
640;631;1;2;1928;
599;640;1;2;2560;
563;611;1;2;1110;
643;579;1;2;7438;
595;587;1;2;13558;
602;595;1;2;7488;
593;628;1;2;12592;
619;582;1;2;12337;
645;623;1;2;5886;
649;635;1;2;2325;
629;625;1;2;240;
637;626;1;2;4109;
621;591;1;2;2571;
599;636;1;2;1506;
620;634;1;2;7554;
584;638;1;2;5782;
581;582;1;2;9566;
594;603;1;2;14064;
647;550;1;2;2356;
626;649;1;2;14860;
612;581;1;2;6715;
631;568;1;2;11440;
592;591;1;2;1547;
615;640;1;2;8727;
567;562;1;2;7325;
608;597;1;2;3221;
647;580;1;2;12569;
564;576;1;2;439;
565;625;1;2;266;
640;601;1;2;14304;
553;563;1;2;2852;
641;596;1;2;12349;
557;639;1;2;844;
615;604;1;2;13467;
612;573;1;2;13144;
592;583;1;2;12943;
561;580;1;2;5351;
614;646;1;2;1977;
572;562;1;2;156;
582;604;1;2;5284;
640;607;1;2;5667;
580;550;1;2;71;
591;558;1;2;8589;
590;623;1;2;2807;
632;585;1;2;14233;
639;628;1;2;5910;
592;591;1;2;12640;
576;608;1;2;14477;
0;1;189;189;
1;1;33;633;
2;1;248;1448;
3;1;226;2026;
4;1;66;2466;
5;1;203;3203;
6;1;115;3715;
7;1;208;4408;
8;1;12;4812;
9;1;170;5570;
10;1;38;6038;
11;1;13;6613;
12;1;71;7271;
13;1;231;8031;
14;1;273;8673;
15;1;213;9213;
16;1;72;9672;
17;1;246;10446;
18;1;9;10809;
19;1;6;11406;
