****12****
100
570;557;1;2;0;
632;573;1;2;0;
634;565;1;2;0;
572;633;1;2;0;
628;587;1;2;0;
641;578;1;2;0;
573;604;1;2;0;
648;585;1;2;0;
610;571;1;2;0;
617;609;1;2;0;
618;562;1;2;0;
616;629;1;2;0;
566;632;1;2;0;
587;586;1;2;0;
640;582;1;2;0;
630;613;1;2;0;
642;612;1;2;0;
636;626;1;2;0;
580;610;1;2;0;
610;558;1;2;0;
648;553;1;2;0;
639;571;1;2;0;
559;589;1;2;0;
559;620;1;2;0;
610;578;1;2;0;
631;630;1;2;0;
642;597;1;2;0;
562;558;1;2;0;
579;551;1;2;0;
646;622;1;2;0;
583;626;1;2;0;
585;627;1;2;0;
641;571;1;2;0;
604;623;1;2;0;
631;616;1;2;0;
631;581;1;2;0;
619;572;1;2;0;
555;581;1;2;0;
612;564;1;2;0;
603;624;1;2;0;
644;584;1;2;0;
557;588;1;2;0;
631;621;1;2;0;
597;612;1;2;0;
622;645;1;2;0;
584;607;1;2;0;
574;619;1;2;0;
585;565;1;2;0;
592;639;1;2;0;
590;626;1;2;0;
557;571;1;2;6971;
626;646;1;2;10387;
609;560;1;2;13067;
562;586;1;2;13168;
596;593;1;2;230;
629;564;1;2;250;
592;636;1;2;3480;
626;646;1;2;6322;
648;581;1;2;3103;
642;622;1;2;3271;
618;629;1;2;12879;
626;557;1;2;13196;
590;617;1;2;4539;
621;629;1;2;2971;
645;628;1;2;8599;
608;607;1;2;8104;
570;649;1;2;6100;
580;578;1;2;11350;
613;628;1;2;9429;
614;620;1;2;8411;
602;641;1;2;4248;
616;569;1;2;3019;
626;609;1;2;14963;
598;580;1;2;9900;
555;628;1;2;11447;
559;586;1;2;11121;
577;559;1;2;6343;
634;641;1;2;13423;
587;604;1;2;11083;
623;620;1;2;2368;
631;625;1;2;14011;
618;591;1;2;7488;
561;620;1;2;9172;
574;568;1;2;651;
615;625;1;2;10588;
586;634;1;2;8719;
615;562;1;2;10786;
643;598;1;2;3793;
551;588;1;2;9555;
637;613;1;2;683;
645;595;1;2;9957;
645;563;1;2;5253;
563;626;1;2;13785;
641;551;1;2;11074;
554;568;1;2;14107;
592;605;1;2;991;
619;622;1;2;10815;
607;615;1;2;3200;
586;568;1;2;5482;
572;555;1;2;11105;
0;1;179;179;
1;1;201;801;
2;1;37;1237;
3;1;210;2010;
4;1;148;2548;
5;1;150;3150;
6;1;134;3734;
7;1;62;4262;
8;1;179;4979;
9;1;81;5481;
10;1;5;6005;
11;1;80;6680;
12;1;194;7394;
13;1;209;8009;
14;1;250;8650;
15;1;134;9134;
16;1;252;9852;
17;1;257;10457;
18;1;259;11059;
19;1;173;11573;
