****3****
100
725;746;1;2;0;
719;747;1;2;0;
746;699;1;2;0;
709;672;1;2;0;
746;742;1;2;0;
709;710;1;2;0;
731;740;1;2;0;
655;690;1;2;0;
651;725;1;2;0;
670;665;1;2;0;
668;680;1;2;0;
711;676;1;2;0;
689;721;1;2;0;
651;749;1;2;0;
742;664;1;2;0;
698;718;1;2;0;
712;719;1;2;0;
667;661;1;2;0;
669;678;1;2;0;
683;665;1;2;0;
671;695;1;2;0;
677;704;1;2;0;
737;735;1;2;0;
744;738;1;2;0;
710;716;1;2;0;
654;681;1;2;0;
747;715;1;2;0;
707;738;1;2;0;
687;660;1;2;0;
737;679;1;2;0;
726;737;1;2;0;
699;689;1;2;0;
707;669;1;2;0;
652;726;1;2;0;
697;737;1;2;0;
693;670;1;2;0;
682;720;1;2;0;
724;669;1;2;0;
705;718;1;2;0;
658;718;1;2;0;
737;662;1;2;0;
701;734;1;2;0;
679;658;1;2;0;
674;668;1;2;0;
720;662;1;2;0;
698;697;1;2;0;
701;699;1;2;0;
688;710;1;2;0;
718;690;1;2;0;
686;718;1;2;0;
677;729;1;2;3975;
662;652;1;2;14673;
681;659;1;2;16828;
689;679;1;2;8749;
653;730;1;2;13922;
735;690;1;2;36;
653;661;1;2;3375;
701;660;1;2;6750;
703;650;1;2;2122;
723;690;1;2;16410;
691;669;1;2;9260;
680;681;1;2;5678;
695;713;1;2;3686;
678;704;1;2;747;
701;660;1;2;2542;
707;745;1;2;3675;
690;748;1;2;14384;
685;652;1;2;4304;
684;705;1;2;15761;
743;678;1;2;14185;
690;672;1;2;198;
717;702;1;2;10648;
698;747;1;2;4855;
689;727;1;2;7567;
709;678;1;2;1838;
709;688;1;2;16191;
702;728;1;2;12971;
658;716;1;2;15336;
724;702;1;2;12395;
742;747;1;2;8134;
700;687;1;2;7524;
730;655;1;2;14540;
691;655;1;2;2911;
667;694;1;2;12584;
749;653;1;2;11688;
694;665;1;2;13822;
733;669;1;2;13405;
671;678;1;2;13486;
715;704;1;2;9257;
714;697;1;2;8457;
694;747;1;2;4053;
695;727;1;2;17190;
701;720;1;2;718;
651;737;1;2;4883;
683;689;1;2;7316;
692;733;1;2;10233;
690;716;1;2;5750;
719;690;1;2;2310;
666;655;1;2;15776;
665;672;1;2;3463;
0;1;112;112;
1;1;167;867;
2;1;210;1610;
3;1;96;2196;
4;1;214;3014;
5;1;40;3540;
6;1;36;4236;
7;1;265;5165;
8;1;112;5712;
9;1;32;6332;
10;1;117;7117;
11;1;102;7802;
12;1;273;8673;
13;1;150;9250;
14;1;41;9841;
15;1;319;10819;
16;1;44;11244;
17;1;224;12124;
18;1;280;12880;
19;1;37;13337;
