****5****
100
662;690;1;2;0;
670;690;1;2;0;
659;680;1;2;0;
714;718;1;2;0;
748;684;1;2;0;
718;730;1;2;0;
727;654;1;2;0;
692;720;1;2;0;
743;660;1;2;0;
722;662;1;2;0;
749;694;1;2;0;
652;677;1;2;0;
678;703;1;2;0;
654;716;1;2;0;
746;678;1;2;0;
692;710;1;2;0;
670;665;1;2;0;
650;731;1;2;0;
747;666;1;2;0;
700;746;1;2;0;
652;720;1;2;0;
678;730;1;2;0;
724;672;1;2;0;
652;669;1;2;0;
682;724;1;2;0;
681;682;1;2;0;
721;735;1;2;0;
661;701;1;2;0;
689;717;1;2;0;
667;737;1;2;0;
697;662;1;2;0;
749;669;1;2;0;
677;701;1;2;0;
651;674;1;2;0;
718;653;1;2;0;
722;672;1;2;0;
723;702;1;2;0;
652;749;1;2;0;
725;706;1;2;0;
720;657;1;2;0;
681;652;1;2;0;
741;652;1;2;0;
689;653;1;2;0;
703;680;1;2;0;
672;673;1;2;0;
719;720;1;2;0;
685;718;1;2;0;
739;664;1;2;0;
722;692;1;2;0;
740;742;1;2;0;
695;713;1;2;13132;
668;717;1;2;17451;
719;692;1;2;16001;
690;700;1;2;14231;
744;743;1;2;3070;
683;746;1;2;4874;
666;721;1;2;16826;
735;691;1;2;2095;
656;732;1;2;13631;
680;675;1;2;15985;
672;720;1;2;11280;
738;691;1;2;919;
707;660;1;2;10951;
685;652;1;2;16469;
693;746;1;2;868;
708;732;1;2;4702;
676;700;1;2;305;
667;737;1;2;11179;
693;743;1;2;6036;
685;725;1;2;6787;
667;747;1;2;11998;
665;688;1;2;14152;
678;745;1;2;2280;
685;732;1;2;5845;
695;728;1;2;1547;
698;686;1;2;6807;
749;712;1;2;10755;
672;729;1;2;14516;
687;724;1;2;6959;
685;711;1;2;4272;
708;680;1;2;1326;
702;695;1;2;11252;
688;675;1;2;10557;
685;663;1;2;15244;
737;660;1;2;10158;
737;708;1;2;10254;
671;659;1;2;8522;
703;733;1;2;10229;
674;671;1;2;11528;
691;706;1;2;8549;
684;665;1;2;16952;
674;669;1;2;7400;
702;707;1;2;15487;
729;695;1;2;5605;
739;682;1;2;17341;
727;721;1;2;10619;
703;742;1;2;1701;
741;747;1;2;14334;
662;671;1;2;1254;
657;665;1;2;9116;
0;1;164;164;
1;1;350;1050;
2;1;87;1487;
3;1;103;2203;
4;1;324;3124;
5;1;306;3806;
6;1;39;4239;
7;1;178;5078;
8;1;115;5715;
9;1;150;6450;
10;1;309;7309;
11;1;160;7860;
12;1;277;8677;
13;1;249;9349;
14;1;144;9944;
15;1;263;10763;
16;1;228;11428;
17;1;15;11915;
18;1;58;12658;
19;1;232;13532;
