****19****
100
742;657;1;2;0;
656;749;1;2;0;
696;731;1;2;0;
656;673;1;2;0;
712;682;1;2;0;
733;715;1;2;0;
718;704;1;2;0;
657;733;1;2;0;
709;729;1;2;0;
660;716;1;2;0;
677;671;1;2;0;
669;658;1;2;0;
657;653;1;2;0;
748;748;1;2;0;
702;656;1;2;0;
655;747;1;2;0;
715;713;1;2;0;
746;662;1;2;0;
694;704;1;2;0;
685;709;1;2;0;
736;668;1;2;0;
726;656;1;2;0;
674;685;1;2;0;
739;733;1;2;0;
664;702;1;2;0;
652;744;1;2;0;
675;671;1;2;0;
652;682;1;2;0;
674;703;1;2;0;
680;679;1;2;0;
709;738;1;2;0;
676;675;1;2;0;
701;724;1;2;0;
739;746;1;2;0;
678;674;1;2;0;
657;717;1;2;0;
744;733;1;2;0;
675;668;1;2;0;
668;717;1;2;0;
652;734;1;2;0;
721;654;1;2;0;
728;746;1;2;0;
727;683;1;2;0;
678;652;1;2;0;
736;661;1;2;0;
733;747;1;2;0;
749;659;1;2;0;
724;700;1;2;0;
685;713;1;2;0;
748;665;1;2;0;
737;655;1;2;380;
731;690;1;2;3744;
702;660;1;2;5372;
656;745;1;2;4847;
660;675;1;2;14664;
737;708;1;2;157;
691;746;1;2;3899;
726;744;1;2;7271;
735;718;1;2;14790;
722;734;1;2;10053;
738;673;1;2;6663;
672;707;1;2;13366;
732;659;1;2;7154;
663;665;1;2;13153;
713;727;1;2;10525;
711;666;1;2;14761;
738;660;1;2;12563;
727;736;1;2;6809;
716;722;1;2;15702;
655;746;1;2;9972;
696;734;1;2;1286;
691;657;1;2;7431;
731;691;1;2;9300;
681;705;1;2;5306;
678;720;1;2;17174;
700;682;1;2;15324;
733;722;1;2;490;
715;699;1;2;14584;
738;665;1;2;10817;
734;722;1;2;9905;
714;669;1;2;15609;
718;662;1;2;16752;
678;743;1;2;16753;
748;726;1;2;9424;
684;654;1;2;17113;
698;657;1;2;7599;
728;692;1;2;4482;
668;657;1;2;5720;
746;698;1;2;12641;
697;682;1;2;5035;
744;747;1;2;16397;
727;667;1;2;562;
670;695;1;2;11842;
706;745;1;2;4886;
749;732;1;2;15967;
662;680;1;2;9048;
708;710;1;2;10449;
677;680;1;2;15234;
744;676;1;2;826;
731;723;1;2;12312;
0;1;341;341;
1;1;170;870;
2;1;160;1560;
3;1;121;2221;
4;1;300;3100;
5;1;177;3677;
6;1;63;4263;
7;1;72;4972;
8;1;75;5675;
9;1;253;6553;
10;1;80;7080;
11;1;72;7772;
12;1;218;8618;
13;1;229;9329;
14;1;104;9904;
15;1;289;10789;
16;1;41;11241;
17;1;84;11984;
18;1;219;12819;
19;1;301;13601;
