****11****
100
661;671;1;2;0;
683;708;1;2;0;
654;740;1;2;0;
700;720;1;2;0;
748;725;1;2;0;
715;743;1;2;0;
727;700;1;2;0;
683;680;1;2;0;
684;720;1;2;0;
686;681;1;2;0;
714;675;1;2;0;
694;727;1;2;0;
697;658;1;2;0;
690;717;1;2;0;
650;744;1;2;0;
682;662;1;2;0;
718;715;1;2;0;
720;674;1;2;0;
657;722;1;2;0;
697;707;1;2;0;
697;714;1;2;0;
700;674;1;2;0;
664;733;1;2;0;
704;698;1;2;0;
655;740;1;2;0;
681;671;1;2;0;
718;677;1;2;0;
701;717;1;2;0;
737;741;1;2;0;
684;738;1;2;0;
687;668;1;2;0;
650;655;1;2;0;
733;672;1;2;0;
732;692;1;2;0;
744;679;1;2;0;
749;743;1;2;0;
743;699;1;2;0;
667;709;1;2;0;
735;673;1;2;0;
657;740;1;2;0;
716;740;1;2;0;
714;736;1;2;0;
667;665;1;2;0;
703;655;1;2;0;
656;689;1;2;0;
695;745;1;2;0;
708;747;1;2;0;
703;743;1;2;0;
669;685;1;2;0;
738;715;1;2;0;
666;737;1;2;5557;
659;739;1;2;1850;
718;676;1;2;2370;
677;718;1;2;8368;
719;682;1;2;15864;
736;697;1;2;698;
693;655;1;2;5031;
690;651;1;2;858;
687;656;1;2;483;
706;743;1;2;7124;
723;659;1;2;4324;
681;720;1;2;816;
708;740;1;2;7046;
711;719;1;2;17396;
679;688;1;2;3782;
682;726;1;2;8022;
741;722;1;2;16180;
740;662;1;2;5440;
749;700;1;2;1084;
652;708;1;2;7466;
694;682;1;2;7365;
724;713;1;2;15762;
743;724;1;2;16169;
740;685;1;2;6568;
654;714;1;2;4969;
652;698;1;2;1513;
697;742;1;2;632;
700;732;1;2;4756;
656;732;1;2;5491;
718;686;1;2;10535;
725;730;1;2;15292;
741;657;1;2;1876;
727;702;1;2;7138;
655;693;1;2;15948;
652;749;1;2;13231;
687;651;1;2;8911;
651;650;1;2;3685;
734;653;1;2;8201;
730;659;1;2;5817;
728;680;1;2;14517;
685;655;1;2;12041;
673;747;1;2;2712;
677;676;1;2;10789;
655;734;1;2;2375;
672;688;1;2;6425;
654;678;1;2;3278;
736;679;1;2;957;
662;663;1;2;15641;
670;696;1;2;5884;
713;726;1;2;7773;
0;1;294;294;
1;1;312;1012;
2;1;223;1623;
3;1;107;2207;
4;1;138;2938;
5;1;72;3572;
6;1;77;4277;
7;1;265;5165;
8;1;50;5650;
9;1;52;6352;
10;1;21;7021;
11;1;186;7886;
12;1;167;8567;
13;1;143;9243;
14;1;75;9875;
15;1;284;10784;
16;1;299;11499;
17;1;303;12203;
18;1;153;12753;
19;1;237;13537;
