****6****
100
706;663;1;2;0;
674;703;1;2;0;
654;687;1;2;0;
677;667;1;2;0;
746;692;1;2;0;
736;662;1;2;0;
741;672;1;2;0;
716;666;1;2;0;
679;654;1;2;0;
695;743;1;2;0;
705;655;1;2;0;
705;731;1;2;0;
653;698;1;2;0;
694;733;1;2;0;
663;703;1;2;0;
666;719;1;2;0;
668;690;1;2;0;
725;672;1;2;0;
679;652;1;2;0;
689;728;1;2;0;
694;727;1;2;0;
740;737;1;2;0;
701;706;1;2;0;
705;730;1;2;0;
710;702;1;2;0;
676;665;1;2;0;
707;731;1;2;0;
699;663;1;2;0;
679;695;1;2;0;
746;744;1;2;0;
700;662;1;2;0;
714;718;1;2;0;
654;689;1;2;0;
692;736;1;2;0;
743;732;1;2;0;
714;739;1;2;0;
661;704;1;2;0;
678;713;1;2;0;
660;685;1;2;0;
745;672;1;2;0;
737;671;1;2;0;
739;746;1;2;0;
704;688;1;2;0;
659;686;1;2;0;
685;655;1;2;0;
680;735;1;2;0;
667;696;1;2;0;
703;672;1;2;0;
687;698;1;2;0;
710;680;1;2;0;
732;674;1;2;6362;
743;728;1;2;16929;
706;738;1;2;8628;
702;712;1;2;7545;
675;701;1;2;8911;
682;692;1;2;4801;
718;727;1;2;4498;
748;713;1;2;11620;
747;718;1;2;17026;
684;666;1;2;6580;
667;748;1;2;10161;
686;694;1;2;7327;
738;650;1;2;1499;
672;654;1;2;8423;
746;732;1;2;7617;
664;664;1;2;9394;
743;732;1;2;198;
680;682;1;2;3238;
735;679;1;2;17339;
715;666;1;2;6756;
704;683;1;2;1571;
716;671;1;2;15333;
659;659;1;2;7091;
741;682;1;2;16273;
686;678;1;2;3274;
734;744;1;2;2447;
672;689;1;2;10019;
739;720;1;2;11627;
722;657;1;2;14350;
725;722;1;2;9024;
744;728;1;2;8184;
666;747;1;2;6308;
680;708;1;2;2826;
747;699;1;2;423;
718;687;1;2;6645;
723;671;1;2;12902;
742;745;1;2;12111;
743;735;1;2;14713;
728;659;1;2;14827;
695;734;1;2;95;
678;680;1;2;12098;
694;697;1;2;14438;
684;727;1;2;2558;
731;676;1;2;7018;
714;696;1;2;7180;
725;669;1;2;16280;
682;661;1;2;14650;
678;706;1;2;2490;
697;685;1;2;214;
674;730;1;2;2043;
0;1;27;27;
1;1;10;710;
2;1;205;1605;
3;1;108;2208;
4;1;106;2906;
5;1;104;3604;
6;1;185;4385;
7;1;40;4940;
8;1;181;5781;
9;1;123;6423;
10;1;223;7223;
11;1;10;7710;
12;1;10;8410;
13;1;37;9137;
14;1;306;10106;
15;1;186;10686;
16;1;214;11414;
17;1;28;11928;
18;1;334;12934;
19;1;296;13596;
