****7****
100
690;677;1;2;0;
674;747;1;2;0;
657;721;1;2;0;
682;747;1;2;0;
745;714;1;2;0;
720;672;1;2;0;
675;676;1;2;0;
731;681;1;2;0;
679;715;1;2;0;
720;712;1;2;0;
739;693;1;2;0;
671;700;1;2;0;
681;728;1;2;0;
736;745;1;2;0;
705;719;1;2;0;
740;746;1;2;0;
698;664;1;2;0;
743;706;1;2;0;
687;727;1;2;0;
703;735;1;2;0;
691;725;1;2;0;
657;669;1;2;0;
704;690;1;2;0;
700;733;1;2;0;
707;670;1;2;0;
747;697;1;2;0;
665;668;1;2;0;
747;697;1;2;0;
747;733;1;2;0;
692;654;1;2;0;
655;682;1;2;0;
650;703;1;2;0;
749;695;1;2;0;
711;686;1;2;0;
672;664;1;2;0;
671;666;1;2;0;
692;730;1;2;0;
685;746;1;2;0;
670;687;1;2;0;
681;728;1;2;0;
707;679;1;2;0;
727;675;1;2;0;
749;724;1;2;0;
722;698;1;2;0;
660;664;1;2;0;
703;717;1;2;0;
696;655;1;2;0;
722;747;1;2;0;
701;684;1;2;0;
684;675;1;2;0;
698;657;1;2;7635;
692;690;1;2;12356;
688;662;1;2;9852;
720;740;1;2;12490;
749;669;1;2;5024;
748;744;1;2;4791;
697;706;1;2;11982;
702;673;1;2;8144;
707;745;1;2;12707;
658;731;1;2;8917;
736;732;1;2;1171;
729;674;1;2;8055;
662;713;1;2;14651;
679;735;1;2;3996;
658;734;1;2;2339;
710;684;1;2;2955;
686;683;1;2;14042;
676;735;1;2;11942;
665;745;1;2;8079;
651;705;1;2;7117;
675;691;1;2;7569;
706;723;1;2;14068;
678;735;1;2;1280;
714;716;1;2;4202;
692;725;1;2;13302;
690;685;1;2;7579;
682;674;1;2;10537;
682;700;1;2;1109;
657;715;1;2;12596;
680;668;1;2;629;
684;693;1;2;834;
722;650;1;2;3344;
732;730;1;2;8632;
710;694;1;2;14991;
720;736;1;2;11469;
667;677;1;2;14649;
700;661;1;2;11820;
718;746;1;2;9022;
722;705;1;2;2842;
673;687;1;2;5985;
680;673;1;2;15486;
732;745;1;2;3455;
705;680;1;2;12950;
715;740;1;2;11736;
743;662;1;2;3809;
695;679;1;2;3068;
686;681;1;2;6526;
701;650;1;2;16665;
666;674;1;2;16042;
701;698;1;2;1179;
0;1;106;106;
1;1;331;1031;
2;1;121;1521;
3;1;303;2403;
4;1;63;2863;
5;1;219;3719;
6;1;2;4202;
7;1;20;4920;
8;1;349;5949;
9;1;233;6533;
10;1;337;7337;
11;1;341;8041;
12;1;208;8608;
13;1;130;9230;
14;1;3;9803;
15;1;123;10623;
16;1;277;11477;
17;1;185;12085;
18;1;116;12716;
19;1;315;13615;
