****17****
100
664;703;1;2;0;
680;715;1;2;0;
674;720;1;2;0;
670;742;1;2;0;
677;655;1;2;0;
699;701;1;2;0;
671;749;1;2;0;
738;700;1;2;0;
694;673;1;2;0;
662;689;1;2;0;
748;686;1;2;0;
673;664;1;2;0;
672;652;1;2;0;
688;707;1;2;0;
735;683;1;2;0;
653;701;1;2;0;
689;683;1;2;0;
667;713;1;2;0;
706;739;1;2;0;
706;733;1;2;0;
697;707;1;2;0;
684;718;1;2;0;
659;725;1;2;0;
720;703;1;2;0;
700;732;1;2;0;
743;698;1;2;0;
668;718;1;2;0;
664;742;1;2;0;
720;702;1;2;0;
700;705;1;2;0;
736;655;1;2;0;
656;727;1;2;0;
689;725;1;2;0;
690;697;1;2;0;
715;698;1;2;0;
732;662;1;2;0;
708;718;1;2;0;
682;717;1;2;0;
693;652;1;2;0;
670;743;1;2;0;
734;715;1;2;0;
743;704;1;2;0;
735;709;1;2;0;
748;705;1;2;0;
662;698;1;2;0;
712;700;1;2;0;
704;671;1;2;0;
677;695;1;2;0;
746;669;1;2;0;
694;663;1;2;0;
670;676;1;2;16520;
728;696;1;2;15081;
695;740;1;2;12301;
667;685;1;2;15167;
685;731;1;2;2921;
670;690;1;2;11972;
678;654;1;2;6078;
740;704;1;2;16761;
713;683;1;2;17179;
710;655;1;2;11031;
675;727;1;2;4173;
653;705;1;2;12551;
662;702;1;2;11033;
726;671;1;2;14418;
725;658;1;2;963;
679;679;1;2;14573;
731;659;1;2;5076;
683;701;1;2;1119;
742;665;1;2;1507;
697;677;1;2;11951;
749;702;1;2;8617;
726;657;1;2;3842;
650;722;1;2;4764;
668;650;1;2;3302;
722;725;1;2;5095;
656;706;1;2;1818;
683;687;1;2;4731;
715;673;1;2;9704;
653;717;1;2;8298;
724;716;1;2;5362;
701;715;1;2;15890;
706;744;1;2;3901;
667;696;1;2;7593;
731;715;1;2;10208;
669;687;1;2;3470;
664;745;1;2;1861;
691;679;1;2;17351;
728;696;1;2;3517;
716;699;1;2;12122;
671;673;1;2;7843;
653;676;1;2;7327;
691;733;1;2;3190;
737;702;1;2;2041;
655;735;1;2;8970;
673;655;1;2;9336;
719;669;1;2;9719;
721;662;1;2;1250;
712;740;1;2;6506;
679;706;1;2;3163;
712;679;1;2;10230;
0;1;65;65;
1;1;235;935;
2;1;186;1586;
3;1;333;2433;
4;1;177;2977;
5;1;69;3569;
6;1;196;4396;
7;1;314;5214;
8;1;323;5923;
9;1;6;6306;
10;1;272;7272;
11;1;259;7959;
12;1;31;8431;
13;1;197;9297;
14;1;214;10014;
15;1;195;10695;
16;1;66;11266;
17;1;335;12235;
18;1;303;12903;
19;1;39;13339;
