****8****
100
665;671;1;2;0;
715;665;1;2;0;
725;684;1;2;0;
742;734;1;2;0;
735;690;1;2;0;
733;740;1;2;0;
672;656;1;2;0;
694;684;1;2;0;
674;697;1;2;0;
655;674;1;2;0;
729;691;1;2;0;
664;738;1;2;0;
672;718;1;2;0;
711;699;1;2;0;
702;678;1;2;0;
713;718;1;2;0;
651;731;1;2;0;
685;678;1;2;0;
665;677;1;2;0;
662;702;1;2;0;
669;698;1;2;0;
693;691;1;2;0;
704;737;1;2;0;
677;728;1;2;0;
685;734;1;2;0;
704;716;1;2;0;
675;670;1;2;0;
657;698;1;2;0;
738;718;1;2;0;
699;691;1;2;0;
698;662;1;2;0;
659;651;1;2;0;
743;746;1;2;0;
679;710;1;2;0;
726;743;1;2;0;
663;745;1;2;0;
691;706;1;2;0;
739;697;1;2;0;
745;718;1;2;0;
727;732;1;2;0;
703;681;1;2;0;
651;728;1;2;0;
701;658;1;2;0;
728;690;1;2;0;
678;677;1;2;0;
731;678;1;2;0;
742;692;1;2;0;
679;687;1;2;0;
740;660;1;2;0;
748;716;1;2;0;
653;713;1;2;9897;
747;721;1;2;14727;
694;716;1;2;8493;
724;651;1;2;12446;
655;704;1;2;11332;
659;712;1;2;11291;
699;740;1;2;3575;
732;668;1;2;7940;
726;749;1;2;16272;
716;659;1;2;3350;
683;714;1;2;5486;
697;663;1;2;5727;
700;660;1;2;4259;
671;734;1;2;10376;
748;739;1;2;12402;
703;700;1;2;17464;
688;749;1;2;7572;
653;683;1;2;4098;
710;659;1;2;15624;
657;678;1;2;3105;
653;663;1;2;11666;
661;662;1;2;1747;
691;712;1;2;13444;
688;685;1;2;9143;
690;735;1;2;3602;
694;688;1;2;12116;
712;679;1;2;12955;
672;682;1;2;8950;
650;695;1;2;3229;
679;654;1;2;6211;
669;657;1;2;9976;
724;720;1;2;12862;
692;662;1;2;12095;
722;652;1;2;4285;
736;693;1;2;7819;
739;689;1;2;10588;
745;652;1;2;439;
651;674;1;2;15949;
694;727;1;2;12556;
746;708;1;2;6207;
727;728;1;2;12137;
724;654;1;2;6446;
682;748;1;2;6422;
653;720;1;2;4765;
660;706;1;2;5908;
705;695;1;2;10369;
740;743;1;2;12495;
704;696;1;2;2032;
652;740;1;2;578;
698;736;1;2;12198;
0;1;48;48;
1;1;116;816;
2;1;25;1425;
3;1;157;2257;
4;1;141;2941;
5;1;329;3829;
6;1;185;4385;
7;1;275;5175;
8;1;277;5877;
9;1;126;6426;
10;1;28;7028;
11;1;247;7947;
12;1;272;8672;
13;1;189;9289;
14;1;203;10003;
15;1;261;10761;
16;1;46;11246;
17;1;301;12201;
18;1;90;12690;
19;1;286;13586;
