****4****
100
691;659;1;2;0;
655;731;1;2;0;
670;724;1;2;0;
689;735;1;2;0;
739;711;1;2;0;
747;651;1;2;0;
729;708;1;2;0;
696;692;1;2;0;
699;731;1;2;0;
707;661;1;2;0;
715;675;1;2;0;
662;687;1;2;0;
676;702;1;2;0;
707;720;1;2;0;
677;686;1;2;0;
708;670;1;2;0;
747;665;1;2;0;
704;667;1;2;0;
739;743;1;2;0;
704;729;1;2;0;
656;701;1;2;0;
682;735;1;2;0;
660;728;1;2;0;
729;661;1;2;0;
661;686;1;2;0;
672;678;1;2;0;
711;736;1;2;0;
715;738;1;2;0;
740;672;1;2;0;
660;719;1;2;0;
660;670;1;2;0;
740;658;1;2;0;
685;694;1;2;0;
727;675;1;2;0;
739;682;1;2;0;
706;697;1;2;0;
733;738;1;2;0;
682;695;1;2;0;
668;713;1;2;0;
659;731;1;2;0;
650;733;1;2;0;
660;663;1;2;0;
720;725;1;2;0;
703;662;1;2;0;
700;713;1;2;0;
732;710;1;2;0;
685;722;1;2;0;
670;721;1;2;0;
718;748;1;2;0;
746;707;1;2;0;
732;654;1;2;15090;
667;742;1;2;5364;
665;660;1;2;5647;
674;693;1;2;13204;
657;703;1;2;2659;
727;679;1;2;12062;
692;681;1;2;13787;
674;693;1;2;8927;
698;714;1;2;6660;
666;664;1;2;11146;
675;746;1;2;12072;
679;715;1;2;502;
719;730;1;2;6932;
722;654;1;2;9936;
726;714;1;2;3361;
743;743;1;2;4026;
665;685;1;2;2665;
651;709;1;2;6349;
673;657;1;2;5415;
717;725;1;2;6773;
658;650;1;2;6388;
654;731;1;2;7146;
695;652;1;2;15304;
745;725;1;2;17489;
691;701;1;2;10566;
691;746;1;2;3482;
719;661;1;2;1615;
731;715;1;2;11071;
686;738;1;2;2353;
705;705;1;2;2767;
690;665;1;2;11544;
671;722;1;2;8449;
669;667;1;2;4786;
748;714;1;2;11821;
684;708;1;2;13698;
683;749;1;2;13076;
676;718;1;2;10134;
705;651;1;2;7099;
697;687;1;2;6957;
696;742;1;2;16368;
671;682;1;2;5536;
699;655;1;2;4033;
708;675;1;2;478;
671;673;1;2;1803;
710;707;1;2;444;
651;741;1;2;11321;
741;719;1;2;15018;
742;726;1;2;14199;
660;673;1;2;3331;
666;720;1;2;17212;
0;1;80;80;
1;1;142;842;
2;1;285;1685;
3;1;313;2413;
4;1;341;3141;
5;1;190;3690;
6;1;166;4366;
7;1;251;5151;
8;1;217;5817;
9;1;290;6590;
10;1;223;7223;
11;1;291;7991;
12;1;179;8579;
13;1;235;9335;
14;1;300;10100;
15;1;277;10777;
16;1;86;11286;
17;1;343;12243;
18;1;25;12625;
19;1;127;13427;
