****0****
100
665;660;1;2;0;
717;734;1;2;0;
716;698;1;2;0;
719;715;1;2;0;
692;744;1;2;0;
735;689;1;2;0;
683;741;1;2;0;
681;728;1;2;0;
679;684;1;2;0;
672;725;1;2;0;
665;737;1;2;0;
670;737;1;2;0;
727;675;1;2;0;
698;666;1;2;0;
664;737;1;2;0;
716;680;1;2;0;
700;735;1;2;0;
664;666;1;2;0;
736;685;1;2;0;
683;678;1;2;0;
679;668;1;2;0;
717;713;1;2;0;
711;701;1;2;0;
743;692;1;2;0;
687;717;1;2;0;
667;702;1;2;0;
704;687;1;2;0;
741;734;1;2;0;
664;741;1;2;0;
650;679;1;2;0;
729;668;1;2;0;
661;731;1;2;0;
654;727;1;2;0;
699;740;1;2;0;
662;732;1;2;0;
720;692;1;2;0;
702;740;1;2;0;
707;715;1;2;0;
691;652;1;2;0;
658;680;1;2;0;
719;727;1;2;0;
732;726;1;2;0;
717;675;1;2;0;
710;731;1;2;0;
719;710;1;2;0;
712;650;1;2;0;
680;723;1;2;0;
731;684;1;2;0;
700;680;1;2;0;
726;665;1;2;0;
714;749;1;2;8684;
718;739;1;2;17343;
735;732;1;2;918;
695;662;1;2;10118;
673;696;1;2;10224;
692;721;1;2;1350;
725;690;1;2;3599;
688;690;1;2;6749;
713;723;1;2;6631;
716;705;1;2;9165;
731;669;1;2;4858;
740;689;1;2;14642;
658;675;1;2;10550;
678;720;1;2;10755;
667;695;1;2;6993;
737;737;1;2;13504;
714;665;1;2;6803;
656;703;1;2;13213;
728;718;1;2;3988;
686;684;1;2;5269;
673;717;1;2;11469;
659;659;1;2;6114;
734;667;1;2;23;
691;695;1;2;12109;
712;665;1;2;5826;
679;652;1;2;9070;
670;668;1;2;3438;
653;726;1;2;5714;
728;656;1;2;1941;
729;745;1;2;3848;
734;668;1;2;2619;
710;730;1;2;998;
725;714;1;2;10384;
666;708;1;2;14196;
729;722;1;2;5050;
685;652;1;2;16289;
681;724;1;2;14261;
692;679;1;2;2567;
708;709;1;2;17014;
745;741;1;2;5790;
716;725;1;2;7120;
706;737;1;2;8360;
654;712;1;2;709;
724;680;1;2;660;
739;659;1;2;7084;
721;747;1;2;9472;
705;730;1;2;3828;
659;725;1;2;14456;
690;683;1;2;13625;
680;730;1;2;5324;
0;1;15;15;
1;1;147;847;
2;1;219;1619;
3;1;18;2118;
4;1;4;2804;
5;1;206;3706;
6;1;103;4303;
7;1;260;5160;
8;1;271;5871;
9;1;303;6603;
10;1;186;7186;
11;1;3;7703;
12;1;160;8560;
13;1;25;9125;
14;1;63;9863;
15;1;42;10542;
16;1;96;11296;
17;1;60;11960;
18;1;278;12878;
19;1;203;13503;
