****18****
100
696;690;1;2;0;
703;687;1;2;0;
677;732;1;2;0;
695;660;1;2;0;
694;677;1;2;0;
719;661;1;2;0;
661;705;1;2;0;
693;739;1;2;0;
725;740;1;2;0;
705;698;1;2;0;
698;676;1;2;0;
656;678;1;2;0;
722;671;1;2;0;
723;690;1;2;0;
705;727;1;2;0;
728;651;1;2;0;
719;681;1;2;0;
740;746;1;2;0;
715;738;1;2;0;
709;660;1;2;0;
665;678;1;2;0;
671;728;1;2;0;
685;666;1;2;0;
718;661;1;2;0;
708;673;1;2;0;
709;656;1;2;0;
651;667;1;2;0;
737;723;1;2;0;
688;710;1;2;0;
715;743;1;2;0;
739;694;1;2;0;
696;708;1;2;0;
677;739;1;2;0;
657;743;1;2;0;
679;716;1;2;0;
705;746;1;2;0;
696;678;1;2;0;
724;732;1;2;0;
746;744;1;2;0;
695;704;1;2;0;
719;654;1;2;0;
663;672;1;2;0;
723;650;1;2;0;
746;661;1;2;0;
662;711;1;2;0;
706;651;1;2;0;
707;704;1;2;0;
661;687;1;2;0;
693;668;1;2;0;
732;674;1;2;0;
686;687;1;2;5043;
733;667;1;2;12288;
667;715;1;2;6536;
712;669;1;2;8795;
668;734;1;2;17139;
741;734;1;2;4015;
652;746;1;2;11105;
660;699;1;2;12274;
714;711;1;2;15120;
710;729;1;2;15440;
734;666;1;2;14704;
655;701;1;2;5725;
702;718;1;2;5951;
695;680;1;2;6118;
710;698;1;2;14713;
696;741;1;2;142;
681;695;1;2;17231;
728;705;1;2;17210;
685;721;1;2;13919;
678;681;1;2;6227;
706;718;1;2;14557;
722;723;1;2;4157;
656;727;1;2;575;
654;724;1;2;6703;
724;685;1;2;8806;
679;683;1;2;13837;
670;714;1;2;2213;
709;745;1;2;3259;
746;680;1;2;231;
696;660;1;2;11458;
726;668;1;2;12535;
671;741;1;2;8505;
720;747;1;2;11656;
688;651;1;2;11024;
687;678;1;2;3519;
685;659;1;2;6281;
675;679;1;2;5824;
661;738;1;2;13254;
703;687;1;2;11460;
716;733;1;2;15563;
660;709;1;2;6000;
725;683;1;2;9036;
714;653;1;2;6953;
681;691;1;2;86;
674;680;1;2;11728;
654;716;1;2;15974;
667;693;1;2;1082;
748;704;1;2;7726;
673;657;1;2;289;
731;723;1;2;4574;
0;1;303;303;
1;1;87;787;
2;1;220;1620;
3;1;141;2241;
4;1;64;2864;
5;1;3;3503;
6;1;321;4521;
7;1;178;5078;
8;1;158;5758;
9;1;99;6399;
10;1;111;7111;
11;1;202;7902;
12;1;30;8430;
13;1;335;9435;
14;1;182;9982;
15;1;239;10739;
16;1;39;11239;
17;1;100;12000;
18;1;309;12909;
19;1;308;13608;
