****9****
100
745;721;1;2;0;
741;691;1;2;0;
728;743;1;2;0;
733;664;1;2;0;
743;719;1;2;0;
711;741;1;2;0;
687;735;1;2;0;
747;729;1;2;0;
664;733;1;2;0;
703;742;1;2;0;
711;680;1;2;0;
739;682;1;2;0;
720;743;1;2;0;
743;667;1;2;0;
745;684;1;2;0;
652;740;1;2;0;
655;695;1;2;0;
733;686;1;2;0;
689;716;1;2;0;
652;682;1;2;0;
738;713;1;2;0;
725;727;1;2;0;
651;675;1;2;0;
706;665;1;2;0;
658;711;1;2;0;
657;719;1;2;0;
693;698;1;2;0;
704;664;1;2;0;
744;749;1;2;0;
733;739;1;2;0;
683;736;1;2;0;
682;740;1;2;0;
733;665;1;2;0;
676;672;1;2;0;
684;679;1;2;0;
657;672;1;2;0;
694;684;1;2;0;
749;695;1;2;0;
709;657;1;2;0;
662;670;1;2;0;
718;722;1;2;0;
691;661;1;2;0;
722;745;1;2;0;
727;716;1;2;0;
696;711;1;2;0;
706;729;1;2;0;
749;690;1;2;0;
672;732;1;2;0;
657;698;1;2;0;
707;691;1;2;0;
679;666;1;2;12711;
676;700;1;2;15262;
721;712;1;2;2224;
686;732;1;2;16805;
710;673;1;2;8533;
682;721;1;2;11362;
749;719;1;2;9295;
657;651;1;2;10063;
697;673;1;2;9603;
704;673;1;2;12124;
698;703;1;2;10882;
661;681;1;2;9509;
728;704;1;2;15515;
701;740;1;2;15813;
743;700;1;2;5883;
748;733;1;2;12137;
682;684;1;2;2982;
730;691;1;2;8703;
728;690;1;2;8825;
709;696;1;2;8406;
699;744;1;2;14864;
657;708;1;2;10482;
666;686;1;2;16434;
736;737;1;2;1505;
741;682;1;2;5063;
721;680;1;2;2254;
724;665;1;2;9886;
696;697;1;2;3898;
670;727;1;2;9035;
666;687;1;2;6782;
686;688;1;2;6599;
711;748;1;2;9640;
719;664;1;2;1782;
730;650;1;2;8693;
683;693;1;2;291;
738;716;1;2;2612;
677;690;1;2;9516;
701;737;1;2;6856;
667;657;1;2;4695;
724;673;1;2;6695;
728;662;1;2;7479;
727;675;1;2;427;
735;745;1;2;12550;
680;725;1;2;918;
712;710;1;2;10406;
728;698;1;2;11893;
727;725;1;2;11576;
693;677;1;2;6494;
706;746;1;2;10968;
697;720;1;2;4763;
0;1;179;179;
1;1;302;1002;
2;1;171;1571;
3;1;349;2449;
4;1;279;3079;
5;1;297;3797;
6;1;17;4217;
7;1;66;4966;
8;1;244;5844;
9;1;201;6501;
10;1;246;7246;
11;1;69;7769;
12;1;38;8438;
13;1;10;9110;
14;1;331;10131;
15;1;18;10518;
16;1;39;11239;
17;1;29;11929;
18;1;16;12616;
19;1;168;13468;
