****14****
100
711;717;1;2;0;
736;723;1;2;0;
691;730;1;2;0;
743;700;1;2;0;
739;717;1;2;0;
720;676;1;2;0;
664;661;1;2;0;
679;684;1;2;0;
738;672;1;2;0;
668;689;1;2;0;
718;709;1;2;0;
652;650;1;2;0;
743;714;1;2;0;
666;659;1;2;0;
700;729;1;2;0;
721;713;1;2;0;
697;659;1;2;0;
739;738;1;2;0;
740;684;1;2;0;
740;681;1;2;0;
652;662;1;2;0;
707;666;1;2;0;
726;688;1;2;0;
700;714;1;2;0;
662;719;1;2;0;
706;731;1;2;0;
678;660;1;2;0;
683;723;1;2;0;
724;700;1;2;0;
732;726;1;2;0;
679;655;1;2;0;
690;678;1;2;0;
665;679;1;2;0;
719;707;1;2;0;
713;709;1;2;0;
738;667;1;2;0;
674;695;1;2;0;
683;650;1;2;0;
733;686;1;2;0;
666;745;1;2;0;
707;722;1;2;0;
678;687;1;2;0;
732;664;1;2;0;
712;707;1;2;0;
666;746;1;2;0;
683;695;1;2;0;
651;675;1;2;0;
676;718;1;2;0;
656;745;1;2;0;
727;672;1;2;0;
656;715;1;2;259;
680;712;1;2;14519;
680;747;1;2;15783;
697;695;1;2;3646;
669;675;1;2;13904;
704;689;1;2;2840;
713;705;1;2;14941;
746;703;1;2;3080;
724;729;1;2;3900;
730;676;1;2;16121;
704;682;1;2;5162;
744;713;1;2;4281;
669;695;1;2;6591;
682;742;1;2;513;
652;714;1;2;10342;
711;720;1;2;17222;
680;683;1;2;15692;
697;731;1;2;16706;
667;705;1;2;721;
706;738;1;2;8444;
723;692;1;2;10170;
657;738;1;2;3549;
653;709;1;2;4164;
747;741;1;2;9513;
738;695;1;2;15541;
655;656;1;2;14500;
659;738;1;2;6834;
722;685;1;2;6848;
687;655;1;2;13073;
734;711;1;2;3900;
656;736;1;2;8867;
662;743;1;2;16676;
731;699;1;2;12459;
697;748;1;2;442;
656;737;1;2;1770;
683;742;1;2;964;
680;703;1;2;6804;
658;675;1;2;4848;
670;664;1;2;15676;
689;749;1;2;8186;
744;707;1;2;10060;
745;719;1;2;3015;
735;700;1;2;14777;
685;699;1;2;10993;
678;706;1;2;3734;
668;691;1;2;3343;
665;722;1;2;9541;
651;682;1;2;8635;
676;702;1;2;17333;
654;693;1;2;1353;
0;1;246;246;
1;1;238;938;
2;1;58;1458;
3;1;172;2272;
4;1;136;2936;
5;1;279;3779;
6;1;46;4246;
7;1;71;4971;
8;1;179;5779;
9;1;18;6318;
10;1;208;7208;
11;1;330;8030;
12;1;189;8589;
13;1;288;9388;
14;1;338;10138;
15;1;47;10547;
16;1;7;11207;
17;1;30;11930;
18;1;99;12699;
19;1;274;13574;
