****13****
100
727;654;1;2;0;
741;678;1;2;0;
685;736;1;2;0;
674;737;1;2;0;
714;704;1;2;0;
716;739;1;2;0;
655;667;1;2;0;
698;663;1;2;0;
692;673;1;2;0;
671;689;1;2;0;
664;726;1;2;0;
698;678;1;2;0;
671;688;1;2;0;
714;743;1;2;0;
654;653;1;2;0;
697;683;1;2;0;
709;689;1;2;0;
712;696;1;2;0;
727;736;1;2;0;
683;691;1;2;0;
742;749;1;2;0;
680;699;1;2;0;
719;729;1;2;0;
712;661;1;2;0;
704;685;1;2;0;
652;671;1;2;0;
662;700;1;2;0;
699;735;1;2;0;
739;715;1;2;0;
680;695;1;2;0;
670;727;1;2;0;
728;730;1;2;0;
718;742;1;2;0;
728;696;1;2;0;
680;662;1;2;0;
737;672;1;2;0;
713;720;1;2;0;
674;682;1;2;0;
651;736;1;2;0;
745;657;1;2;0;
724;748;1;2;0;
678;688;1;2;0;
650;679;1;2;0;
725;691;1;2;0;
697;655;1;2;0;
688;717;1;2;0;
732;719;1;2;0;
749;701;1;2;0;
711;728;1;2;0;
699;694;1;2;0;
692;738;1;2;17237;
655;660;1;2;6066;
740;661;1;2;3335;
687;721;1;2;4852;
737;701;1;2;2835;
738;731;1;2;8777;
731;730;1;2;10678;
670;697;1;2;7610;
739;697;1;2;12284;
652;675;1;2;1249;
696;717;1;2;4576;
667;674;1;2;3997;
709;716;1;2;6181;
690;654;1;2;15930;
697;741;1;2;11281;
742;729;1;2;16489;
714;663;1;2;1245;
739;683;1;2;14212;
651;724;1;2;4463;
713;726;1;2;16293;
677;725;1;2;10318;
729;742;1;2;10658;
691;701;1;2;14424;
717;694;1;2;16006;
714;693;1;2;8810;
663;738;1;2;15068;
744;702;1;2;15645;
658;744;1;2;13336;
667;745;1;2;13907;
675;660;1;2;11574;
708;739;1;2;14048;
712;670;1;2;15123;
740;664;1;2;14924;
735;731;1;2;5226;
734;748;1;2;8057;
677;661;1;2;3135;
699;707;1;2;10796;
686;715;1;2;12332;
706;684;1;2;9737;
652;709;1;2;14970;
674;719;1;2;222;
672;733;1;2;10686;
661;724;1;2;9742;
706;661;1;2;15130;
695;746;1;2;13394;
728;725;1;2;15816;
748;674;1;2;3883;
673;662;1;2;13844;
692;718;1;2;1464;
658;672;1;2;6210;
0;1;186;186;
1;1;97;797;
2;1;42;1442;
3;1;54;2154;
4;1;119;2919;
5;1;76;3576;
6;1;42;4242;
7;1;83;4983;
8;1;52;5652;
9;1;145;6445;
10;1;289;7289;
11;1;113;7813;
12;1;331;8731;
13;1;85;9185;
14;1;261;10061;
15;1;215;10715;
16;1;115;11315;
17;1;286;12186;
18;1;312;12912;
19;1;263;13563;
