****12****
100
683;672;1;2;0;
698;748;1;2;0;
697;719;1;2;0;
694;684;1;2;0;
734;723;1;2;0;
700;679;1;2;0;
734;674;1;2;0;
688;721;1;2;0;
745;666;1;2;0;
688;747;1;2;0;
667;708;1;2;0;
732;686;1;2;0;
702;708;1;2;0;
721;653;1;2;0;
712;673;1;2;0;
689;745;1;2;0;
748;738;1;2;0;
744;695;1;2;0;
659;740;1;2;0;
729;695;1;2;0;
713;732;1;2;0;
724;650;1;2;0;
656;662;1;2;0;
673;704;1;2;0;
679;711;1;2;0;
701;696;1;2;0;
721;735;1;2;0;
684;726;1;2;0;
746;655;1;2;0;
729;708;1;2;0;
679;720;1;2;0;
656;677;1;2;0;
708;702;1;2;0;
674;669;1;2;0;
692;706;1;2;0;
714;708;1;2;0;
688;689;1;2;0;
660;746;1;2;0;
653;683;1;2;0;
700;734;1;2;0;
697;703;1;2;0;
681;668;1;2;0;
741;667;1;2;0;
696;737;1;2;0;
673;675;1;2;0;
747;702;1;2;0;
698;705;1;2;0;
681;708;1;2;0;
657;657;1;2;0;
728;652;1;2;0;
713;744;1;2;3847;
703;683;1;2;3233;
700;739;1;2;9172;
702;723;1;2;14991;
656;706;1;2;7793;
699;724;1;2;13104;
686;747;1;2;6807;
735;651;1;2;5043;
691;734;1;2;7217;
650;741;1;2;3695;
652;657;1;2;2176;
664;662;1;2;4196;
686;712;1;2;16471;
694;717;1;2;7148;
696;675;1;2;11883;
669;724;1;2;16086;
741;660;1;2;5733;
738;697;1;2;15522;
683;690;1;2;9890;
686;691;1;2;11827;
720;745;1;2;10384;
748;712;1;2;4083;
709;700;1;2;15304;
664;744;1;2;17142;
740;743;1;2;14356;
676;714;1;2;13084;
687;705;1;2;2003;
746;693;1;2;2410;
659;726;1;2;13124;
655;715;1;2;8333;
695;685;1;2;10772;
694;683;1;2;6788;
706;694;1;2;11173;
680;708;1;2;9655;
673;650;1;2;17227;
743;677;1;2;12622;
735;714;1;2;14560;
689;710;1;2;12349;
742;719;1;2;11030;
684;677;1;2;321;
671;722;1;2;12977;
654;719;1;2;4288;
698;675;1;2;1894;
745;657;1;2;10381;
739;732;1;2;7839;
725;725;1;2;11767;
728;710;1;2;15134;
739;701;1;2;5847;
693;693;1;2;16931;
675;680;1;2;5772;
0;1;76;76;
1;1;152;852;
2;1;302;1702;
3;1;258;2358;
4;1;156;2956;
5;1;273;3773;
6;1;226;4426;
7;1;307;5207;
8;1;298;5898;
9;1;340;6640;
10;1;154;7154;
11;1;207;7907;
12;1;162;8562;
13;1;245;9345;
14;1;89;9889;
15;1;87;10587;
16;1;73;11273;
17;1;266;12166;
18;1;89;12689;
19;1;203;13503;
