****16****
100
664;671;1;2;0;
701;658;1;2;0;
665;741;1;2;0;
697;732;1;2;0;
656;733;1;2;0;
663;692;1;2;0;
736;738;1;2;0;
708;745;1;2;0;
679;734;1;2;0;
734;704;1;2;0;
690;679;1;2;0;
738;684;1;2;0;
725;721;1;2;0;
693;723;1;2;0;
664;728;1;2;0;
712;730;1;2;0;
702;663;1;2;0;
739;717;1;2;0;
706;738;1;2;0;
651;712;1;2;0;
674;665;1;2;0;
655;660;1;2;0;
653;665;1;2;0;
707;682;1;2;0;
749;691;1;2;0;
688;690;1;2;0;
720;677;1;2;0;
724;747;1;2;0;
700;719;1;2;0;
672;715;1;2;0;
749;734;1;2;0;
695;701;1;2;0;
699;736;1;2;0;
721;708;1;2;0;
677;722;1;2;0;
670;701;1;2;0;
689;727;1;2;0;
663;744;1;2;0;
694;720;1;2;0;
729;694;1;2;0;
661;667;1;2;0;
686;683;1;2;0;
746;712;1;2;0;
732;697;1;2;0;
733;654;1;2;0;
714;732;1;2;0;
690;659;1;2;0;
736;691;1;2;0;
698;707;1;2;0;
749;725;1;2;0;
731;722;1;2;3125;
723;651;1;2;4825;
717;696;1;2;5015;
748;692;1;2;7832;
666;680;1;2;15893;
714;742;1;2;11054;
661;725;1;2;2020;
725;707;1;2;11035;
687;745;1;2;9909;
687;702;1;2;3221;
662;736;1;2;6588;
692;709;1;2;160;
735;728;1;2;12140;
748;727;1;2;6332;
724;695;1;2;9095;
685;659;1;2;2405;
680;671;1;2;12771;
679;698;1;2;3971;
718;735;1;2;3959;
650;672;1;2;1049;
734;736;1;2;5853;
742;678;1;2;4943;
704;715;1;2;4728;
711;713;1;2;15346;
713;739;1;2;3986;
696;726;1;2;5098;
672;656;1;2;901;
674;685;1;2;10100;
734;653;1;2;7867;
742;706;1;2;17300;
702;742;1;2;8964;
748;735;1;2;9100;
705;689;1;2;5034;
740;702;1;2;13338;
653;665;1;2;12786;
710;664;1;2;7385;
677;686;1;2;2249;
665;710;1;2;5338;
654;747;1;2;15805;
680;739;1;2;14498;
728;743;1;2;4313;
663;693;1;2;3723;
731;748;1;2;12563;
712;690;1;2;13914;
660;693;1;2;14107;
746;654;1;2;10355;
661;681;1;2;5063;
682;749;1;2;16945;
690;705;1;2;3085;
654;735;1;2;14004;
0;1;25;25;
1;1;164;864;
2;1;101;1501;
3;1;88;2188;
4;1;130;2930;
5;1;44;3544;
6;1;35;4235;
7;1;61;4961;
8;1;294;5894;
9;1;24;6324;
10;1;175;7175;
11;1;184;7884;
12;1;15;8415;
13;1;135;9235;
14;1;278;10078;
15;1;123;10623;
16;1;134;11334;
17;1;134;12034;
18;1;296;12896;
19;1;47;13347;
