****19****
100
35;25;1;2;0;
18;99;1;2;0;
96;100;1;2;0;
21;34;1;2;0;
37;80;1;2;0;
75;87;1;2;0;
33;50;1;2;0;
30;43;1;2;0;
89;59;1;2;0;
17;24;1;2;0;
20;63;1;2;0;
39;71;1;2;0;
26;75;1;2;0;
4;57;1;2;0;
100;95;1;2;0;
2;86;1;2;0;
71;19;1;2;0;
36;66;1;2;0;
70;57;1;2;0;
52;7;1;2;0;
88;78;1;2;0;
45;20;1;2;0;
80;75;1;2;0;
62;68;1;2;0;
85;30;1;2;0;
91;56;1;2;0;
92;29;1;2;0;
26;70;1;2;0;
56;29;1;2;0;
78;7;1;2;0;
23;79;1;2;0;
44;46;1;2;0;
49;80;1;2;0;
11;19;1;2;0;
88;14;1;2;0;
77;75;1;2;0;
92;21;1;2;0;
47;71;1;2;0;
95;60;1;2;0;
90;32;1;2;0;
42;81;1;2;0;
87;85;1;2;0;
61;13;1;2;0;
54;16;1;2;0;
93;83;1;2;0;
22;16;1;2;0;
13;18;1;2;0;
13;62;1;2;0;
97;23;1;2;0;
80;84;1;2;0;
89;8;1;2;1384;
32;28;1;2;1139;
2;75;1;2;1068;
43;6;1;2;263;
23;92;1;2;1983;
84;56;1;2;359;
51;49;1;2;1062;
25;16;1;2;2475;
42;28;1;2;1638;
38;2;1;2;2489;
73;90;1;2;304;
82;73;1;2;1661;
38;26;1;2;57;
5;69;1;2;1868;
13;91;1;2;657;
5;26;1;2;1520;
3;77;1;2;1532;
84;53;1;2;213;
29;46;1;2;2337;
83;35;1;2;2214;
20;7;1;2;1858;
64;88;1;2;1722;
35;77;1;2;2427;
81;33;1;2;797;
31;45;1;2;608;
25;2;1;2;720;
27;56;1;2;1807;
76;91;1;2;768;
41;19;1;2;1376;
84;53;1;2;941;
81;72;1;2;2262;
68;87;1;2;1720;
79;22;1;2;459;
63;2;1;2;2048;
68;84;1;2;1748;
63;9;1;2;1544;
35;87;1;2;1795;
84;62;1;2;1063;
36;2;1;2;1827;
86;38;1;2;719;
17;18;1;2;234;
7;37;1;2;674;
36;15;1;2;1203;
41;30;1;2;1878;
31;49;1;2;2071;
18;63;1;2;2434;
5;97;1;2;1989;
100;80;1;2;2270;
86;68;1;2;993;
90;53;1;2;492;
0;1;546;280;
1;1;592;361;
2;1;579;441;
3;1;593;533;
4;1;595;781;
5;1;507;893;
6;1;573;861;
7;1;576;876;
8;1;506;1093;
9;1;581;1243;
10;1;535;1020;
11;1;562;1161;
12;1;534;1368;
13;1;585;1598;
14;1;588;1912;
15;1;541;1970;
16;1;510;1884;
17;1;511;1972;
18;1;565;2289;
19;1;554;2442;
20;1;587;2535;
21;1;539;2592;
22;1;552;2497;
23;1;507;2791;
24;1;552;2734;
25;1;572;3065;
26;1;589;2654;
27;1;503;2734;
28;1;584;3383;
29;1;593;3103;
30;1;576;3332;
31;1;556;3524;
32;1;569;3749;
33;1;577;3340;
34;1;573;3452;
35;1;596;3878;
36;1;545;3878;
37;1;521;3924;
38;1;547;3996;
39;1;557;4312;
40;1;565;4109;
41;1;587;4103;
42;1;565;4436;
43;1;579;4779;
44;1;581;4923;
45;1;570;4957;
46;1;555;4832;
47;1;545;4790;
48;1;596;4916;
49;1;508;5183;
