****1****
100
830;875;1;2;0;
457;638;1;2;0;
673;549;1;2;0;
818;885;1;2;0;
103;125;1;2;0;
321;774;1;2;0;
920;641;1;2;0;
56;19;1;2;0;
592;385;1;2;0;
464;415;1;2;0;
349;19;1;2;0;
693;246;1;2;0;
702;458;1;2;0;
892;691;1;2;0;
60;397;1;2;0;
855;889;1;2;0;
271;311;1;2;0;
879;943;1;2;0;
859;48;1;2;0;
180;313;1;2;0;
524;852;1;2;0;
86;443;1;2;0;
492;494;1;2;0;
814;435;1;2;0;
878;629;1;2;0;
849;578;1;2;0;
647;541;1;2;0;
823;700;1;2;0;
350;66;1;2;0;
390;761;1;2;0;
462;596;1;2;0;
650;732;1;2;0;
258;880;1;2;0;
27;116;1;2;0;
279;558;1;2;0;
781;803;1;2;0;
409;866;1;2;0;
597;253;1;2;0;
359;410;1;2;0;
687;589;1;2;0;
390;536;1;2;0;
166;388;1;2;0;
428;341;1;2;0;
87;130;1;2;0;
406;828;1;2;0;
890;220;1;2;0;
423;891;1;2;0;
303;680;1;2;0;
770;329;1;2;0;
148;401;1;2;0;
886;928;1;2;3184;
647;145;1;2;19887;
899;856;1;2;15179;
585;444;1;2;1826;
472;961;1;2;19155;
252;301;1;2;10352;
381;59;1;2;11201;
622;278;1;2;16386;
513;580;1;2;19797;
634;261;1;2;15701;
34;498;1;2;20677;
588;144;1;2;7382;
739;42;1;2;2803;
651;979;1;2;4052;
952;450;1;2;3950;
993;53;1;2;4277;
121;433;1;2;2434;
428;55;1;2;19071;
157;919;1;2;20830;
918;904;1;2;23963;
826;938;1;2;14527;
13;525;1;2;16596;
697;615;1;2;6376;
883;265;1;2;24343;
865;569;1;2;433;
807;561;1;2;19714;
401;33;1;2;15172;
406;812;1;2;858;
687;969;1;2;16206;
900;238;1;2;15669;
725;64;1;2;1431;
696;428;1;2;6173;
162;124;1;2;22532;
21;7;1;2;20183;
859;223;1;2;23704;
146;381;1;2;6744;
837;133;1;2;4658;
313;538;1;2;3644;
843;577;1;2;22338;
643;828;1;2;5534;
347;553;1;2;21182;
339;600;1;2;12708;
208;113;1;2;14745;
692;133;1;2;7342;
440;991;1;2;17305;
108;488;1;2;830;
336;677;1;2;16692;
301;989;1;2;12829;
726;184;1;2;12807;
822;826;1;2;12455;
0;1;156;324;
1;1;238;303;
2;1;363;337;
3;1;378;322;
4;1;449;328;
5;1;113;334;
6;1;484;302;
7;1;276;314;
8;1;159;316;
9;1;124;347;
10;1;292;316;
11;1;147;330;
12;1;446;324;
13;1;315;304;
14;1;398;341;
15;1;490;303;
16;1;16;327;
17;1;106;330;
18;1;416;335;
19;1;152;314;
