****10****
100
116;127;1;2;0;
809;518;1;2;0;
835;605;1;2;0;
745;550;1;2;0;
311;869;1;2;0;
691;620;1;2;0;
783;590;1;2;0;
438;916;1;2;0;
721;250;1;2;0;
242;246;1;2;0;
600;553;1;2;0;
987;89;1;2;0;
1;582;1;2;0;
52;260;1;2;0;
740;737;1;2;0;
895;855;1;2;0;
215;704;1;2;0;
372;402;1;2;0;
660;468;1;2;0;
951;970;1;2;0;
689;993;1;2;0;
941;823;1;2;0;
582;378;1;2;0;
738;302;1;2;0;
628;979;1;2;0;
899;579;1;2;0;
531;237;1;2;0;
668;884;1;2;0;
170;71;1;2;0;
143;909;1;2;0;
159;37;1;2;0;
116;374;1;2;0;
92;839;1;2;0;
775;752;1;2;0;
307;77;1;2;0;
73;995;1;2;0;
69;14;1;2;0;
817;2;1;2;0;
743;906;1;2;0;
655;370;1;2;0;
236;906;1;2;0;
949;119;1;2;0;
142;968;1;2;0;
2;312;1;2;0;
38;496;1;2;0;
572;548;1;2;0;
532;39;1;2;0;
921;976;1;2;0;
878;47;1;2;0;
79;536;1;2;0;
123;151;1;2;3349;
543;516;1;2;2047;
544;259;1;2;5651;
199;628;1;2;7157;
456;928;1;2;5486;
597;895;1;2;21357;
260;284;1;2;978;
832;832;1;2;3266;
870;104;1;2;3714;
99;151;1;2;18840;
986;625;1;2;10776;
219;168;1;2;13355;
620;63;1;2;24057;
926;613;1;2;8728;
468;68;1;2;2475;
127;17;1;2;16441;
140;276;1;2;7498;
295;107;1;2;4305;
686;329;1;2;13654;
52;427;1;2;12856;
848;765;1;2;9964;
795;983;1;2;15106;
609;603;1;2;1244;
681;880;1;2;17003;
380;347;1;2;22630;
711;474;1;2;12852;
937;965;1;2;10926;
798;259;1;2;8409;
490;297;1;2;6372;
637;700;1;2;6679;
287;548;1;2;18947;
561;694;1;2;21524;
706;302;1;2;18706;
913;982;1;2;18392;
85;713;1;2;2737;
325;424;1;2;4478;
932;712;1;2;19971;
463;509;1;2;2441;
805;998;1;2;5155;
474;986;1;2;11322;
922;272;1;2;12534;
134;184;1;2;19567;
681;889;1;2;270;
181;802;1;2;1453;
561;886;1;2;13588;
640;562;1;2;11900;
191;494;1;2;12831;
707;308;1;2;1126;
833;112;1;2;8339;
607;938;1;2;23123;
0;1;80;309;
1;1;365;303;
2;1;493;348;
3;1;370;325;
4;1;289;339;
5;1;57;340;
6;1;140;318;
7;1;327;304;
8;1;257;339;
9;1;443;349;
10;1;234;345;
11;1;5;341;
12;1;303;337;
13;1;5;312;
14;1;295;342;
15;1;355;325;
16;1;152;321;
17;1;327;346;
18;1;470;346;
19;1;20;308;
