****7****
100
909;259;1;2;0;
144;867;1;2;0;
304;981;1;2;0;
406;602;1;2;0;
940;900;1;2;0;
802;599;1;2;0;
766;36;1;2;0;
608;589;1;2;0;
856;983;1;2;0;
201;67;1;2;0;
856;46;1;2;0;
451;601;1;2;0;
311;67;1;2;0;
901;858;1;2;0;
461;861;1;2;0;
736;721;1;2;0;
471;879;1;2;0;
587;775;1;2;0;
859;344;1;2;0;
376;150;1;2;0;
244;529;1;2;0;
748;361;1;2;0;
564;708;1;2;0;
949;772;1;2;0;
690;502;1;2;0;
190;545;1;2;0;
547;992;1;2;0;
497;857;1;2;0;
58;398;1;2;0;
66;870;1;2;0;
610;153;1;2;0;
590;81;1;2;0;
32;528;1;2;0;
855;242;1;2;0;
871;230;1;2;0;
392;466;1;2;0;
758;491;1;2;0;
826;673;1;2;0;
198;775;1;2;0;
796;240;1;2;0;
276;985;1;2;0;
136;822;1;2;0;
976;633;1;2;0;
30;385;1;2;0;
382;96;1;2;0;
254;991;1;2;0;
248;195;1;2;0;
423;631;1;2;0;
74;629;1;2;0;
225;945;1;2;0;
210;616;1;2;1559;
319;458;1;2;4750;
344;8;1;2;970;
139;247;1;2;23433;
124;734;1;2;19582;
451;366;1;2;22840;
836;99;1;2;23433;
441;442;1;2;4355;
988;864;1;2;24242;
61;845;1;2;18276;
357;54;1;2;6033;
119;373;1;2;17065;
58;716;1;2;11898;
771;206;1;2;23213;
111;329;1;2;24100;
272;132;1;2;3651;
814;319;1;2;14168;
452;111;1;2;2955;
689;98;1;2;17414;
556;511;1;2;16906;
648;219;1;2;20579;
58;689;1;2;14749;
926;746;1;2;16840;
801;868;1;2;20604;
274;978;1;2;21569;
481;601;1;2;16833;
757;415;1;2;23982;
779;218;1;2;18878;
595;258;1;2;10015;
626;813;1;2;10540;
501;812;1;2;11783;
429;870;1;2;19798;
82;147;1;2;9840;
801;948;1;2;12374;
726;573;1;2;3081;
332;405;1;2;24294;
68;161;1;2;3347;
475;292;1;2;13675;
992;886;1;2;9631;
958;511;1;2;15458;
787;11;1;2;3925;
834;791;1;2;3820;
569;872;1;2;9455;
402;25;1;2;9974;
751;750;1;2;1341;
781;433;1;2;9906;
59;853;1;2;14317;
456;679;1;2;5991;
69;22;1;2;15132;
292;979;1;2;9152;
0;1;327;317;
1;1;403;323;
2;1;450;344;
3;1;241;321;
4;1;417;307;
5;1;272;341;
6;1;320;324;
7;1;43;307;
8;1;154;327;
9;1;247;315;
10;1;179;350;
11;1;20;307;
12;1;43;340;
13;1;378;322;
14;1;231;309;
15;1;114;307;
16;1;177;317;
17;1;82;329;
18;1;210;324;
19;1;349;328;
