****9****
100
623;413;1;2;0;
628;2;1;2;0;
615;208;1;2;0;
296;854;1;2;0;
375;844;1;2;0;
272;438;1;2;0;
118;813;1;2;0;
870;593;1;2;0;
752;552;1;2;0;
569;498;1;2;0;
332;900;1;2;0;
865;76;1;2;0;
916;19;1;2;0;
81;758;1;2;0;
539;747;1;2;0;
832;514;1;2;0;
511;459;1;2;0;
515;126;1;2;0;
666;162;1;2;0;
331;392;1;2;0;
357;602;1;2;0;
830;474;1;2;0;
767;51;1;2;0;
418;870;1;2;0;
602;987;1;2;0;
367;285;1;2;0;
238;583;1;2;0;
360;506;1;2;0;
601;793;1;2;0;
615;492;1;2;0;
539;446;1;2;0;
5;402;1;2;0;
904;519;1;2;0;
527;922;1;2;0;
680;209;1;2;0;
313;37;1;2;0;
162;142;1;2;0;
862;928;1;2;0;
192;632;1;2;0;
797;145;1;2;0;
970;515;1;2;0;
781;207;1;2;0;
98;493;1;2;0;
64;50;1;2;0;
285;679;1;2;0;
893;175;1;2;0;
124;897;1;2;0;
576;380;1;2;0;
767;454;1;2;0;
301;799;1;2;0;
662;965;1;2;5805;
176;107;1;2;14436;
455;650;1;2;1186;
604;147;1;2;9325;
118;927;1;2;20491;
567;419;1;2;23746;
617;703;1;2;13864;
509;878;1;2;23877;
758;453;1;2;2166;
524;907;1;2;8799;
674;920;1;2;13518;
860;447;1;2;1257;
260;902;1;2;22701;
642;505;1;2;16858;
994;622;1;2;23037;
904;541;1;2;1563;
525;157;1;2;4130;
177;17;1;2;17699;
304;126;1;2;15834;
810;2;1;2;12204;
968;675;1;2;1967;
442;535;1;2;11714;
375;146;1;2;14418;
957;139;1;2;4747;
685;132;1;2;21972;
691;35;1;2;8441;
764;912;1;2;3882;
892;440;1;2;1671;
248;743;1;2;7585;
57;904;1;2;21530;
124;223;1;2;13303;
111;664;1;2;15957;
896;390;1;2;18928;
582;346;1;2;23402;
124;382;1;2;15953;
287;73;1;2;21566;
343;188;1;2;11739;
906;431;1;2;2584;
486;679;1;2;20226;
544;735;1;2;14581;
250;859;1;2;21697;
983;321;1;2;7339;
602;216;1;2;22765;
366;149;1;2;17923;
269;272;1;2;9669;
655;910;1;2;18794;
75;252;1;2;3603;
759;158;1;2;15979;
881;995;1;2;868;
746;538;1;2;24106;
0;1;13;340;
1;1;139;305;
2;1;122;311;
3;1;212;324;
4;1;26;308;
5;1;89;324;
6;1;50;309;
7;1;445;328;
8;1;363;306;
9;1;125;340;
10;1;458;312;
11;1;400;317;
12;1;282;330;
13;1;461;327;
14;1;25;301;
15;1;459;340;
16;1;490;349;
17;1;96;311;
18;1;259;307;
19;1;186;334;
