****12****
100
32;51;1;2;0;
79;38;1;2;0;
48;86;1;2;0;
70;57;1;2;0;
32;4;1;2;0;
33;19;1;2;0;
85;10;1;2;0;
9;65;1;2;0;
91;97;1;2;0;
29;65;1;2;0;
23;83;1;2;0;
77;77;1;2;0;
45;38;1;2;0;
64;22;1;2;0;
71;25;1;2;0;
87;3;1;2;0;
27;66;1;2;0;
92;74;1;2;0;
3;13;1;2;0;
30;34;1;2;0;
16;62;1;2;0;
52;53;1;2;0;
23;13;1;2;0;
69;65;1;2;0;
61;97;1;2;0;
30;35;1;2;0;
32;58;1;2;0;
11;76;1;2;0;
47;74;1;2;0;
97;69;1;2;0;
50;36;1;2;0;
23;76;1;2;0;
53;14;1;2;0;
49;55;1;2;0;
27;78;1;2;0;
40;94;1;2;0;
92;92;1;2;0;
98;14;1;2;0;
56;67;1;2;0;
31;16;1;2;0;
63;60;1;2;0;
2;94;1;2;0;
69;12;1;2;0;
21;15;1;2;0;
37;18;1;2;0;
83;87;1;2;0;
53;6;1;2;0;
62;5;1;2;0;
71;11;1;2;0;
11;49;1;2;0;
40;50;1;2;1776;
31;93;1;2;2438;
45;100;1;2;1757;
27;15;1;2;801;
86;16;1;2;1370;
54;79;1;2;1595;
20;16;1;2;1807;
54;54;1;2;243;
59;15;1;2;2314;
82;77;1;2;555;
82;17;1;2;1225;
76;47;1;2;2283;
68;43;1;2;1071;
77;21;1;2;292;
49;6;1;2;888;
19;11;1;2;1330;
57;82;1;2;1652;
16;36;1;2;2027;
27;46;1;2;367;
94;27;1;2;1840;
23;9;1;2;593;
1;36;1;2;1331;
76;3;1;2;2430;
99;32;1;2;2418;
88;80;1;2;1158;
96;98;1;2;471;
31;6;1;2;579;
85;21;1;2;289;
40;99;1;2;1889;
14;44;1;2;349;
16;66;1;2;1436;
34;19;1;2;1924;
50;94;1;2;1754;
61;44;1;2;181;
93;31;1;2;509;
82;27;1;2;1609;
81;9;1;2;74;
14;94;1;2;214;
30;85;1;2;2270;
44;50;1;2;1057;
36;65;1;2;2132;
88;50;1;2;1718;
75;100;1;2;2102;
17;12;1;2;1851;
38;4;1;2;1261;
43;85;1;2;1219;
45;18;1;2;554;
4;31;1;2;923;
88;13;1;2;1852;
19;8;1;2;1206;
0;1;545;437;
1;1;516;435;
2;1;530;204;
3;1;598;483;
4;1;564;844;
5;1;573;931;
6;1;503;742;
7;1;531;1206;
8;1;504;883;
9;1;543;969;
10;1;585;1242;
11;1;504;1522;
12;1;575;1517;
13;1;579;1615;
14;1;561;1546;
15;1;575;1631;
16;1;580;1789;
17;1;545;1990;
18;1;506;1977;
19;1;517;2388;
20;1;546;2336;
21;1;549;2184;
22;1;550;2728;
23;1;584;2829;
24;1;546;2603;
25;1;553;2509;
26;1;588;2743;
27;1;597;2998;
28;1;551;3041;
29;1;590;3442;
30;1;513;3484;
31;1;520;3551;
32;1;505;3228;
33;1;553;3398;
34;1;557;3544;
35;1;532;3797;
36;1;509;3848;
37;1;501;4167;
38;1;510;4243;
39;1;511;4346;
40;1;510;4433;
41;1;537;4302;
42;1;523;4645;
43;1;563;4669;
44;1;512;4428;
45;1;536;4687;
46;1;568;4914;
47;1;519;5178;
48;1;570;5132;
49;1;535;5190;
