****17****
100
53;110;1;2;0;
960;39;1;2;0;
684;273;1;2;0;
776;167;1;2;0;
422;891;1;2;0;
889;655;1;2;0;
961;785;1;2;0;
563;1;1;2;0;
623;100;1;2;0;
220;374;1;2;0;
225;359;1;2;0;
467;278;1;2;0;
253;386;1;2;0;
629;402;1;2;0;
191;300;1;2;0;
302;595;1;2;0;
409;261;1;2;0;
633;92;1;2;0;
534;760;1;2;0;
259;307;1;2;0;
651;147;1;2;0;
961;963;1;2;0;
932;875;1;2;0;
963;906;1;2;0;
975;183;1;2;0;
279;551;1;2;0;
893;745;1;2;0;
829;145;1;2;0;
482;809;1;2;0;
898;24;1;2;0;
108;199;1;2;0;
618;868;1;2;0;
812;250;1;2;0;
959;345;1;2;0;
9;217;1;2;0;
3;11;1;2;0;
716;315;1;2;0;
974;999;1;2;0;
542;288;1;2;0;
904;516;1;2;0;
470;534;1;2;0;
418;715;1;2;0;
630;246;1;2;0;
859;111;1;2;0;
406;109;1;2;0;
134;865;1;2;0;
659;751;1;2;0;
732;470;1;2;0;
352;691;1;2;0;
166;712;1;2;0;
259;168;1;2;7991;
326;835;1;2;12585;
324;376;1;2;20903;
579;243;1;2;3338;
464;660;1;2;400;
93;906;1;2;17769;
203;663;1;2;23159;
336;528;1;2;23102;
438;259;1;2;3577;
789;949;1;2;2276;
853;208;1;2;15761;
927;885;1;2;23876;
326;209;1;2;2161;
12;139;1;2;22771;
520;955;1;2;2369;
94;47;1;2;8050;
527;250;1;2;6008;
67;937;1;2;11553;
618;727;1;2;3682;
639;515;1;2;3152;
473;719;1;2;12463;
178;645;1;2;14179;
718;322;1;2;6669;
984;334;1;2;9978;
141;205;1;2;3570;
309;651;1;2;21302;
734;177;1;2;17236;
821;595;1;2;16047;
436;213;1;2;1272;
309;851;1;2;7397;
482;675;1;2;21562;
215;204;1;2;4006;
832;273;1;2;15066;
361;257;1;2;2892;
28;749;1;2;20824;
650;409;1;2;19259;
318;142;1;2;18215;
587;962;1;2;13602;
792;397;1;2;8018;
76;57;1;2;5040;
874;539;1;2;6944;
742;105;1;2;11235;
607;288;1;2;12291;
794;648;1;2;16771;
313;675;1;2;20197;
741;324;1;2;6681;
467;641;1;2;4778;
73;579;1;2;2240;
922;723;1;2;8371;
334;798;1;2;1854;
0;1;449;323;
1;1;383;339;
2;1;116;337;
3;1;285;323;
4;1;126;302;
5;1;16;325;
6;1;478;330;
7;1;299;303;
8;1;421;325;
9;1;35;339;
10;1;467;311;
11;1;312;346;
12;1;448;335;
13;1;268;333;
14;1;270;317;
15;1;375;320;
16;1;439;309;
17;1;11;304;
18;1;447;345;
19;1;128;322;
