****4****
100
375;864;1;2;0;
299;677;1;2;0;
600;95;1;2;0;
299;542;1;2;0;
802;326;1;2;0;
261;998;1;2;0;
797;341;1;2;0;
571;8;1;2;0;
796;182;1;2;0;
763;70;1;2;0;
822;871;1;2;0;
156;892;1;2;0;
43;675;1;2;0;
271;158;1;2;0;
289;681;1;2;0;
685;663;1;2;0;
544;335;1;2;0;
691;144;1;2;0;
430;990;1;2;0;
37;583;1;2;0;
667;297;1;2;0;
581;463;1;2;0;
989;503;1;2;0;
470;137;1;2;0;
684;584;1;2;0;
206;505;1;2;0;
807;713;1;2;0;
396;849;1;2;0;
739;19;1;2;0;
358;27;1;2;0;
699;42;1;2;0;
42;243;1;2;0;
377;732;1;2;0;
738;806;1;2;0;
73;126;1;2;0;
740;740;1;2;0;
422;672;1;2;0;
554;762;1;2;0;
174;376;1;2;0;
898;209;1;2;0;
959;455;1;2;0;
66;117;1;2;0;
167;461;1;2;0;
965;258;1;2;0;
831;674;1;2;0;
284;882;1;2;0;
716;325;1;2;0;
476;92;1;2;0;
409;565;1;2;0;
249;481;1;2;0;
690;988;1;2;18986;
111;12;1;2;13126;
224;185;1;2;4914;
122;394;1;2;13064;
928;459;1;2;22694;
447;271;1;2;18236;
704;454;1;2;5846;
987;335;1;2;12129;
664;162;1;2;2901;
72;726;1;2;15635;
904;415;1;2;1473;
476;877;1;2;17289;
601;100;1;2;14483;
453;221;1;2;2994;
615;501;1;2;14254;
542;947;1;2;16537;
138;2;1;2;14096;
407;340;1;2;8090;
391;3;1;2;17091;
818;426;1;2;18333;
493;330;1;2;12020;
859;157;1;2;23235;
237;757;1;2;6869;
799;561;1;2;5147;
106;175;1;2;3621;
871;69;1;2;673;
610;558;1;2;24305;
451;964;1;2;8350;
329;354;1;2;20537;
17;523;1;2;19958;
781;15;1;2;8908;
312;225;1;2;4126;
366;461;1;2;20986;
872;259;1;2;16648;
599;716;1;2;4176;
177;938;1;2;6265;
54;548;1;2;22894;
931;998;1;2;5411;
148;326;1;2;20443;
720;694;1;2;20889;
69;827;1;2;24632;
747;138;1;2;8145;
933;855;1;2;18213;
227;727;1;2;14823;
81;325;1;2;9959;
461;853;1;2;13381;
262;906;1;2;18872;
619;189;1;2;17776;
940;336;1;2;18183;
317;407;1;2;12185;
0;1;365;325;
1;1;308;330;
2;1;73;347;
3;1;268;307;
4;1;151;319;
5;1;83;327;
6;1;280;313;
7;1;53;306;
8;1;124;308;
9;1;122;335;
10;1;163;333;
11;1;3;303;
12;1;345;344;
13;1;39;333;
14;1;463;347;
15;1;114;327;
16;1;124;323;
17;1;456;346;
18;1;421;326;
19;1;53;321;
