****3****
100
6;54;1;2;0;
17;61;1;2;0;
3;52;1;2;0;
64;77;1;2;0;
89;86;1;2;0;
77;11;1;2;0;
61;67;1;2;0;
95;78;1;2;0;
17;79;1;2;0;
31;87;1;2;0;
71;22;1;2;0;
37;32;1;2;0;
2;33;1;2;0;
48;76;1;2;0;
30;53;1;2;0;
5;87;1;2;0;
6;21;1;2;0;
47;60;1;2;0;
25;11;1;2;0;
36;13;1;2;0;
48;64;1;2;0;
76;8;1;2;0;
82;70;1;2;0;
37;99;1;2;0;
49;68;1;2;0;
85;71;1;2;0;
89;73;1;2;0;
3;43;1;2;0;
5;2;1;2;0;
70;86;1;2;0;
54;74;1;2;0;
72;11;1;2;0;
47;19;1;2;0;
70;23;1;2;0;
81;58;1;2;0;
87;28;1;2;0;
21;62;1;2;0;
35;3;1;2;0;
84;23;1;2;0;
1;84;1;2;0;
42;37;1;2;0;
54;83;1;2;0;
9;8;1;2;0;
25;65;1;2;0;
9;94;1;2;0;
50;14;1;2;0;
19;73;1;2;0;
24;17;1;2;0;
43;46;1;2;0;
39;23;1;2;0;
3;26;1;2;1346;
23;39;1;2;1798;
25;22;1;2;715;
77;57;1;2;1030;
13;11;1;2;639;
73;18;1;2;448;
89;79;1;2;2380;
90;44;1;2;926;
63;68;1;2;2003;
5;13;1;2;2319;
80;15;1;2;701;
29;89;1;2;1505;
17;14;1;2;1908;
27;42;1;2;1794;
78;55;1;2;2141;
12;79;1;2;1405;
21;68;1;2;1665;
24;57;1;2;380;
97;71;1;2;2085;
38;28;1;2;1711;
18;7;1;2;1838;
75;87;1;2;1413;
23;3;1;2;2305;
44;81;1;2;732;
21;59;1;2;1328;
9;22;1;2;714;
66;42;1;2;1041;
53;65;1;2;2066;
83;13;1;2;687;
33;51;1;2;964;
94;20;1;2;2133;
22;47;1;2;544;
38;21;1;2;496;
19;64;1;2;203;
93;84;1;2;701;
22;44;1;2;128;
81;9;1;2;1438;
7;13;1;2;2006;
93;48;1;2;259;
50;80;1;2;704;
34;73;1;2;658;
76;46;1;2;821;
5;83;1;2;201;
88;53;1;2;708;
51;98;1;2;1636;
77;19;1;2;123;
23;99;1;2;79;
11;57;1;2;666;
16;49;1;2;2270;
85;99;1;2;1974;
0;1;504;263;
1;1;575;293;
2;1;560;599;
3;1;583;492;
4;1;555;883;
5;1;551;632;
6;1;511;867;
7;1;556;713;
8;1;581;952;
9;1;520;1043;
10;1;576;1006;
11;1;514;1337;
12;1;507;1557;
13;1;533;1344;
14;1;565;1457;
15;1;579;1560;
16;1;566;1972;
17;1;566;2130;
18;1;576;2335;
19;1;588;2429;
20;1;586;2443;
21;1;541;2187;
22;1;595;2212;
23;1;517;2629;
24;1;574;2556;
25;1;578;2666;
26;1;519;2641;
27;1;533;2944;
28;1;524;2876;
29;1;554;3144;
30;1;547;3530;
31;1;560;3203;
32;1;588;3696;
33;1;589;3842;
34;1;572;3615;
35;1;597;3862;
36;1;570;4036;
37;1;509;4078;
38;1;536;4221;
39;1;590;4008;
40;1;514;4081;
41;1;510;4493;
42;1;563;4478;
43;1;509;4457;
44;1;558;4893;
45;1;578;4855;
46;1;597;4787;
47;1;519;4978;
48;1;566;5060;
49;1;598;5161;
