****15****
100
77;822;1;2;0;
109;423;1;2;0;
493;426;1;2;0;
945;833;1;2;0;
401;829;1;2;0;
39;663;1;2;0;
859;268;1;2;0;
185;515;1;2;0;
843;930;1;2;0;
820;532;1;2;0;
155;216;1;2;0;
41;853;1;2;0;
372;446;1;2;0;
862;84;1;2;0;
986;786;1;2;0;
288;414;1;2;0;
959;748;1;2;0;
837;452;1;2;0;
174;781;1;2;0;
636;926;1;2;0;
961;674;1;2;0;
588;171;1;2;0;
294;124;1;2;0;
685;488;1;2;0;
53;857;1;2;0;
19;560;1;2;0;
72;412;1;2;0;
412;795;1;2;0;
857;274;1;2;0;
878;194;1;2;0;
411;517;1;2;0;
607;370;1;2;0;
264;443;1;2;0;
173;789;1;2;0;
575;808;1;2;0;
714;888;1;2;0;
833;302;1;2;0;
58;126;1;2;0;
425;95;1;2;0;
613;830;1;2;0;
951;984;1;2;0;
741;374;1;2;0;
395;152;1;2;0;
520;603;1;2;0;
777;397;1;2;0;
796;188;1;2;0;
913;402;1;2;0;
909;528;1;2;0;
197;81;1;2;0;
317;123;1;2;0;
888;30;1;2;9175;
720;683;1;2;17394;
198;460;1;2;18915;
162;289;1;2;3548;
145;29;1;2;10660;
891;532;1;2;1048;
493;309;1;2;3182;
640;848;1;2;15993;
42;756;1;2;15596;
590;836;1;2;1574;
712;723;1;2;13488;
74;794;1;2;1509;
493;991;1;2;12776;
358;153;1;2;23889;
525;649;1;2;15977;
417;540;1;2;19183;
828;384;1;2;1811;
635;24;1;2;4201;
706;417;1;2;19977;
656;6;1;2;8237;
923;717;1;2;2302;
571;790;1;2;14040;
901;634;1;2;2935;
691;343;1;2;14900;
120;219;1;2;12997;
578;987;1;2;832;
271;814;1;2;24977;
272;800;1;2;16022;
120;857;1;2;16291;
75;513;1;2;4895;
217;787;1;2;8468;
81;357;1;2;11186;
90;257;1;2;7688;
90;947;1;2;14643;
594;67;1;2;12844;
747;996;1;2;17449;
790;266;1;2;7;
217;889;1;2;20448;
19;8;1;2;15264;
237;434;1;2;4549;
460;650;1;2;12630;
104;730;1;2;7489;
889;171;1;2;13389;
307;261;1;2;22600;
68;206;1;2;9011;
400;952;1;2;13600;
718;742;1;2;10044;
201;958;1;2;22907;
484;977;1;2;8636;
976;565;1;2;14457;
0;1;479;327;
1;1;264;321;
2;1;480;345;
3;1;470;318;
4;1;16;326;
5;1;26;328;
6;1;129;346;
7;1;333;349;
8;1;345;337;
9;1;417;314;
10;1;378;301;
11;1;466;337;
12;1;322;350;
13;1;15;303;
14;1;277;330;
15;1;118;307;
16;1;456;333;
17;1;227;337;
18;1;78;349;
19;1;6;345;
