****18****
100
48;643;1;2;0;
196;26;1;2;0;
175;347;1;2;0;
828;95;1;2;0;
173;862;1;2;0;
185;639;1;2;0;
622;348;1;2;0;
36;421;1;2;0;
432;155;1;2;0;
304;554;1;2;0;
71;30;1;2;0;
623;9;1;2;0;
139;633;1;2;0;
415;85;1;2;0;
780;542;1;2;0;
509;827;1;2;0;
537;56;1;2;0;
204;711;1;2;0;
402;31;1;2;0;
157;574;1;2;0;
245;693;1;2;0;
565;218;1;2;0;
41;600;1;2;0;
639;824;1;2;0;
755;294;1;2;0;
377;825;1;2;0;
675;1000;1;2;0;
186;165;1;2;0;
984;600;1;2;0;
602;763;1;2;0;
493;110;1;2;0;
942;29;1;2;0;
165;145;1;2;0;
739;919;1;2;0;
176;247;1;2;0;
492;772;1;2;0;
940;408;1;2;0;
989;980;1;2;0;
8;979;1;2;0;
803;114;1;2;0;
624;532;1;2;0;
290;651;1;2;0;
531;475;1;2;0;
815;866;1;2;0;
426;416;1;2;0;
629;919;1;2;0;
525;570;1;2;0;
299;42;1;2;0;
714;38;1;2;0;
960;241;1;2;0;
636;803;1;2;7335;
575;211;1;2;818;
906;570;1;2;22593;
61;683;1;2;10461;
592;324;1;2;6401;
474;799;1;2;21906;
339;576;1;2;17520;
319;494;1;2;9226;
240;793;1;2;2479;
306;182;1;2;17431;
898;169;1;2;22220;
262;744;1;2;692;
966;1;1;2;8254;
1000;413;1;2;222;
658;4;1;2;5954;
966;829;1;2;5555;
441;520;1;2;11113;
683;838;1;2;19104;
449;430;1;2;13985;
609;87;1;2;21051;
727;984;1;2;17059;
1000;597;1;2;9269;
483;562;1;2;10611;
887;562;1;2;19724;
973;219;1;2;6895;
383;537;1;2;10017;
942;329;1;2;5516;
77;11;1;2;24321;
410;811;1;2;17364;
182;771;1;2;14956;
840;850;1;2;19268;
666;849;1;2;10385;
587;684;1;2;16376;
508;570;1;2;14327;
842;895;1;2;10203;
532;277;1;2;17150;
402;570;1;2;7072;
439;999;1;2;22490;
17;408;1;2;22629;
25;941;1;2;16711;
470;780;1;2;17673;
899;445;1;2;2229;
925;383;1;2;18824;
864;891;1;2;5205;
364;84;1;2;9349;
434;615;1;2;14457;
393;368;1;2;23837;
679;806;1;2;3095;
328;175;1;2;16842;
139;551;1;2;8556;
0;1;220;320;
1;1;157;303;
2;1;419;303;
3;1;134;345;
4;1;336;350;
5;1;410;326;
6;1;387;323;
7;1;309;317;
8;1;58;326;
9;1;126;350;
10;1;143;305;
11;1;129;301;
12;1;482;308;
13;1;327;316;
14;1;298;327;
15;1;443;317;
16;1;396;349;
17;1;371;316;
18;1;403;304;
19;1;212;338;
