****13****
100
91;18;1;2;0;
27;51;1;2;0;
97;79;1;2;0;
9;6;1;2;0;
63;19;1;2;0;
13;24;1;2;0;
34;2;1;2;0;
72;9;1;2;0;
86;87;1;2;0;
81;49;1;2;0;
91;16;1;2;0;
76;10;1;2;0;
22;95;1;2;0;
34;43;1;2;0;
17;20;1;2;0;
68;60;1;2;0;
37;46;1;2;0;
10;85;1;2;0;
25;18;1;2;0;
43;39;1;2;0;
89;55;1;2;0;
62;74;1;2;0;
56;85;1;2;0;
82;94;1;2;0;
23;15;1;2;0;
94;13;1;2;0;
82;70;1;2;0;
75;4;1;2;0;
16;8;1;2;0;
98;32;1;2;0;
28;66;1;2;0;
43;16;1;2;0;
11;53;1;2;0;
1;87;1;2;0;
22;43;1;2;0;
25;62;1;2;0;
49;86;1;2;0;
88;57;1;2;0;
71;69;1;2;0;
2;93;1;2;0;
35;95;1;2;0;
58;17;1;2;0;
16;32;1;2;0;
72;31;1;2;0;
91;69;1;2;0;
15;70;1;2;0;
34;57;1;2;0;
38;97;1;2;0;
61;38;1;2;0;
83;35;1;2;0;
32;8;1;2;2424;
80;45;1;2;421;
36;67;1;2;1631;
37;12;1;2;1257;
84;69;1;2;58;
99;52;1;2;765;
82;94;1;2;226;
96;16;1;2;1427;
4;53;1;2;1680;
17;90;1;2;115;
51;73;1;2;1337;
98;52;1;2;883;
33;40;1;2;1136;
88;76;1;2;2258;
77;11;1;2;2119;
83;10;1;2;338;
59;43;1;2;2440;
56;90;1;2;1375;
87;93;1;2;260;
65;9;1;2;1361;
26;59;1;2;2073;
46;9;1;2;1820;
63;41;1;2;669;
94;28;1;2;403;
88;56;1;2;1125;
50;38;1;2;392;
15;49;1;2;1442;
25;4;1;2;636;
99;42;1;2;1928;
76;7;1;2;2336;
95;84;1;2;1694;
85;82;1;2;2430;
27;44;1;2;2464;
60;37;1;2;930;
69;76;1;2;1587;
40;77;1;2;1993;
72;91;1;2;412;
46;15;1;2;2076;
9;65;1;2;906;
64;41;1;2;1089;
80;87;1;2;237;
7;71;1;2;2189;
41;98;1;2;326;
68;9;1;2;788;
73;77;1;2;831;
34;68;1;2;77;
33;39;1;2;1361;
79;84;1;2;2127;
81;92;1;2;1251;
77;56;1;2;1493;
0;1;578;292;
1;1;552;326;
2;1;593;538;
3;1;581;434;
4;1;571;771;
5;1;505;674;
6;1;539;1016;
7;1;508;906;
8;1;563;1041;
9;1;563;982;
10;1;514;1468;
11;1;573;1290;
12;1;514;1367;
13;1;541;1786;
14;1;582;1555;
15;1;552;1750;
16;1;535;1814;
17;1;574;1836;
18;1;528;2133;
19;1;564;2330;
20;1;548;2471;
21;1;530;2165;
22;1;549;2370;
23;1;501;2416;
24;1;564;2474;
25;1;505;2937;
26;1;572;3036;
27;1;527;3050;
28;1;586;3104;
29;1;523;3033;
30;1;515;3328;
31;1;578;3522;
32;1;580;3390;
33;1;527;3512;
34;1;556;3418;
35;1;557;3740;
36;1;514;3699;
37;1;541;3884;
38;1;575;4242;
39;1;524;4041;
40;1;507;4216;
41;1;567;4642;
42;1;561;4568;
43;1;514;4631;
44;1;564;4955;
45;1;565;4617;
46;1;561;5086;
47;1;578;4855;
48;1;544;5331;
49;1;547;5299;
