****8****
100
980;472;1;2;0;
919;651;1;2;0;
846;813;1;2;0;
407;351;1;2;0;
139;6;1;2;0;
915;670;1;2;0;
255;286;1;2;0;
526;797;1;2;0;
78;756;1;2;0;
870;160;1;2;0;
316;984;1;2;0;
569;992;1;2;0;
500;150;1;2;0;
970;561;1;2;0;
675;170;1;2;0;
390;654;1;2;0;
994;308;1;2;0;
656;191;1;2;0;
472;414;1;2;0;
541;963;1;2;0;
419;808;1;2;0;
632;25;1;2;0;
445;157;1;2;0;
174;522;1;2;0;
264;43;1;2;0;
34;579;1;2;0;
378;602;1;2;0;
571;229;1;2;0;
751;892;1;2;0;
141;425;1;2;0;
414;531;1;2;0;
430;407;1;2;0;
190;437;1;2;0;
597;662;1;2;0;
202;489;1;2;0;
624;973;1;2;0;
296;255;1;2;0;
997;93;1;2;0;
763;170;1;2;0;
966;27;1;2;0;
565;999;1;2;0;
605;294;1;2;0;
600;527;1;2;0;
523;702;1;2;0;
771;663;1;2;0;
478;536;1;2;0;
545;259;1;2;0;
294;735;1;2;0;
47;890;1;2;0;
396;249;1;2;0;
730;371;1;2;8014;
378;977;1;2;8471;
470;739;1;2;24782;
435;117;1;2;12514;
786;74;1;2;20869;
737;952;1;2;6625;
439;722;1;2;5019;
268;609;1;2;16868;
879;902;1;2;2958;
925;143;1;2;4655;
525;873;1;2;8187;
97;250;1;2;14743;
666;71;1;2;21849;
756;857;1;2;3307;
114;642;1;2;21527;
413;379;1;2;16844;
587;169;1;2;22984;
775;788;1;2;23343;
507;666;1;2;20098;
974;943;1;2;16835;
187;819;1;2;8606;
123;916;1;2;19001;
34;933;1;2;10556;
684;40;1;2;24554;
803;153;1;2;20630;
994;565;1;2;13050;
785;503;1;2;20998;
2;277;1;2;18933;
827;784;1;2;22142;
553;109;1;2;10989;
422;295;1;2;24031;
515;769;1;2;17033;
209;803;1;2;23467;
973;838;1;2;22609;
298;992;1;2;22477;
264;986;1;2;23436;
608;122;1;2;4861;
824;475;1;2;1270;
827;301;1;2;33;
200;854;1;2;10853;
515;627;1;2;8888;
649;494;1;2;4575;
49;702;1;2;17152;
734;27;1;2;18466;
457;324;1;2;11826;
685;587;1;2;23254;
829;546;1;2;17344;
475;721;1;2;21578;
398;899;1;2;11543;
456;99;1;2;2843;
0;1;122;313;
1;1;334;335;
2;1;261;327;
3;1;368;312;
4;1;28;303;
5;1;395;306;
6;1;27;303;
7;1;229;345;
8;1;239;317;
9;1;48;317;
10;1;212;323;
11;1;42;332;
12;1;124;339;
13;1;331;325;
14;1;395;331;
15;1;332;318;
16;1;393;315;
17;1;302;306;
18;1;343;319;
19;1;167;322;
