****11****
100
95;6;1;2;0;
43;43;1;2;0;
67;14;1;2;0;
79;1;1;2;0;
86;8;1;2;0;
73;19;1;2;0;
11;93;1;2;0;
8;11;1;2;0;
43;17;1;2;0;
28;45;1;2;0;
36;57;1;2;0;
62;26;1;2;0;
4;49;1;2;0;
62;6;1;2;0;
87;23;1;2;0;
41;33;1;2;0;
29;83;1;2;0;
75;95;1;2;0;
97;54;1;2;0;
95;82;1;2;0;
13;19;1;2;0;
52;75;1;2;0;
11;59;1;2;0;
37;6;1;2;0;
27;16;1;2;0;
50;63;1;2;0;
25;11;1;2;0;
40;28;1;2;0;
60;2;1;2;0;
33;98;1;2;0;
24;25;1;2;0;
82;4;1;2;0;
7;57;1;2;0;
50;55;1;2;0;
62;97;1;2;0;
88;26;1;2;0;
15;39;1;2;0;
52;26;1;2;0;
49;88;1;2;0;
31;76;1;2;0;
4;80;1;2;0;
90;80;1;2;0;
43;29;1;2;0;
7;2;1;2;0;
82;91;1;2;0;
51;6;1;2;0;
67;32;1;2;0;
61;73;1;2;0;
40;11;1;2;0;
80;53;1;2;0;
7;67;1;2;241;
21;58;1;2;2064;
98;6;1;2;873;
80;33;1;2;334;
12;74;1;2;1590;
54;55;1;2;2350;
7;36;1;2;603;
9;93;1;2;1286;
40;54;1;2;156;
32;16;1;2;1706;
36;22;1;2;1788;
66;94;1;2;1087;
46;92;1;2;1868;
66;71;1;2;2321;
41;34;1;2;1123;
43;87;1;2;2346;
55;93;1;2;87;
57;1;1;2;773;
25;93;1;2;603;
18;76;1;2;1278;
41;63;1;2;2105;
31;28;1;2;1346;
30;26;1;2;2193;
87;43;1;2;2270;
76;84;1;2;723;
90;26;1;2;913;
59;81;1;2;2302;
63;89;1;2;1844;
63;14;1;2;823;
17;83;1;2;103;
85;75;1;2;2207;
75;6;1;2;2375;
58;87;1;2;172;
84;25;1;2;1473;
32;100;1;2;1611;
14;42;1;2;2178;
83;100;1;2;521;
96;14;1;2;2251;
61;76;1;2;1146;
71;92;1;2;2365;
55;77;1;2;115;
54;3;1;2;1187;
81;12;1;2;1668;
84;47;1;2;924;
82;78;1;2;1280;
11;44;1;2;1357;
18;26;1;2;1003;
56;73;1;2;309;
83;85;1;2;44;
75;55;1;2;819;
0;1;501;425;
1;1;573;176;
2;1;567;613;
3;1;507;765;
4;1;586;980;
5;1;535;606;
6;1;572;631;
7;1;561;1196;
8;1;527;860;
9;1;553;984;
10;1;581;1249;
11;1;551;1246;
12;1;590;1643;
13;1;590;1461;
14;1;560;1495;
15;1;538;1778;
16;1;557;2063;
17;1;562;2047;
18;1;584;1979;
19;1;574;2236;
20;1;523;2236;
21;1;552;2277;
22;1;576;2404;
23;1;537;2562;
24;1;568;2856;
25;1;597;2755;
26;1;505;2621;
27;1;553;2818;
28;1;532;3193;
29;1;587;2986;
30;1;590;3386;
31;1;504;3461;
32;1;586;3380;
33;1;573;3539;
34;1;588;3638;
35;1;542;3747;
36;1;506;3723;
37;1;507;3853;
38;1;510;4214;
39;1;534;3922;
40;1;535;4171;
41;1;577;4665;
42;1;529;4213;
43;1;588;4387;
44;1;523;4814;
45;1;555;5036;
46;1;503;5082;
47;1;510;4747;
48;1;578;4881;
49;1;509;5371;
