****14****
100
50;3;1;2;0;
54;64;1;2;0;
41;46;1;2;0;
77;67;1;2;0;
38;53;1;2;0;
4;96;1;2;0;
32;23;1;2;0;
74;44;1;2;0;
19;39;1;2;0;
90;82;1;2;0;
75;54;1;2;0;
11;35;1;2;0;
95;88;1;2;0;
27;90;1;2;0;
96;25;1;2;0;
40;45;1;2;0;
79;45;1;2;0;
60;19;1;2;0;
90;37;1;2;0;
85;79;1;2;0;
41;41;1;2;0;
75;24;1;2;0;
15;100;1;2;0;
68;33;1;2;0;
38;57;1;2;0;
67;12;1;2;0;
62;77;1;2;0;
99;8;1;2;0;
17;25;1;2;0;
97;12;1;2;0;
49;36;1;2;0;
8;27;1;2;0;
81;68;1;2;0;
98;22;1;2;0;
56;82;1;2;0;
1;96;1;2;0;
74;75;1;2;0;
19;88;1;2;0;
26;38;1;2;0;
73;63;1;2;0;
94;39;1;2;0;
75;7;1;2;0;
67;73;1;2;0;
14;83;1;2;0;
49;10;1;2;0;
46;97;1;2;0;
98;54;1;2;0;
75;30;1;2;0;
21;72;1;2;0;
51;28;1;2;0;
6;3;1;2;203;
79;29;1;2;1323;
19;54;1;2;79;
91;17;1;2;156;
81;43;1;2;1232;
47;67;1;2;2095;
82;15;1;2;1335;
27;63;1;2;1409;
80;89;1;2;2265;
52;61;1;2;1457;
31;66;1;2;1021;
5;44;1;2;1468;
50;14;1;2;2136;
32;4;1;2;1698;
59;36;1;2;1463;
45;35;1;2;535;
45;16;1;2;1154;
54;42;1;2;1484;
64;74;1;2;839;
3;77;1;2;629;
92;8;1;2;829;
36;12;1;2;12;
61;13;1;2;929;
39;44;1;2;1121;
85;55;1;2;272;
73;99;1;2;879;
79;43;1;2;1538;
99;48;1;2;2490;
85;11;1;2;176;
7;65;1;2;1048;
42;57;1;2;2435;
93;44;1;2;2039;
88;56;1;2;1182;
97;94;1;2;2448;
61;78;1;2;988;
12;2;1;2;537;
98;80;1;2;695;
98;30;1;2;292;
92;14;1;2;743;
11;73;1;2;1810;
59;66;1;2;2453;
13;10;1;2;1192;
83;98;1;2;1995;
14;46;1;2;2002;
92;58;1;2;408;
72;69;1;2;1179;
2;18;1;2;2351;
75;16;1;2;78;
48;7;1;2;842;
83;70;1;2;488;
0;1;582;417;
1;1;551;266;
2;1;592;404;
3;1;541;573;
4;1;510;818;
5;1;588;1054;
6;1;551;1110;
7;1;512;1040;
8;1;502;1019;
9;1;520;1162;
10;1;550;1483;
11;1;530;1584;
12;1;582;1402;
13;1;523;1693;
14;1;511;1544;
15;1;577;1977;
16;1;571;2099;
17;1;581;2040;
18;1;592;2108;
19;1;537;2039;
20;1;520;2155;
21;1;507;2101;
22;1;506;2377;
23;1;506;2580;
24;1;501;2527;
25;1;561;2684;
26;1;563;2872;
27;1;566;2745;
28;1;570;2908;
29;1;587;3217;
30;1;584;3279;
31;1;572;3466;
32;1;547;3384;
33;1;569;3377;
34;1;525;3779;
35;1;590;3803;
36;1;532;3875;
37;1;565;4068;
38;1;565;3972;
39;1;547;4381;
40;1;551;4440;
41;1;515;4427;
42;1;501;4630;
43;1;557;4406;
44;1;572;4774;
45;1;502;4645;
46;1;510;4744;
47;1;510;5025;
48;1;528;5065;
49;1;593;5396;
