****10****
100
53;35;1;2;0;
30;17;1;2;0;
84;67;1;2;0;
9;59;1;2;0;
38;42;1;2;0;
66;100;1;2;0;
61;31;1;2;0;
83;5;1;2;0;
9;15;1;2;0;
39;56;1;2;0;
82;87;1;2;0;
57;79;1;2;0;
54;26;1;2;0;
36;9;1;2;0;
74;34;1;2;0;
26;78;1;2;0;
68;55;1;2;0;
95;51;1;2;0;
73;55;1;2;0;
61;10;1;2;0;
96;27;1;2;0;
61;9;1;2;0;
9;96;1;2;0;
13;17;1;2;0;
10;3;1;2;0;
73;44;1;2;0;
41;81;1;2;0;
22;95;1;2;0;
6;9;1;2;0;
55;32;1;2;0;
94;80;1;2;0;
61;62;1;2;0;
86;7;1;2;0;
64;58;1;2;0;
62;25;1;2;0;
19;9;1;2;0;
3;80;1;2;0;
17;11;1;2;0;
75;81;1;2;0;
80;36;1;2;0;
84;4;1;2;0;
79;24;1;2;0;
84;53;1;2;0;
70;41;1;2;0;
61;24;1;2;0;
24;7;1;2;0;
55;85;1;2;0;
68;40;1;2;0;
91;83;1;2;0;
49;4;1;2;0;
7;68;1;2;296;
61;47;1;2;1707;
72;73;1;2;2103;
3;8;1;2;2280;
6;87;1;2;879;
89;91;1;2;724;
81;3;1;2;575;
5;9;1;2;1200;
41;28;1;2;1761;
83;11;1;2;1089;
39;69;1;2;822;
3;30;1;2;1388;
35;1;1;2;1393;
96;55;1;2;1811;
44;60;1;2;1320;
64;100;1;2;2500;
5;80;1;2;1368;
21;36;1;2;2192;
40;76;1;2;1913;
3;59;1;2;1034;
62;49;1;2;999;
40;51;1;2;625;
16;85;1;2;580;
64;33;1;2;1695;
19;76;1;2;891;
13;91;1;2;944;
48;47;1;2;1685;
86;68;1;2;2268;
33;59;1;2;646;
59;61;1;2;2222;
43;22;1;2;1203;
47;13;1;2;388;
29;80;1;2;1482;
14;95;1;2;1591;
54;66;1;2;494;
52;30;1;2;1574;
2;77;1;2;553;
83;63;1;2;508;
99;47;1;2;140;
43;5;1;2;1212;
45;99;1;2;2312;
47;45;1;2;1763;
99;25;1;2;951;
88;91;1;2;1277;
56;44;1;2;2046;
52;47;1;2;2080;
39;100;1;2;1378;
72;82;1;2;1313;
24;81;1;2;1576;
82;75;1;2;1579;
0;1;553;73;
1;1;520;345;
2;1;518;540;
3;1;503;350;
4;1;541;664;
5;1;556;578;
6;1;526;688;
7;1;574;805;
8;1;567;1028;
9;1;551;1009;
10;1;572;1132;
11;1;528;1169;
12;1;576;1322;
13;1;538;1489;
14;1;584;1803;
15;1;515;1591;
16;1;583;1632;
17;1;534;1896;
18;1;551;1938;
19;1;573;2409;
20;1;530;2337;
21;1;574;2545;
22;1;542;2570;
23;1;529;2780;
24;1;571;2868;
25;1;564;2962;
26;1;540;2850;
27;1;552;2798;
28;1;593;2999;
29;1;560;2928;
30;1;600;3374;
31;1;565;3374;
32;1;561;3368;
33;1;587;3747;
34;1;537;3640;
35;1;505;3680;
36;1;538;3831;
37;1;521;4045;
38;1;529;4234;
39;1;539;4275;
40;1;533;4336;
41;1;597;4129;
42;1;545;4577;
43;1;590;4556;
44;1;536;4717;
45;1;517;4929;
46;1;528;4728;
47;1;522;4765;
48;1;582;5237;
49;1;502;5101;
