****19****
100
75;59;1;2;0;
37;55;1;2;0;
98;40;1;2;0;
57;72;1;2;0;
84;16;1;2;0;
42;5;1;2;0;
46;49;1;2;0;
13;26;1;2;0;
2;56;1;2;0;
82;35;1;2;0;
75;73;1;2;0;
88;77;1;2;0;
89;9;1;2;0;
68;72;1;2;0;
18;80;1;2;0;
91;44;1;2;0;
38;28;1;2;0;
99;87;1;2;0;
67;7;1;2;0;
10;2;1;2;0;
22;51;1;2;0;
6;67;1;2;0;
51;70;1;2;0;
92;5;1;2;0;
25;74;1;2;0;
39;51;1;2;0;
98;78;1;2;0;
27;86;1;2;0;
86;47;1;2;0;
9;55;1;2;0;
26;100;1;2;0;
98;16;1;2;0;
27;96;1;2;0;
2;45;1;2;0;
2;64;1;2;0;
46;75;1;2;0;
14;3;1;2;0;
93;17;1;2;0;
72;37;1;2;0;
21;48;1;2;0;
62;11;1;2;0;
98;59;1;2;0;
88;76;1;2;0;
96;73;1;2;0;
22;5;1;2;0;
79;48;1;2;0;
4;76;1;2;0;
15;82;1;2;0;
24;16;1;2;0;
26;25;1;2;0;
31;71;1;2;2489;
45;25;1;2;1533;
13;96;1;2;745;
33;95;1;2;371;
43;92;1;2;1815;
82;67;1;2;576;
54;41;1;2;298;
32;88;1;2;52;
59;2;1;2;704;
82;69;1;2;2252;
59;100;1;2;165;
10;96;1;2;601;
5;60;1;2;971;
37;92;1;2;1910;
29;86;1;2;1824;
80;67;1;2;2074;
26;20;1;2;2231;
28;3;1;2;2433;
85;13;1;2;1497;
71;95;1;2;1601;
34;53;1;2;2255;
19;14;1;2;369;
28;70;1;2;510;
32;6;1;2;1062;
82;87;1;2;142;
23;66;1;2;1735;
34;43;1;2;1351;
34;22;1;2;412;
24;6;1;2;1200;
16;28;1;2;727;
28;61;1;2;1107;
43;79;1;2;2328;
53;6;1;2;928;
22;89;1;2;150;
82;70;1;2;369;
79;44;1;2;901;
90;29;1;2;2322;
24;14;1;2;2431;
60;38;1;2;1278;
60;5;1;2;2072;
7;84;1;2;2065;
5;26;1;2;1422;
69;78;1;2;744;
2;99;1;2;1008;
92;32;1;2;1621;
21;10;1;2;1908;
66;51;1;2;1443;
54;74;1;2;2458;
14;85;1;2;2388;
32;96;1;2;227;
0;1;524;421;
1;1;514;210;
2;1;507;430;
3;1;515;446;
4;1;516;758;
5;1;528;825;
6;1;586;820;
7;1;597;1120;
8;1;591;1288;
9;1;582;1382;
10;1;556;1285;
11;1;562;1634;
12;1;596;1442;
13;1;517;1756;
14;1;558;1894;
15;1;505;1833;
16;1;566;2119;
17;1;514;2155;
18;1;509;2228;
19;1;550;2173;
20;1;534;2102;
21;1;590;2199;
22;1;600;2785;
23;1;558;2753;
24;1;544;2838;
25;1;550;2900;
26;1;549;2666;
27;1;584;3175;
28;1;590;3261;
29;1;569;3245;
30;1;516;3072;
31;1;580;3313;
32;1;543;3531;
33;1;557;3374;
34;1;573;3849;
35;1;574;3555;
36;1;539;4051;
37;1;529;4215;
38;1;553;3977;
39;1;532;4407;
40;1;577;4092;
41;1;598;4422;
42;1;548;4532;
43;1;572;4672;
44;1;533;4425;
45;1;535;4774;
46;1;565;4636;
47;1;533;5045;
48;1;511;4994;
49;1;557;5169;
