****7****
100
552;79;1;2;0;
130;775;1;2;0;
431;465;1;2;0;
186;980;1;2;0;
288;596;1;2;0;
615;990;1;2;0;
792;244;1;2;0;
476;513;1;2;0;
296;231;1;2;0;
701;662;1;2;0;
742;756;1;2;0;
38;936;1;2;0;
578;817;1;2;0;
691;681;1;2;0;
74;730;1;2;0;
335;978;1;2;0;
160;816;1;2;0;
752;942;1;2;0;
280;938;1;2;0;
274;568;1;2;0;
885;888;1;2;0;
557;676;1;2;0;
484;384;1;2;0;
541;131;1;2;0;
614;241;1;2;0;
144;707;1;2;0;
348;182;1;2;0;
643;925;1;2;0;
350;685;1;2;0;
605;775;1;2;0;
766;291;1;2;0;
752;925;1;2;0;
106;504;1;2;0;
867;386;1;2;0;
441;140;1;2;0;
305;677;1;2;0;
379;861;1;2;0;
705;214;1;2;0;
596;245;1;2;0;
345;209;1;2;0;
837;488;1;2;0;
915;184;1;2;0;
669;909;1;2;0;
108;370;1;2;0;
945;64;1;2;0;
145;710;1;2;0;
355;896;1;2;0;
987;460;1;2;0;
399;853;1;2;0;
197;191;1;2;0;
344;501;1;2;20961;
74;713;1;2;4470;
288;308;1;2;13826;
632;868;1;2;11258;
471;135;1;2;12935;
492;43;1;2;4203;
861;340;1;2;12277;
5;49;1;2;17212;
901;35;1;2;22078;
651;239;1;2;8682;
842;934;1;2;4275;
61;8;1;2;23012;
984;295;1;2;10525;
503;278;1;2;9088;
210;100;1;2;7622;
748;591;1;2;2916;
97;804;1;2;6286;
157;808;1;2;2850;
924;60;1;2;21921;
150;711;1;2;18761;
924;904;1;2;22485;
199;316;1;2;15773;
539;299;1;2;16119;
834;153;1;2;1010;
348;362;1;2;20482;
645;461;1;2;20903;
688;557;1;2;11574;
718;65;1;2;9810;
148;988;1;2;9215;
965;489;1;2;24417;
21;765;1;2;16584;
10;315;1;2;13421;
358;853;1;2;12654;
1000;686;1;2;12100;
919;386;1;2;20769;
289;382;1;2;1594;
250;69;1;2;13276;
14;138;1;2;15842;
938;637;1;2;6001;
921;602;1;2;3581;
318;974;1;2;24010;
618;335;1;2;17065;
233;692;1;2;8005;
498;691;1;2;9605;
915;961;1;2;5951;
45;249;1;2;6914;
987;851;1;2;17658;
485;864;1;2;17220;
399;153;1;2;12946;
301;425;1;2;24510;
0;1;44;392;
1;1;449;400;
2;1;359;383;
3;1;223;393;
4;1;326;399;
5;1;440;366;
6;1;312;354;
7;1;476;358;
8;1;250;377;
9;1;237;388;
10;1;427;384;
11;1;424;392;
12;1;20;373;
13;1;295;392;
14;1;475;371;
15;1;18;368;
16;1;165;368;
17;1;420;373;
18;1;101;394;
19;1;466;378;
