****15****
100
74;71;1;2;0;
61;6;1;2;0;
82;7;1;2;0;
43;81;1;2;0;
31;50;1;2;0;
21;28;1;2;0;
33;46;1;2;0;
15;39;1;2;0;
18;72;1;2;0;
23;90;1;2;0;
13;71;1;2;0;
87;96;1;2;0;
6;10;1;2;0;
80;21;1;2;0;
43;48;1;2;0;
22;16;1;2;0;
70;83;1;2;0;
74;51;1;2;0;
41;68;1;2;0;
83;72;1;2;0;
17;3;1;2;0;
99;1;1;2;0;
48;65;1;2;0;
91;18;1;2;0;
36;14;1;2;0;
59;1;1;2;0;
36;45;1;2;0;
96;93;1;2;0;
54;27;1;2;0;
13;96;1;2;0;
74;35;1;2;0;
64;95;1;2;0;
69;89;1;2;0;
97;9;1;2;0;
56;80;1;2;0;
32;25;1;2;0;
34;82;1;2;0;
25;82;1;2;0;
47;16;1;2;0;
51;82;1;2;0;
81;9;1;2;0;
82;16;1;2;0;
53;29;1;2;0;
8;7;1;2;0;
56;73;1;2;0;
54;81;1;2;0;
59;69;1;2;0;
76;27;1;2;0;
57;24;1;2;0;
87;13;1;2;0;
3;19;1;2;587;
37;52;1;2;1066;
70;98;1;2;833;
72;32;1;2;1770;
80;65;1;2;1320;
32;46;1;2;2223;
90;53;1;2;1574;
96;85;1;2;2079;
64;60;1;2;1330;
73;36;1;2;1761;
37;38;1;2;1271;
25;26;1;2;1667;
37;47;1;2;557;
69;18;1;2;1009;
28;97;1;2;1350;
7;81;1;2;523;
41;22;1;2;411;
51;17;1;2;2393;
67;33;1;2;1123;
13;57;1;2;270;
93;93;1;2;426;
96;17;1;2;2362;
50;53;1;2;1598;
53;21;1;2;617;
88;1;1;2;57;
39;7;1;2;379;
35;99;1;2;377;
83;49;1;2;303;
15;67;1;2;1341;
59;79;1;2;153;
38;23;1;2;916;
7;70;1;2;1718;
1;71;1;2;1127;
93;24;1;2;2476;
3;63;1;2;36;
62;1;1;2;127;
100;35;1;2;2477;
12;17;1;2;1155;
93;31;1;2;741;
5;42;1;2;68;
26;79;1;2;896;
86;37;1;2;2000;
15;89;1;2;45;
48;82;1;2;593;
1;36;1;2;2151;
59;97;1;2;1069;
70;49;1;2;373;
32;12;1;2;474;
45;4;1;2;1266;
73;61;1;2;1370;
0;1;530;225;
1;1;514;263;
2;1;523;274;
3;1;564;368;
4;1;591;864;
5;1;536;583;
6;1;535;1068;
7;1;559;806;
8;1;547;869;
9;1;553;911;
10;1;508;1171;
11;1;551;1262;
12;1;507;1224;
13;1;575;1499;
14;1;520;1854;
15;1;535;1568;
16;1;572;1727;
17;1;563;1897;
18;1;501;2098;
19;1;583;2288;
20;1;565;2159;
21;1;566;2462;
22;1;510;2484;
23;1;594;2761;
24;1;584;2969;
25;1;576;2906;
26;1;593;3128;
27;1;509;3084;
28;1;521;3077;
29;1;550;3291;
30;1;569;3163;
31;1;593;3535;
32;1;535;3519;
33;1;534;3403;
34;1;584;3899;
35;1;530;3857;
36;1;589;3900;
37;1;598;3964;
38;1;572;3810;
39;1;506;3996;
40;1;540;4220;
41;1;597;4599;
42;1;507;4440;
43;1;534;4334;
44;1;540;4622;
45;1;571;4947;
46;1;571;5104;
47;1;600;5204;
48;1;569;5282;
49;1;592;4971;
