****9****
100
449;803;1;2;0;
570;937;1;2;0;
560;16;1;2;0;
764;784;1;2;0;
614;104;1;2;0;
967;647;1;2;0;
21;266;1;2;0;
889;58;1;2;0;
713;685;1;2;0;
991;277;1;2;0;
931;807;1;2;0;
871;199;1;2;0;
139;409;1;2;0;
3;763;1;2;0;
421;96;1;2;0;
771;221;1;2;0;
898;693;1;2;0;
157;810;1;2;0;
708;272;1;2;0;
593;673;1;2;0;
727;911;1;2;0;
671;747;1;2;0;
177;559;1;2;0;
804;889;1;2;0;
595;146;1;2;0;
165;525;1;2;0;
304;388;1;2;0;
724;442;1;2;0;
796;78;1;2;0;
557;568;1;2;0;
173;679;1;2;0;
788;423;1;2;0;
371;297;1;2;0;
232;430;1;2;0;
568;176;1;2;0;
454;647;1;2;0;
87;125;1;2;0;
393;615;1;2;0;
683;197;1;2;0;
503;278;1;2;0;
694;20;1;2;0;
154;998;1;2;0;
407;229;1;2;0;
791;202;1;2;0;
307;347;1;2;0;
121;479;1;2;0;
378;260;1;2;0;
253;100;1;2;0;
556;836;1;2;0;
530;476;1;2;0;
364;983;1;2;4460;
802;459;1;2;6137;
416;142;1;2;20738;
918;771;1;2;2493;
289;276;1;2;15240;
695;505;1;2;22590;
248;811;1;2;19904;
368;641;1;2;6426;
980;246;1;2;11497;
887;81;1;2;7790;
714;444;1;2;21363;
187;245;1;2;4171;
53;12;1;2;19548;
818;930;1;2;4618;
925;570;1;2;13749;
733;265;1;2;3464;
980;864;1;2;9381;
925;584;1;2;20914;
599;563;1;2;11686;
20;449;1;2;24813;
323;515;1;2;24764;
960;701;1;2;18943;
407;105;1;2;5719;
996;923;1;2;7273;
706;199;1;2;13134;
692;932;1;2;21544;
534;263;1;2;203;
186;187;1;2;21064;
831;785;1;2;6894;
368;156;1;2;13363;
690;478;1;2;14763;
456;789;1;2;17802;
818;196;1;2;5866;
191;543;1;2;1940;
846;600;1;2;8517;
70;644;1;2;13589;
910;177;1;2;19241;
261;363;1;2;20376;
548;193;1;2;23420;
396;912;1;2;14870;
45;602;1;2;4763;
208;409;1;2;14464;
424;226;1;2;23142;
744;768;1;2;2592;
338;613;1;2;5186;
130;34;1;2;21921;
854;943;1;2;6259;
191;556;1;2;19830;
67;103;1;2;6298;
726;498;1;2;9094;
0;1;393;395;
1;1;416;390;
2;1;454;376;
3;1;27;377;
4;1;253;359;
5;1;472;371;
6;1;85;359;
7;1;485;360;
8;1;439;369;
9;1;231;394;
10;1;313;376;
11;1;186;368;
12;1;235;352;
13;1;470;388;
14;1;330;370;
15;1;452;374;
16;1;214;370;
17;1;463;369;
18;1;395;389;
19;1;248;400;
