****1****
100
518;344;1;2;0;
189;294;1;2;0;
183;11;1;2;0;
986;36;1;2;0;
516;197;1;2;0;
629;805;1;2;0;
778;744;1;2;0;
550;131;1;2;0;
972;85;1;2;0;
554;637;1;2;0;
117;876;1;2;0;
480;712;1;2;0;
777;536;1;2;0;
260;448;1;2;0;
270;722;1;2;0;
100;788;1;2;0;
65;289;1;2;0;
433;600;1;2;0;
651;771;1;2;0;
987;167;1;2;0;
967;967;1;2;0;
323;96;1;2;0;
710;872;1;2;0;
578;34;1;2;0;
309;483;1;2;0;
670;425;1;2;0;
358;501;1;2;0;
488;486;1;2;0;
37;99;1;2;0;
933;306;1;2;0;
820;32;1;2;0;
445;237;1;2;0;
672;878;1;2;0;
836;675;1;2;0;
648;174;1;2;0;
193;966;1;2;0;
140;515;1;2;0;
413;201;1;2;0;
386;990;1;2;0;
234;46;1;2;0;
824;255;1;2;0;
822;181;1;2;0;
756;662;1;2;0;
666;144;1;2;0;
760;950;1;2;0;
801;932;1;2;0;
333;246;1;2;0;
520;5;1;2;0;
475;707;1;2;0;
31;122;1;2;0;
880;223;1;2;24565;
19;737;1;2;1963;
219;474;1;2;6822;
805;872;1;2;11126;
59;693;1;2;19858;
166;354;1;2;5600;
309;466;1;2;2448;
110;749;1;2;8842;
707;620;1;2;13330;
181;326;1;2;10951;
654;205;1;2;158;
444;575;1;2;11236;
294;793;1;2;9900;
837;949;1;2;24233;
851;8;1;2;16013;
397;173;1;2;405;
960;834;1;2;4961;
472;943;1;2;17365;
668;1;1;2;16519;
221;533;1;2;4191;
451;538;1;2;18212;
608;981;1;2;24222;
500;626;1;2;22758;
218;462;1;2;967;
807;312;1;2;22784;
441;60;1;2;19600;
780;19;1;2;13292;
584;842;1;2;8445;
840;861;1;2;17854;
363;81;1;2;21135;
563;884;1;2;23692;
319;491;1;2;2336;
297;990;1;2;6784;
771;560;1;2;21105;
842;366;1;2;8671;
624;806;1;2;12093;
227;585;1;2;14218;
14;520;1;2;21990;
96;359;1;2;17003;
529;73;1;2;14834;
143;635;1;2;5931;
645;305;1;2;10957;
480;601;1;2;20644;
587;724;1;2;22138;
508;565;1;2;10175;
739;541;1;2;5266;
30;767;1;2;12310;
690;132;1;2;9021;
192;579;1;2;17258;
906;108;1;2;1292;
0;1;200;352;
1;1;317;378;
2;1;98;372;
3;1;397;377;
4;1;74;358;
5;1;164;397;
6;1;178;373;
7;1;214;364;
8;1;261;354;
9;1;407;392;
10;1;372;386;
11;1;332;353;
12;1;333;375;
13;1;434;393;
14;1;132;391;
15;1;273;381;
16;1;142;389;
17;1;60;391;
18;1;62;359;
19;1;168;386;
