****12****
100
7;5;1;2;0;
93;83;1;2;0;
66;57;1;2;0;
4;50;1;2;0;
48;95;1;2;0;
70;51;1;2;0;
53;45;1;2;0;
15;58;1;2;0;
44;35;1;2;0;
40;1;1;2;0;
41;78;1;2;0;
78;80;1;2;0;
17;49;1;2;0;
82;69;1;2;0;
75;5;1;2;0;
41;33;1;2;0;
9;33;1;2;0;
16;26;1;2;0;
41;19;1;2;0;
27;89;1;2;0;
65;97;1;2;0;
91;17;1;2;0;
41;58;1;2;0;
27;37;1;2;0;
92;18;1;2;0;
37;84;1;2;0;
95;14;1;2;0;
64;63;1;2;0;
14;45;1;2;0;
31;89;1;2;0;
49;71;1;2;0;
73;9;1;2;0;
55;88;1;2;0;
86;47;1;2;0;
59;13;1;2;0;
35;75;1;2;0;
61;26;1;2;0;
92;53;1;2;0;
83;70;1;2;0;
89;26;1;2;0;
87;26;1;2;0;
10;33;1;2;0;
91;25;1;2;0;
95;5;1;2;0;
69;77;1;2;0;
45;70;1;2;0;
99;17;1;2;0;
30;53;1;2;0;
57;16;1;2;0;
99;67;1;2;0;
28;86;1;2;1636;
40;11;1;2;2249;
92;45;1;2;1244;
81;70;1;2;1248;
58;31;1;2;2248;
48;55;1;2;1761;
4;76;1;2;1409;
48;45;1;2;1658;
17;26;1;2;2008;
25;41;1;2;1064;
91;20;1;2;1024;
83;59;1;2;0;
67;51;1;2;1081;
71;83;1;2;1853;
62;40;1;2;1626;
84;87;1;2;1815;
53;91;1;2;1868;
49;90;1;2;1387;
92;58;1;2;939;
38;82;1;2;1004;
83;24;1;2;2172;
65;7;1;2;1472;
9;73;1;2;2008;
97;95;1;2;1577;
7;56;1;2;1756;
47;92;1;2;729;
93;96;1;2;2477;
15;44;1;2;1452;
32;35;1;2;14;
27;73;1;2;1997;
11;7;1;2;2308;
66;24;1;2;83;
31;32;1;2;75;
47;29;1;2;1029;
96;87;1;2;1690;
85;33;1;2;1810;
12;77;1;2;650;
29;91;1;2;2118;
87;75;1;2;375;
3;1;1;2;2430;
53;63;1;2;1846;
74;80;1;2;2149;
53;11;1;2;842;
56;9;1;2;1506;
53;4;1;2;995;
6;40;1;2;937;
54;51;1;2;644;
97;31;1;2;1986;
36;70;1;2;1351;
61;24;1;2;2177;
0;1;558;227;
1;1;521;330;
2;1;549;611;
3;1;544;312;
4;1;562;827;
5;1;508;665;
6;1;552;1120;
7;1;526;1019;
8;1;518;1176;
9;1;592;1155;
10;1;568;1143;
11;1;520;1549;
12;1;511;1400;
13;1;519;1435;
14;1;515;1722;
15;1;526;1655;
16;1;518;1769;
17;1;589;1712;
18;1;549;2327;
19;1;571;2243;
20;1;593;2050;
21;1;584;2215;
22;1;539;2422;
23;1;523;2517;
24;1;578;2673;
25;1;579;2788;
26;1;597;3007;
27;1;546;3147;
28;1;553;2859;
29;1;575;3094;
30;1;559;3217;
31;1;595;3435;
32;1;549;3414;
33;1;546;3625;
34;1;518;3504;
35;1;560;3801;
36;1;547;3684;
37;1;505;4044;
38;1;504;4062;
39;1;592;3960;
40;1;596;4066;
41;1;529;4368;
42;1;521;4262;
43;1;600;4772;
44;1;590;4545;
45;1;544;4839;
46;1;578;5152;
47;1;576;5149;
48;1;525;5045;
49;1;575;4994;
