****3****
100
672;837;1;2;0;
523;86;1;2;0;
573;742;1;2;0;
217;756;1;2;0;
466;503;1;2;0;
845;136;1;2;0;
659;5;1;2;0;
343;362;1;2;0;
615;536;1;2;0;
159;838;1;2;0;
446;264;1;2;0;
967;340;1;2;0;
84;247;1;2;0;
388;622;1;2;0;
936;297;1;2;0;
455;607;1;2;0;
133;977;1;2;0;
44;58;1;2;0;
70;613;1;2;0;
813;887;1;2;0;
115;657;1;2;0;
23;126;1;2;0;
661;717;1;2;0;
487;627;1;2;0;
253;998;1;2;0;
465;698;1;2;0;
613;783;1;2;0;
37;49;1;2;0;
29;776;1;2;0;
670;316;1;2;0;
425;476;1;2;0;
275;909;1;2;0;
805;670;1;2;0;
966;874;1;2;0;
282;778;1;2;0;
113;397;1;2;0;
786;135;1;2;0;
522;799;1;2;0;
203;360;1;2;0;
425;455;1;2;0;
709;241;1;2;0;
505;674;1;2;0;
24;541;1;2;0;
722;404;1;2;0;
669;743;1;2;0;
720;93;1;2;0;
218;346;1;2;0;
1;22;1;2;0;
15;319;1;2;0;
248;297;1;2;0;
96;360;1;2;6772;
234;846;1;2;10744;
32;48;1;2;11526;
808;855;1;2;16319;
401;359;1;2;17639;
776;251;1;2;13695;
179;919;1;2;2637;
250;363;1;2;20357;
595;716;1;2;2268;
962;34;1;2;16301;
610;481;1;2;21506;
6;714;1;2;20551;
923;97;1;2;5700;
551;905;1;2;10462;
240;657;1;2;19196;
602;432;1;2;3702;
37;610;1;2;17003;
862;212;1;2;12292;
257;158;1;2;12355;
25;119;1;2;19814;
392;728;1;2;15166;
118;733;1;2;24729;
41;7;1;2;16894;
11;910;1;2;18919;
188;501;1;2;5815;
722;103;1;2;23536;
507;491;1;2;11257;
563;353;1;2;4280;
981;961;1;2;5391;
114;337;1;2;11165;
280;728;1;2;22420;
926;845;1;2;2672;
638;237;1;2;12665;
447;599;1;2;11677;
863;138;1;2;20523;
584;860;1;2;6839;
87;718;1;2;9321;
200;280;1;2;7854;
524;260;1;2;20547;
358;373;1;2;6410;
310;652;1;2;2249;
341;930;1;2;9065;
457;919;1;2;22408;
580;717;1;2;2473;
963;580;1;2;7475;
847;163;1;2;8858;
833;249;1;2;12572;
662;801;1;2;12866;
842;676;1;2;19786;
335;33;1;2;179;
0;1;163;394;
1;1;420;371;
2;1;387;351;
3;1;322;393;
4;1;119;362;
5;1;274;386;
6;1;100;387;
7;1;267;375;
8;1;435;379;
9;1;462;368;
10;1;29;366;
11;1;281;379;
12;1;249;372;
13;1;357;394;
14;1;308;389;
15;1;412;373;
16;1;435;383;
17;1;393;371;
18;1;383;366;
19;1;163;353;
