****2****
100
566;183;1;2;0;
932;96;1;2;0;
705;645;1;2;0;
411;317;1;2;0;
250;669;1;2;0;
959;621;1;2;0;
454;642;1;2;0;
476;639;1;2;0;
868;909;1;2;0;
581;351;1;2;0;
449;353;1;2;0;
181;942;1;2;0;
293;93;1;2;0;
32;355;1;2;0;
901;551;1;2;0;
490;818;1;2;0;
85;773;1;2;0;
913;789;1;2;0;
770;323;1;2;0;
458;19;1;2;0;
343;768;1;2;0;
992;797;1;2;0;
409;467;1;2;0;
435;628;1;2;0;
375;367;1;2;0;
978;175;1;2;0;
719;510;1;2;0;
116;363;1;2;0;
954;499;1;2;0;
69;854;1;2;0;
402;910;1;2;0;
24;486;1;2;0;
683;936;1;2;0;
275;804;1;2;0;
611;84;1;2;0;
822;953;1;2;0;
851;813;1;2;0;
749;611;1;2;0;
631;535;1;2;0;
590;5;1;2;0;
901;567;1;2;0;
179;971;1;2;0;
428;646;1;2;0;
686;734;1;2;0;
145;754;1;2;0;
587;898;1;2;0;
664;610;1;2;0;
383;346;1;2;0;
898;9;1;2;0;
501;860;1;2;0;
92;322;1;2;5532;
942;487;1;2;4250;
904;117;1;2;17986;
493;474;1;2;4961;
411;4;1;2;20826;
191;650;1;2;20215;
924;146;1;2;13777;
862;43;1;2;18565;
824;425;1;2;15494;
721;434;1;2;20704;
580;877;1;2;4058;
743;819;1;2;19746;
7;74;1;2;1059;
806;567;1;2;8859;
857;977;1;2;16322;
230;167;1;2;17449;
289;442;1;2;7271;
749;304;1;2;2026;
576;127;1;2;12561;
748;847;1;2;1651;
420;778;1;2;7048;
413;872;1;2;17385;
597;879;1;2;9608;
249;684;1;2;12026;
374;892;1;2;24612;
502;121;1;2;19736;
632;409;1;2;2978;
906;509;1;2;15106;
223;84;1;2;11172;
316;831;1;2;15888;
194;250;1;2;20748;
596;15;1;2;4036;
521;963;1;2;24499;
519;211;1;2;20625;
435;584;1;2;4119;
327;437;1;2;16312;
738;68;1;2;9162;
943;974;1;2;19197;
98;548;1;2;19478;
732;863;1;2;496;
563;408;1;2;7958;
524;3;1;2;2663;
356;875;1;2;2110;
66;745;1;2;9606;
811;179;1;2;11257;
447;506;1;2;21137;
555;595;1;2;11191;
72;537;1;2;9194;
450;635;1;2;21669;
263;718;1;2;13423;
0;1;406;382;
1;1;364;351;
2;1;155;368;
3;1;410;360;
4;1;445;381;
5;1;75;389;
6;1;414;387;
7;1;368;380;
8;1;183;375;
9;1;435;388;
10;1;319;357;
11;1;161;356;
12;1;204;360;
13;1;342;398;
14;1;372;361;
15;1;254;378;
16;1;42;369;
17;1;280;399;
18;1;38;390;
19;1;410;382;
