****14****
100
68;19;1;2;0;
6;21;1;2;0;
85;49;1;2;0;
41;47;1;2;0;
20;9;1;2;0;
87;92;1;2;0;
71;3;1;2;0;
17;36;1;2;0;
73;7;1;2;0;
57;76;1;2;0;
96;30;1;2;0;
67;4;1;2;0;
88;67;1;2;0;
43;3;1;2;0;
33;87;1;2;0;
87;53;1;2;0;
5;92;1;2;0;
73;41;1;2;0;
40;13;1;2;0;
87;59;1;2;0;
22;25;1;2;0;
2;92;1;2;0;
80;19;1;2;0;
27;52;1;2;0;
77;35;1;2;0;
79;73;1;2;0;
17;45;1;2;0;
28;56;1;2;0;
63;71;1;2;0;
58;48;1;2;0;
9;96;1;2;0;
100;13;1;2;0;
88;72;1;2;0;
5;27;1;2;0;
85;43;1;2;0;
38;58;1;2;0;
19;39;1;2;0;
49;98;1;2;0;
9;27;1;2;0;
1;38;1;2;0;
14;79;1;2;0;
62;30;1;2;0;
76;89;1;2;0;
85;90;1;2;0;
11;94;1;2;0;
37;19;1;2;0;
90;36;1;2;0;
83;77;1;2;0;
8;39;1;2;0;
55;92;1;2;0;
81;92;1;2;359;
100;83;1;2;2413;
49;43;1;2;1251;
50;80;1;2;1327;
28;41;1;2;1395;
55;82;1;2;1768;
45;92;1;2;293;
81;63;1;2;142;
17;45;1;2;2429;
24;36;1;2;2413;
67;16;1;2;2300;
67;67;1;2;782;
15;16;1;2;1665;
41;65;1;2;710;
81;44;1;2;827;
49;99;1;2;1572;
54;95;1;2;424;
4;75;1;2;2378;
91;91;1;2;1613;
58;66;1;2;2463;
79;32;1;2;1150;
92;98;1;2;859;
91;64;1;2;1125;
33;5;1;2;1262;
54;37;1;2;1503;
19;37;1;2;741;
14;90;1;2;378;
4;93;1;2;2373;
56;35;1;2;2366;
52;92;1;2;494;
36;71;1;2;666;
87;14;1;2;744;
4;57;1;2;640;
37;89;1;2;1608;
37;94;1;2;2475;
81;12;1;2;2137;
75;77;1;2;2366;
15;80;1;2;952;
78;35;1;2;540;
83;39;1;2;1060;
53;26;1;2;2426;
7;12;1;2;1938;
59;15;1;2;377;
74;3;1;2;1914;
45;40;1;2;2255;
52;20;1;2;2231;
47;47;1;2;913;
32;61;1;2;1228;
62;90;1;2;554;
78;24;1;2;505;
0;1;537;28;
1;1;558;198;
2;1;583;516;
3;1;566;812;
4;1;587;483;
5;1;566;689;
6;1;560;869;
7;1;529;885;
8;1;513;1234;
9;1;543;1248;
10;1;598;1040;
11;1;543;1143;
12;1;527;1413;
13;1;600;1368;
14;1;585;1953;
15;1;553;1581;
16;1;552;1721;
17;1;592;2121;
18;1;582;2332;
19;1;527;2269;
20;1;525;2193;
21;1;509;2381;
22;1;554;2476;
23;1;579;2782;
24;1;589;2813;
25;1;577;2917;
26;1;592;3007;
27;1;548;2977;
28;1;579;2824;
29;1;538;3285;
30;1;523;3039;
31;1;537;3201;
32;1;551;3279;
33;1;511;3428;
34;1;536;3424;
35;1;503;3847;
36;1;533;3898;
37;1;595;3842;
38;1;548;4168;
39;1;555;3952;
40;1;545;4223;
41;1;526;4389;
42;1;555;4392;
43;1;505;4392;
44;1;572;4805;
45;1;548;4557;
46;1;583;5073;
47;1;571;5196;
48;1;563;5044;
49;1;568;4905;
