****11****
100
69;20;1;2;0;
807;379;1;2;0;
150;102;1;2;0;
753;524;1;2;0;
550;328;1;2;0;
968;202;1;2;0;
633;857;1;2;0;
259;763;1;2;0;
121;481;1;2;0;
303;916;1;2;0;
769;188;1;2;0;
694;162;1;2;0;
654;387;1;2;0;
707;431;1;2;0;
134;716;1;2;0;
182;554;1;2;0;
736;340;1;2;0;
932;885;1;2;0;
442;684;1;2;0;
760;991;1;2;0;
363;727;1;2;0;
544;996;1;2;0;
583;803;1;2;0;
110;55;1;2;0;
635;413;1;2;0;
322;755;1;2;0;
952;16;1;2;0;
916;605;1;2;0;
402;975;1;2;0;
36;535;1;2;0;
690;569;1;2;0;
88;777;1;2;0;
909;371;1;2;0;
661;350;1;2;0;
406;420;1;2;0;
692;769;1;2;0;
499;236;1;2;0;
116;81;1;2;0;
390;225;1;2;0;
488;24;1;2;0;
637;809;1;2;0;
130;588;1;2;0;
824;46;1;2;0;
545;578;1;2;0;
372;580;1;2;0;
464;61;1;2;0;
148;904;1;2;0;
838;408;1;2;0;
274;850;1;2;0;
109;680;1;2;0;
622;801;1;2;21813;
120;388;1;2;5595;
552;777;1;2;9967;
39;152;1;2;21499;
200;281;1;2;14882;
23;678;1;2;5995;
600;49;1;2;17501;
64;110;1;2;15900;
319;299;1;2;11761;
592;148;1;2;20925;
623;769;1;2;20037;
774;240;1;2;14898;
40;144;1;2;3097;
883;182;1;2;12582;
714;381;1;2;7265;
484;756;1;2;10557;
799;707;1;2;12865;
44;122;1;2;21960;
437;440;1;2;3072;
590;384;1;2;9084;
203;6;1;2;20131;
616;132;1;2;4751;
416;171;1;2;2994;
344;405;1;2;18401;
423;470;1;2;8553;
430;954;1;2;7217;
467;104;1;2;517;
905;147;1;2;19156;
451;936;1;2;17756;
296;877;1;2;7880;
640;79;1;2;15159;
104;46;1;2;11403;
808;813;1;2;4455;
7;156;1;2;4284;
740;578;1;2;7386;
205;359;1;2;8140;
425;178;1;2;10293;
55;82;1;2;8594;
807;884;1;2;21190;
999;179;1;2;12089;
925;170;1;2;22721;
209;274;1;2;4864;
624;433;1;2;18922;
210;440;1;2;20238;
904;531;1;2;889;
715;735;1;2;15894;
832;511;1;2;5304;
51;565;1;2;2489;
769;372;1;2;8905;
422;722;1;2;2622;
0;1;451;396;
1;1;453;360;
2;1;207;378;
3;1;414;380;
4;1;10;380;
5;1;391;399;
6;1;53;394;
7;1;331;353;
8;1;361;365;
9;1;64;392;
10;1;75;351;
11;1;94;392;
12;1;72;365;
13;1;363;376;
14;1;136;384;
15;1;458;387;
16;1;81;362;
17;1;496;389;
18;1;339;360;
19;1;469;399;
