****8****
100
742;757;1;2;0;
294;553;1;2;0;
463;621;1;2;0;
812;212;1;2;0;
549;548;1;2;0;
652;327;1;2;0;
533;575;1;2;0;
969;904;1;2;0;
249;115;1;2;0;
946;224;1;2;0;
685;315;1;2;0;
241;701;1;2;0;
632;512;1;2;0;
724;584;1;2;0;
506;41;1;2;0;
862;599;1;2;0;
149;507;1;2;0;
152;611;1;2;0;
127;963;1;2;0;
175;28;1;2;0;
863;826;1;2;0;
354;747;1;2;0;
400;322;1;2;0;
651;649;1;2;0;
788;948;1;2;0;
224;825;1;2;0;
262;816;1;2;0;
525;893;1;2;0;
328;600;1;2;0;
477;185;1;2;0;
992;338;1;2;0;
783;141;1;2;0;
844;934;1;2;0;
751;322;1;2;0;
249;925;1;2;0;
349;463;1;2;0;
750;703;1;2;0;
561;502;1;2;0;
376;211;1;2;0;
502;516;1;2;0;
158;725;1;2;0;
340;419;1;2;0;
892;216;1;2;0;
664;219;1;2;0;
816;140;1;2;0;
403;807;1;2;0;
829;538;1;2;0;
299;672;1;2;0;
823;50;1;2;0;
345;423;1;2;0;
326;694;1;2;6925;
428;748;1;2;4970;
281;475;1;2;22862;
134;990;1;2;287;
210;329;1;2;6730;
101;897;1;2;12144;
320;712;1;2;15359;
74;870;1;2;7581;
963;521;1;2;14721;
786;922;1;2;19226;
208;247;1;2;24950;
445;26;1;2;11618;
242;306;1;2;12830;
249;439;1;2;9114;
118;648;1;2;24969;
406;749;1;2;9266;
356;420;1;2;11231;
798;845;1;2;8852;
67;808;1;2;775;
360;945;1;2;9021;
997;152;1;2;6940;
327;948;1;2;19641;
756;189;1;2;618;
659;790;1;2;18240;
552;907;1;2;2366;
126;664;1;2;1105;
947;372;1;2;5334;
480;169;1;2;15766;
882;587;1;2;24323;
156;298;1;2;17645;
351;294;1;2;15062;
144;972;1;2;748;
963;79;1;2;2424;
88;738;1;2;24697;
355;641;1;2;15604;
269;118;1;2;6875;
284;65;1;2;12904;
69;544;1;2;1296;
51;777;1;2;4634;
840;284;1;2;12637;
925;634;1;2;24028;
514;777;1;2;11505;
50;740;1;2;16185;
126;179;1;2;3143;
344;533;1;2;6494;
468;801;1;2;23960;
607;436;1;2;19300;
118;857;1;2;3746;
148;907;1;2;13399;
765;747;1;2;24033;
0;1;32;373;
1;1;165;392;
2;1;36;393;
3;1;475;387;
4;1;384;387;
5;1;63;362;
6;1;136;356;
7;1;94;378;
8;1;225;397;
9;1;489;381;
10;1;34;366;
11;1;448;390;
12;1;186;398;
13;1;297;384;
14;1;212;395;
15;1;317;395;
16;1;417;381;
17;1;38;355;
18;1;125;363;
19;1;241;359;
