****18****
100
10;1;1;2;0;
73;32;1;2;0;
9;73;1;2;0;
4;37;1;2;0;
79;58;1;2;0;
50;61;1;2;0;
19;69;1;2;0;
41;82;1;2;0;
76;58;1;2;0;
12;63;1;2;0;
76;54;1;2;0;
52;97;1;2;0;
61;63;1;2;0;
76;10;1;2;0;
37;6;1;2;0;
90;98;1;2;0;
6;15;1;2;0;
81;67;1;2;0;
87;36;1;2;0;
3;17;1;2;0;
93;4;1;2;0;
77;63;1;2;0;
72;69;1;2;0;
44;100;1;2;0;
26;8;1;2;0;
62;53;1;2;0;
61;65;1;2;0;
1;74;1;2;0;
27;76;1;2;0;
83;15;1;2;0;
82;24;1;2;0;
64;39;1;2;0;
38;44;1;2;0;
5;76;1;2;0;
79;59;1;2;0;
92;23;1;2;0;
62;20;1;2;0;
38;86;1;2;0;
40;33;1;2;0;
85;65;1;2;0;
40;46;1;2;0;
17;53;1;2;0;
62;17;1;2;0;
26;88;1;2;0;
93;8;1;2;0;
54;26;1;2;0;
83;69;1;2;0;
64;73;1;2;0;
12;21;1;2;0;
48;42;1;2;0;
79;92;1;2;1985;
41;11;1;2;485;
78;3;1;2;2227;
62;67;1;2;2348;
59;36;1;2;557;
20;4;1;2;2271;
59;48;1;2;1732;
12;73;1;2;2328;
32;89;1;2;849;
95;9;1;2;384;
36;87;1;2;1762;
3;79;1;2;914;
8;56;1;2;661;
45;69;1;2;2408;
73;27;1;2;250;
54;98;1;2;1190;
59;56;1;2;1450;
24;19;1;2;1944;
71;50;1;2;1179;
90;44;1;2;1374;
8;31;1;2;1723;
18;34;1;2;820;
90;41;1;2;1411;
64;37;1;2;115;
56;9;1;2;646;
36;62;1;2;1282;
71;21;1;2;2399;
53;44;1;2;1167;
60;66;1;2;2313;
55;55;1;2;1629;
10;14;1;2;269;
4;31;1;2;224;
28;72;1;2;1979;
59;87;1;2;258;
59;95;1;2;2414;
86;30;1;2;1504;
62;100;1;2;2300;
93;4;1;2;1530;
95;64;1;2;1526;
47;18;1;2;636;
42;80;1;2;1746;
19;35;1;2;1617;
30;62;1;2;1165;
32;20;1;2;1047;
23;31;1;2;1176;
22;16;1;2;1804;
82;29;1;2;1620;
15;21;1;2;2075;
42;68;1;2;110;
35;14;1;2;1908;
0;1;533;245;
1;1;546;444;
2;1;573;402;
3;1;588;661;
4;1;593;531;
5;1;538;920;
6;1;506;673;
7;1;595;869;
8;1;581;1248;
9;1;584;953;
10;1;590;1172;
11;1;580;1361;
12;1;545;1673;
13;1;529;1570;
14;1;560;1601;
15;1;508;1883;
16;1;548;1829;
17;1;537;2212;
18;1;533;2060;
19;1;526;1985;
20;1;529;2075;
21;1;590;2615;
22;1;574;2313;
23;1;542;2833;
24;1;597;2802;
25;1;520;2885;
26;1;588;3054;
27;1;547;3174;
28;1;524;3047;
29;1;577;3332;
30;1;569;3073;
31;1;527;3288;
32;1;537;3713;
33;1;589;3307;
34;1;538;3921;
35;1;547;3579;
36;1;529;3792;
37;1;503;3970;
38;1;523;4148;
39;1;508;4202;
40;1;570;4128;
41;1;556;4144;
42;1;581;4279;
43;1;592;4352;
44;1;581;4577;
45;1;591;4710;
46;1;503;4958;
47;1;570;5259;
48;1;531;4932;
49;1;561;5108;
