****0****
100
280;818;1;2;0;
981;599;1;2;0;
20;463;1;2;0;
835;97;1;2;0;
1;912;1;2;0;
436;893;1;2;0;
304;321;1;2;0;
957;471;1;2;0;
621;942;1;2;0;
662;402;1;2;0;
272;622;1;2;0;
844;265;1;2;0;
488;385;1;2;0;
827;681;1;2;0;
843;550;1;2;0;
20;122;1;2;0;
720;353;1;2;0;
73;91;1;2;0;
815;259;1;2;0;
188;816;1;2;0;
171;975;1;2;0;
60;474;1;2;0;
296;368;1;2;0;
297;268;1;2;0;
310;310;1;2;0;
669;933;1;2;0;
284;513;1;2;0;
197;771;1;2;0;
249;23;1;2;0;
803;91;1;2;0;
925;174;1;2;0;
565;996;1;2;0;
526;637;1;2;0;
86;693;1;2;0;
895;625;1;2;0;
860;417;1;2;0;
952;919;1;2;0;
243;599;1;2;0;
286;539;1;2;0;
866;947;1;2;0;
848;535;1;2;0;
231;131;1;2;0;
399;428;1;2;0;
253;647;1;2;0;
802;407;1;2;0;
90;78;1;2;0;
581;654;1;2;0;
73;458;1;2;0;
642;511;1;2;0;
150;888;1;2;0;
487;361;1;2;19587;
438;279;1;2;3901;
36;917;1;2;4292;
254;215;1;2;18238;
788;446;1;2;10115;
186;225;1;2;11623;
184;378;1;2;17593;
273;456;1;2;16620;
278;880;1;2;389;
271;390;1;2;10611;
511;229;1;2;2540;
815;666;1;2;9792;
65;54;1;2;17510;
501;307;1;2;15970;
488;94;1;2;2805;
606;631;1;2;6013;
329;814;1;2;8357;
458;439;1;2;23690;
871;68;1;2;7850;
741;339;1;2;22790;
113;849;1;2;19183;
846;15;1;2;11839;
561;79;1;2;9010;
192;931;1;2;13569;
37;418;1;2;9818;
32;24;1;2;19222;
250;352;1;2;23043;
846;161;1;2;24421;
897;31;1;2;9151;
180;123;1;2;13489;
204;236;1;2;12610;
456;433;1;2;5596;
373;993;1;2;23597;
696;184;1;2;18655;
324;572;1;2;11257;
398;603;1;2;11517;
453;853;1;2;10554;
322;50;1;2;23713;
981;299;1;2;22108;
356;478;1;2;3880;
420;33;1;2;6890;
685;488;1;2;6429;
963;212;1;2;16785;
320;907;1;2;3218;
606;583;1;2;13444;
662;332;1;2;20770;
741;784;1;2;10706;
171;458;1;2;14362;
113;438;1;2;7673;
85;145;1;2;738;
0;1;180;367;
1;1;80;361;
2;1;101;369;
3;1;327;363;
4;1;130;384;
5;1;382;389;
6;1;277;390;
7;1;471;391;
8;1;1;354;
9;1;359;394;
10;1;289;382;
11;1;264;396;
12;1;354;379;
13;1;36;372;
14;1;313;380;
15;1;471;394;
16;1;96;352;
17;1;57;396;
18;1;320;383;
19;1;111;351;
