****1****
100
446;38;1;2;0;
3;597;1;2;0;
59;733;1;2;0;
500;472;1;2;0;
228;23;1;2;0;
86;575;1;2;0;
616;638;1;2;0;
639;560;1;2;0;
152;502;1;2;0;
77;277;1;2;0;
562;174;1;2;0;
120;494;1;2;0;
67;100;1;2;0;
23;440;1;2;0;
519;443;1;2;0;
558;566;1;2;0;
481;560;1;2;0;
413;539;1;2;0;
145;514;1;2;0;
612;372;1;2;0;
537;698;1;2;0;
196;4;1;2;0;
187;436;1;2;0;
166;690;1;2;0;
188;242;1;2;0;
216;351;1;2;0;
17;687;1;2;0;
446;84;1;2;0;
388;468;1;2;0;
523;508;1;2;0;
161;682;1;2;0;
323;243;1;2;0;
492;337;1;2;0;
31;636;1;2;0;
453;245;1;2;0;
609;591;1;2;0;
544;407;1;2;0;
196;730;1;2;0;
92;361;1;2;0;
669;631;1;2;0;
205;486;1;2;0;
584;221;1;2;0;
24;279;1;2;0;
656;411;1;2;0;
747;31;1;2;0;
168;509;1;2;0;
712;92;1;2;0;
1;55;1;2;0;
31;383;1;2;0;
292;483;1;2;0;
627;151;1;2;2699;
420;159;1;2;14351;
1;602;1;2;11768;
271;483;1;2;14796;
6;316;1;2;1849;
29;196;1;2;8329;
41;192;1;2;13977;
208;302;1;2;13252;
652;654;1;2;9482;
682;287;1;2;1399;
414;515;1;2;5752;
736;185;1;2;4807;
105;537;1;2;11568;
585;58;1;2;1402;
121;63;1;2;13118;
628;444;1;2;11134;
642;484;1;2;4111;
686;294;1;2;12185;
293;195;1;2;3368;
353;126;1;2;7891;
307;539;1;2;16410;
12;126;1;2;2882;
626;582;1;2;16821;
341;417;1;2;8050;
140;537;1;2;10198;
208;16;1;2;11490;
119;259;1;2;13374;
176;194;1;2;15102;
183;487;1;2;17119;
445;441;1;2;12514;
595;747;1;2;13334;
157;9;1;2;2412;
608;634;1;2;721;
493;576;1;2;13408;
37;317;1;2;17767;
393;524;1;2;15646;
397;642;1;2;2132;
532;68;1;2;9951;
562;602;1;2;14855;
388;648;1;2;7575;
339;492;1;2;1638;
430;648;1;2;8305;
646;107;1;2;1503;
295;599;1;2;11551;
361;237;1;2;14478;
167;232;1;2;4651;
386;628;1;2;5334;
466;409;1;2;1886;
342;572;1;2;18622;
703;209;1;2;2657;
0;1;5;5;
1;1;172;922;
2;1;312;1812;
3;1;31;2281;
4;1;226;3226;
5;1;186;3936;
6;1;41;4541;
7;1;98;5348;
8;1;293;6293;
9;1;310;7060;
10;1;369;7869;
11;1;118;8368;
12;1;5;9005;
13;1;354;10104;
14;1;355;10855;
15;1;17;11267;
16;1;122;12122;
17;1;211;12961;
18;1;176;13676;
19;1;110;14360;
