****0****
100
641;962;1;2;0;
28;554;1;2;0;
671;826;1;2;0;
823;802;1;2;0;
281;603;1;2;0;
121;790;1;2;0;
819;98;1;2;0;
824;904;1;2;0;
642;638;1;2;0;
889;540;1;2;0;
779;143;1;2;0;
70;519;1;2;0;
130;862;1;2;0;
316;433;1;2;0;
532;657;1;2;0;
538;172;1;2;0;
970;565;1;2;0;
78;992;1;2;0;
390;900;1;2;0;
793;23;1;2;0;
502;914;1;2;0;
164;320;1;2;0;
11;987;1;2;0;
224;4;1;2;0;
976;112;1;2;0;
543;755;1;2;0;
606;613;1;2;0;
625;88;1;2;0;
826;940;1;2;0;
520;709;1;2;0;
948;57;1;2;0;
881;269;1;2;0;
973;958;1;2;0;
260;362;1;2;0;
209;53;1;2;0;
736;710;1;2;0;
318;251;1;2;0;
30;680;1;2;0;
237;605;1;2;0;
683;565;1;2;0;
68;577;1;2;0;
671;674;1;2;0;
189;647;1;2;0;
113;366;1;2;0;
938;632;1;2;0;
75;885;1;2;0;
40;307;1;2;0;
153;364;1;2;0;
616;764;1;2;0;
77;824;1;2;0;
168;813;1;2;3289;
485;63;1;2;4508;
516;652;1;2;21324;
198;568;1;2;20327;
775;238;1;2;20764;
315;884;1;2;3630;
681;173;1;2;22894;
107;57;1;2;19665;
765;561;1;2;8356;
380;676;1;2;16581;
203;844;1;2;5040;
87;680;1;2;13828;
1;196;1;2;5717;
870;393;1;2;8559;
807;519;1;2;4365;
769;834;1;2;19915;
491;866;1;2;13990;
548;324;1;2;20869;
996;88;1;2;14953;
455;467;1;2;9070;
343;21;1;2;6893;
394;107;1;2;1598;
508;107;1;2;11881;
625;977;1;2;19882;
661;135;1;2;15196;
934;904;1;2;1387;
442;746;1;2;15789;
474;294;1;2;10162;
562;289;1;2;12334;
562;96;1;2;20051;
238;790;1;2;2047;
756;183;1;2;13861;
658;43;1;2;5505;
755;667;1;2;5046;
597;328;1;2;5562;
957;613;1;2;7313;
502;407;1;2;11681;
912;880;1;2;18806;
997;794;1;2;2847;
169;355;1;2;22163;
159;592;1;2;18332;
169;700;1;2;891;
285;709;1;2;6420;
860;464;1;2;15635;
763;60;1;2;16591;
801;16;1;2;13653;
741;517;1;2;24487;
427;780;1;2;17577;
758;776;1;2;11545;
730;944;1;2;839;
0;1;296;296;
1;1;454;1454;
2;1;323;2323;
3;1;4;3004;
4;1;122;4122;
5;1;374;5374;
6;1;394;6394;
7;1;406;7406;
8;1;83;8083;
9;1;326;9326;
10;1;118;10118;
11;1;46;11046;
12;1;276;12276;
13;1;380;13380;
14;1;105;14105;
15;1;406;15406;
16;1;180;16180;
17;1;472;17472;
18;1;148;18148;
19;1;273;19273;
