****1****
100
78;33;1;2;0;
60;22;1;2;0;
34;9;1;2;0;
31;56;1;2;0;
15;73;1;2;0;
1;71;1;2;0;
86;9;1;2;0;
86;69;1;2;0;
100;8;1;2;0;
25;65;1;2;0;
27;55;1;2;0;
80;13;1;2;0;
50;2;1;2;0;
19;56;1;2;0;
60;55;1;2;0;
22;37;1;2;0;
40;34;1;2;0;
10;73;1;2;0;
42;93;1;2;0;
28;56;1;2;0;
65;81;1;2;0;
78;2;1;2;0;
89;64;1;2;0;
70;88;1;2;0;
23;46;1;2;0;
5;1;1;2;0;
100;36;1;2;0;
65;49;1;2;0;
37;83;1;2;0;
56;96;1;2;0;
89;30;1;2;0;
85;28;1;2;0;
63;46;1;2;0;
100;56;1;2;0;
38;80;1;2;0;
12;54;1;2;0;
12;41;1;2;0;
55;100;1;2;0;
4;76;1;2;0;
39;78;1;2;0;
21;43;1;2;0;
78;72;1;2;0;
78;94;1;2;0;
73;66;1;2;0;
76;80;1;2;0;
14;65;1;2;0;
9;98;1;2;0;
92;23;1;2;0;
43;44;1;2;0;
79;33;1;2;0;
75;42;1;2;1395;
86;82;1;2;1819;
37;38;1;2;1983;
27;15;1;2;954;
70;45;1;2;607;
99;38;1;2;775;
65;66;1;2;489;
30;30;1;2;195;
79;73;1;2;1958;
73;68;1;2;1969;
5;94;1;2;592;
91;31;1;2;1423;
83;67;1;2;1138;
50;94;1;2;341;
90;15;1;2;1441;
2;13;1;2;365;
37;29;1;2;987;
100;58;1;2;131;
76;88;1;2;1503;
74;61;1;2;1226;
50;65;1;2;190;
19;7;1;2;2458;
69;89;1;2;2460;
57;39;1;2;1109;
11;28;1;2;2365;
13;81;1;2;2496;
52;18;1;2;1247;
57;69;1;2;292;
42;44;1;2;1387;
100;69;1;2;561;
78;18;1;2;1799;
49;36;1;2;1498;
98;57;1;2;1477;
18;13;1;2;1216;
31;75;1;2;1675;
10;87;1;2;957;
2;38;1;2;2344;
74;94;1;2;1321;
55;88;1;2;587;
76;87;1;2;2102;
5;64;1;2;332;
51;64;1;2;873;
3;62;1;2;147;
43;31;1;2;1794;
22;14;1;2;1157;
32;23;1;2;2176;
70;76;1;2;212;
78;49;1;2;1260;
6;56;1;2;450;
77;31;1;2;1782;
0;1;17;17;
1;1;38;138;
2;1;4;204;
3;1;27;327;
4;1;38;438;
5;1;17;517;
6;1;24;624;
7;1;40;740;
8;1;30;830;
9;1;27;927;
10;1;34;1034;
11;1;13;1113;
12;1;44;1244;
13;1;7;1307;
14;1;26;1426;
15;1;37;1537;
16;1;38;1638;
17;1;48;1748;
18;1;16;1816;
19;1;10;1910;
