****3****
100
363;940;1;2;0;
295;353;1;2;0;
485;129;1;2;0;
645;718;1;2;0;
275;478;1;2;0;
585;391;1;2;0;
955;255;1;2;0;
636;688;1;2;0;
494;440;1;2;0;
861;912;1;2;0;
476;428;1;2;0;
285;799;1;2;0;
749;597;1;2;0;
90;603;1;2;0;
585;233;1;2;0;
719;947;1;2;0;
172;13;1;2;0;
652;8;1;2;0;
141;296;1;2;0;
77;768;1;2;0;
773;661;1;2;0;
158;79;1;2;0;
268;146;1;2;0;
119;761;1;2;0;
937;979;1;2;0;
24;412;1;2;0;
758;660;1;2;0;
211;507;1;2;0;
257;652;1;2;0;
109;193;1;2;0;
884;828;1;2;0;
492;407;1;2;0;
192;143;1;2;0;
414;685;1;2;0;
438;843;1;2;0;
452;562;1;2;0;
855;961;1;2;0;
641;122;1;2;0;
106;759;1;2;0;
234;42;1;2;0;
89;257;1;2;0;
806;847;1;2;0;
269;368;1;2;0;
705;525;1;2;0;
19;813;1;2;0;
69;255;1;2;0;
992;560;1;2;0;
661;536;1;2;0;
54;427;1;2;0;
220;491;1;2;0;
269;671;1;2;7295;
123;983;1;2;21682;
597;441;1;2;5681;
830;482;1;2;6077;
439;639;1;2;12865;
707;6;1;2;10111;
583;377;1;2;548;
651;631;1;2;7244;
563;643;1;2;20848;
616;69;1;2;13248;
459;689;1;2;13155;
863;164;1;2;18778;
259;760;1;2;23110;
765;589;1;2;13412;
7;27;1;2;20415;
800;85;1;2;11740;
296;667;1;2;15878;
605;670;1;2;24031;
610;232;1;2;20779;
797;847;1;2;22869;
556;657;1;2;2479;
336;519;1;2;24904;
99;129;1;2;16512;
302;893;1;2;17383;
339;252;1;2;21175;
366;51;1;2;18864;
398;346;1;2;19089;
807;303;1;2;16416;
197;912;1;2;10594;
230;60;1;2;20348;
684;615;1;2;7021;
826;303;1;2;21164;
131;401;1;2;18450;
547;55;1;2;62;
551;745;1;2;3824;
286;110;1;2;13104;
754;507;1;2;19757;
592;665;1;2;22082;
747;862;1;2;6819;
485;443;1;2;17569;
421;478;1;2;17580;
14;303;1;2;1749;
478;785;1;2;7111;
422;331;1;2;13519;
906;234;1;2;4888;
994;871;1;2;3881;
483;624;1;2;22239;
670;567;1;2;3084;
807;665;1;2;22699;
559;501;1;2;1859;
0;1;19;19;
1;1;422;1422;
2;1;44;2044;
3;1;445;3445;
4;1;287;4287;
5;1;199;5199;
6;1;173;6173;
7;1;116;7116;
8;1;483;8483;
9;1;153;9153;
10;1;37;10037;
11;1;166;11166;
12;1;188;12188;
13;1;295;13295;
14;1;251;14251;
15;1;466;15466;
16;1;140;16140;
17;1;121;17121;
18;1;354;18354;
19;1;122;19122;
