****9****
100
250;460;1;2;0;
982;412;1;2;0;
949;439;1;2;0;
634;883;1;2;0;
364;874;1;2;0;
210;639;1;2;0;
884;486;1;2;0;
195;727;1;2;0;
516;189;1;2;0;
727;828;1;2;0;
897;941;1;2;0;
719;534;1;2;0;
340;233;1;2;0;
85;741;1;2;0;
326;312;1;2;0;
104;927;1;2;0;
771;437;1;2;0;
690;719;1;2;0;
876;676;1;2;0;
953;239;1;2;0;
549;514;1;2;0;
229;784;1;2;0;
999;424;1;2;0;
510;866;1;2;0;
612;588;1;2;0;
45;508;1;2;0;
880;764;1;2;0;
393;220;1;2;0;
996;477;1;2;0;
960;674;1;2;0;
140;64;1;2;0;
952;910;1;2;0;
500;642;1;2;0;
980;375;1;2;0;
669;285;1;2;0;
965;569;1;2;0;
798;194;1;2;0;
353;149;1;2;0;
617;214;1;2;0;
366;580;1;2;0;
802;411;1;2;0;
87;681;1;2;0;
174;831;1;2;0;
900;521;1;2;0;
659;860;1;2;0;
194;799;1;2;0;
275;146;1;2;0;
60;774;1;2;0;
139;40;1;2;0;
501;807;1;2;0;
676;465;1;2;11902;
825;658;1;2;20348;
973;274;1;2;18103;
339;853;1;2;13597;
101;291;1;2;4564;
274;473;1;2;758;
794;132;1;2;22049;
340;930;1;2;15207;
485;341;1;2;13475;
975;380;1;2;19962;
781;407;1;2;7220;
507;232;1;2;13228;
586;556;1;2;24996;
878;894;1;2;15519;
323;346;1;2;23741;
800;971;1;2;16078;
177;117;1;2;8283;
117;456;1;2;20843;
979;292;1;2;3206;
967;266;1;2;16981;
454;398;1;2;3891;
406;904;1;2;23522;
368;489;1;2;7269;
603;718;1;2;3846;
42;392;1;2;19138;
124;192;1;2;12963;
679;720;1;2;15418;
364;837;1;2;1113;
683;815;1;2;6782;
990;133;1;2;2496;
28;587;1;2;9300;
473;344;1;2;14095;
501;711;1;2;14478;
85;665;1;2;1301;
914;707;1;2;15412;
88;182;1;2;13620;
233;212;1;2;19436;
494;576;1;2;9404;
562;610;1;2;19236;
921;599;1;2;21396;
897;626;1;2;4103;
270;451;1;2;6322;
195;951;1;2;11783;
312;35;1;2;24979;
794;300;1;2;11426;
20;388;1;2;22114;
789;972;1;2;23121;
926;818;1;2;24977;
250;379;1;2;23525;
741;652;1;2;21971;
0;1;217;217;
1;1;400;1400;
2;1;343;2343;
3;1;278;3278;
4;1;170;4170;
5;1;145;5145;
6;1;183;6183;
7;1;364;7364;
8;1;96;8096;
9;1;151;9151;
10;1;27;10027;
11;1;482;11482;
12;1;431;12431;
13;1;172;13172;
14;1;282;14282;
15;1;121;15121;
16;1;44;16044;
17;1;21;17021;
18;1;492;18492;
19;1;332;19332;
