****2****
100
430;361;1;2;0;
280;521;1;2;0;
665;775;1;2;0;
375;16;1;2;0;
427;671;1;2;0;
4;33;1;2;0;
452;959;1;2;0;
996;465;1;2;0;
674;492;1;2;0;
522;437;1;2;0;
898;386;1;2;0;
690;537;1;2;0;
761;527;1;2;0;
87;10;1;2;0;
447;151;1;2;0;
839;877;1;2;0;
863;118;1;2;0;
397;528;1;2;0;
893;123;1;2;0;
895;319;1;2;0;
793;898;1;2;0;
351;597;1;2;0;
856;698;1;2;0;
413;881;1;2;0;
541;287;1;2;0;
669;439;1;2;0;
24;359;1;2;0;
327;785;1;2;0;
237;765;1;2;0;
146;35;1;2;0;
916;984;1;2;0;
911;778;1;2;0;
454;659;1;2;0;
657;346;1;2;0;
781;551;1;2;0;
16;926;1;2;0;
800;719;1;2;0;
522;655;1;2;0;
416;286;1;2;0;
888;957;1;2;0;
572;556;1;2;0;
747;596;1;2;0;
914;425;1;2;0;
732;502;1;2;0;
190;229;1;2;0;
537;457;1;2;0;
213;799;1;2;0;
586;666;1;2;0;
458;243;1;2;0;
363;590;1;2;0;
145;378;1;2;15019;
945;96;1;2;27;
951;512;1;2;21869;
838;820;1;2;1959;
394;566;1;2;19743;
659;342;1;2;4141;
161;531;1;2;22629;
697;339;1;2;4313;
495;925;1;2;3609;
304;519;1;2;2718;
246;663;1;2;2516;
112;959;1;2;3807;
852;910;1;2;10575;
877;99;1;2;11361;
825;844;1;2;11884;
369;503;1;2;20683;
995;15;1;2;14379;
498;711;1;2;14420;
917;557;1;2;13664;
1;213;1;2;6060;
799;458;1;2;19618;
623;921;1;2;23582;
894;772;1;2;17062;
28;1000;1;2;21507;
981;825;1;2;11072;
851;545;1;2;3850;
62;539;1;2;18978;
804;389;1;2;1371;
237;305;1;2;14347;
945;658;1;2;20769;
172;456;1;2;12141;
413;430;1;2;10226;
612;675;1;2;12805;
73;702;1;2;16744;
984;682;1;2;3499;
738;532;1;2;15566;
347;594;1;2;11581;
617;749;1;2;11924;
950;337;1;2;403;
191;282;1;2;5629;
644;805;1;2;5319;
906;217;1;2;4236;
88;180;1;2;6189;
394;604;1;2;23999;
52;939;1;2;21275;
885;677;1;2;9899;
911;23;1;2;12804;
179;991;1;2;19368;
835;292;1;2;21257;
795;482;1;2;9384;
0;1;117;117;
1;1;477;1477;
2;1;171;2171;
3;1;394;3394;
4;1;234;4234;
5;1;387;5387;
6;1;452;6452;
7;1;322;7322;
8;1;419;8419;
9;1;37;9037;
10;1;67;10067;
11;1;22;11022;
12;1;472;12472;
13;1;470;13470;
14;1;461;14461;
15;1;292;15292;
16;1;355;16355;
17;1;489;17489;
18;1;143;18143;
19;1;117;19117;
