****0****
100
362;560;1;2;0;
455;716;1;2;0;
167;286;1;2;0;
487;440;1;2;0;
611;5;1;2;0;
218;458;1;2;0;
712;96;1;2;0;
298;571;1;2;0;
319;709;1;2;0;
109;283;1;2;0;
30;439;1;2;0;
139;605;1;2;0;
697;476;1;2;0;
587;693;1;2;0;
236;6;1;2;0;
590;597;1;2;0;
167;295;1;2;0;
562;333;1;2;0;
182;650;1;2;0;
374;43;1;2;0;
654;194;1;2;0;
500;218;1;2;0;
289;399;1;2;0;
38;209;1;2;0;
709;498;1;2;0;
93;739;1;2;0;
186;231;1;2;0;
195;485;1;2;0;
706;31;1;2;0;
427;543;1;2;0;
388;267;1;2;0;
390;554;1;2;0;
163;553;1;2;0;
488;696;1;2;0;
55;112;1;2;0;
738;708;1;2;0;
305;90;1;2;0;
527;195;1;2;0;
90;166;1;2;0;
6;49;1;2;0;
663;98;1;2;0;
389;451;1;2;0;
329;583;1;2;0;
185;636;1;2;0;
216;611;1;2;0;
31;603;1;2;0;
479;22;1;2;0;
9;243;1;2;0;
574;496;1;2;0;
189;628;1;2;0;
607;528;1;2;6121;
513;219;1;2;17854;
310;309;1;2;2553;
315;709;1;2;12153;
412;699;1;2;4377;
342;133;1;2;15081;
580;700;1;2;14505;
610;553;1;2;7231;
631;561;1;2;1009;
56;306;1;2;1266;
286;515;1;2;17350;
473;629;1;2;8979;
38;188;1;2;13928;
519;104;1;2;3442;
515;118;1;2;9807;
210;459;1;2;14288;
442;640;1;2;18587;
534;101;1;2;9386;
706;333;1;2;5335;
723;389;1;2;9415;
178;674;1;2;3270;
513;396;1;2;15812;
316;35;1;2;8173;
29;156;1;2;7733;
450;670;1;2;6897;
421;481;1;2;1942;
126;172;1;2;6052;
531;307;1;2;13479;
738;615;1;2;14550;
357;189;1;2;18650;
236;367;1;2;882;
276;481;1;2;18113;
547;46;1;2;5456;
256;74;1;2;16211;
420;125;1;2;18407;
701;147;1;2;3178;
690;272;1;2;10977;
171;405;1;2;12187;
503;392;1;2;1909;
19;351;1;2;5410;
321;586;1;2;5206;
500;463;1;2;12025;
722;260;1;2;10588;
182;117;1;2;13708;
196;138;1;2;6076;
480;88;1;2;4121;
495;27;1;2;8888;
284;550;1;2;1461;
731;654;1;2;3355;
644;672;1;2;1155;
0;1;370;370;
1;1;219;969;
2;1;200;1700;
3;1;65;2315;
4;1;343;3343;
5;1;265;4015;
6;1;239;4739;
7;1;291;5541;
8;1;126;6126;
9;1;61;6811;
10;1;97;7597;
11;1;242;8492;
12;1;330;9330;
13;1;292;10042;
14;1;356;10856;
15;1;303;11553;
16;1;22;12022;
17;1;68;12818;
18;1;46;13546;
19;1;118;14368;
