****4****
100
597;100;1;2;0;
292;163;1;2;0;
10;450;1;2;0;
828;782;1;2;0;
361;328;1;2;0;
700;379;1;2;0;
601;743;1;2;0;
175;240;1;2;0;
793;347;1;2;0;
355;276;1;2;0;
999;244;1;2;0;
793;538;1;2;0;
38;543;1;2;0;
4;529;1;2;0;
163;209;1;2;0;
150;111;1;2;0;
308;793;1;2;0;
274;669;1;2;0;
595;453;1;2;0;
450;955;1;2;0;
132;501;1;2;0;
685;733;1;2;0;
596;859;1;2;0;
972;388;1;2;0;
557;678;1;2;0;
663;907;1;2;0;
273;807;1;2;0;
445;310;1;2;0;
349;800;1;2;0;
838;864;1;2;0;
360;340;1;2;0;
974;19;1;2;0;
484;599;1;2;0;
687;430;1;2;0;
51;489;1;2;0;
384;183;1;2;0;
989;420;1;2;0;
267;584;1;2;0;
278;590;1;2;0;
972;186;1;2;0;
619;986;1;2;0;
93;892;1;2;0;
793;537;1;2;0;
553;493;1;2;0;
688;743;1;2;0;
708;47;1;2;0;
82;682;1;2;0;
65;917;1;2;0;
280;751;1;2;0;
347;683;1;2;0;
239;82;1;2;5990;
580;854;1;2;8567;
163;131;1;2;21931;
486;669;1;2;737;
472;761;1;2;1075;
616;649;1;2;24810;
108;336;1;2;24772;
816;734;1;2;31;
849;150;1;2;11193;
480;900;1;2;15254;
162;491;1;2;14297;
378;70;1;2;12488;
860;584;1;2;13407;
283;70;1;2;14630;
973;541;1;2;16164;
905;508;1;2;17405;
390;967;1;2;16734;
617;134;1;2;14995;
629;982;1;2;18459;
558;814;1;2;3863;
832;975;1;2;19911;
540;353;1;2;24620;
453;564;1;2;11106;
497;847;1;2;22769;
208;171;1;2;11882;
32;75;1;2;10426;
503;817;1;2;21148;
662;785;1;2;1456;
553;414;1;2;8278;
946;971;1;2;8221;
238;154;1;2;13202;
372;46;1;2;8707;
279;498;1;2;3303;
417;994;1;2;18920;
977;554;1;2;6294;
428;585;1;2;20998;
387;439;1;2;10592;
312;100;1;2;4344;
370;653;1;2;22789;
114;598;1;2;8862;
319;187;1;2;570;
851;910;1;2;16707;
86;188;1;2;15263;
885;604;1;2;14140;
234;932;1;2;721;
401;360;1;2;20667;
995;746;1;2;16381;
756;57;1;2;9092;
302;778;1;2;9301;
613;892;1;2;17210;
0;1;394;394;
1;1;62;1062;
2;1;341;2341;
3;1;181;3181;
4;1;264;4264;
5;1;250;5250;
6;1;12;6012;
7;1;350;7350;
8;1;289;8289;
9;1;193;9193;
10;1;86;10086;
11;1;393;11393;
12;1;368;12368;
13;1;320;13320;
14;1;176;14176;
15;1;447;15447;
16;1;72;16072;
17;1;35;17035;
18;1;463;18463;
19;1;66;19066;
