****2****
100
133;120;1;2;0;
173;121;1;2;0;
123;195;1;2;0;
160;169;1;2;0;
130;187;1;2;0;
143;139;1;2;0;
161;159;1;2;0;
167;173;1;2;0;
166;111;1;2;0;
126;169;1;2;0;
103;153;1;2;0;
107;112;1;2;0;
183;165;1;2;0;
139;198;1;2;0;
133;104;1;2;0;
146;118;1;2;0;
125;171;1;2;0;
191;100;1;2;0;
167;151;1;2;0;
169;149;1;2;0;
190;164;1;2;0;
140;152;1;2;0;
123;159;1;2;0;
177;189;1;2;0;
171;155;1;2;0;
110;126;1;2;0;
108;117;1;2;0;
138;143;1;2;0;
135;129;1;2;0;
141;120;1;2;0;
134;140;1;2;0;
190;159;1;2;0;
111;181;1;2;0;
159;130;1;2;0;
133;128;1;2;0;
179;123;1;2;0;
192;171;1;2;0;
127;116;1;2;0;
131;157;1;2;0;
105;154;1;2;0;
112;116;1;2;0;
180;173;1;2;0;
185;170;1;2;0;
168;120;1;2;0;
100;162;1;2;0;
140;134;1;2;0;
102;130;1;2;0;
193;113;1;2;0;
164;152;1;2;0;
144;197;1;2;0;
132;175;1;2;1171;
124;199;1;2;893;
192;130;1;2;1995;
150;184;1;2;2797;
118;116;1;2;2442;
103;186;1;2;3377;
124;186;1;2;2283;
116;120;1;2;2871;
199;165;1;2;1750;
163;169;1;2;3271;
112;101;1;2;2682;
136;178;1;2;3574;
188;170;1;2;1706;
149;120;1;2;2339;
175;190;1;2;1657;
173;194;1;2;2557;
192;118;1;2;2947;
173;186;1;2;114;
156;185;1;2;874;
105;148;1;2;3038;
149;112;1;2;811;
121;149;1;2;985;
192;137;1;2;2374;
145;187;1;2;1468;
182;114;1;2;2052;
187;187;1;2;3365;
179;132;1;2;3615;
157;105;1;2;1229;
107;114;1;2;205;
175;171;1;2;721;
161;172;1;2;948;
100;194;1;2;3421;
169;138;1;2;1531;
160;184;1;2;3747;
172;118;1;2;1614;
127;158;1;2;2687;
175;137;1;2;2842;
142;146;1;2;611;
147;105;1;2;226;
189;181;1;2;1049;
180;142;1;2;1238;
184;194;1;2;1087;
136;115;1;2;754;
126;175;1;2;2971;
107;100;1;2;2910;
150;179;1;2;867;
185;154;1;2;2123;
199;148;1;2;761;
171;147;1;2;3371;
157;137;1;2;3324;
0;1;15;15;
1;1;68;218;
2;1;43;343;
3;1;70;520;
4;1;2;602;
5;1;64;814;
6;1;45;945;
7;1;64;1114;
8;1;4;1204;
9;1;34;1384;
10;1;65;1565;
11;1;31;1681;
12;1;9;1809;
13;1;25;1975;
14;1;31;2131;
15;1;28;2278;
16;1;2;2402;
17;1;62;2612;
18;1;29;2729;
19;1;12;2862;
