****16****
100
140;151;1;2;0;
102;155;1;2;0;
126;144;1;2;0;
102;119;1;2;0;
164;171;1;2;0;
165;134;1;2;0;
149;180;1;2;0;
117;118;1;2;0;
118;181;1;2;0;
155;179;1;2;0;
186;125;1;2;0;
132;160;1;2;0;
159;107;1;2;0;
124;117;1;2;0;
139;128;1;2;0;
103;131;1;2;0;
179;106;1;2;0;
186;157;1;2;0;
150;188;1;2;0;
176;114;1;2;0;
159;141;1;2;0;
101;160;1;2;0;
173;118;1;2;0;
178;191;1;2;0;
151;134;1;2;0;
123;190;1;2;0;
159;155;1;2;0;
102;119;1;2;0;
115;178;1;2;0;
136;106;1;2;0;
106;140;1;2;0;
137;137;1;2;0;
198;124;1;2;0;
194;148;1;2;0;
164;170;1;2;0;
114;176;1;2;0;
163;167;1;2;0;
136;136;1;2;0;
185;115;1;2;0;
180;189;1;2;0;
149;155;1;2;0;
179;160;1;2;0;
162;133;1;2;0;
131;177;1;2;0;
111;120;1;2;0;
183;117;1;2;0;
160;173;1;2;0;
106;110;1;2;0;
197;100;1;2;0;
110;161;1;2;0;
122;124;1;2;3102;
185;192;1;2;1638;
173;129;1;2;2267;
105;118;1;2;1111;
160;149;1;2;2579;
123;182;1;2;180;
152;193;1;2;859;
136;162;1;2;977;
109;168;1;2;2891;
158;120;1;2;3692;
171;142;1;2;1978;
161;179;1;2;222;
187;105;1;2;1179;
180;110;1;2;3;
174;171;1;2;1846;
128;146;1;2;1812;
166;198;1;2;2731;
172;186;1;2;3151;
190;147;1;2;347;
170;105;1;2;3604;
160;129;1;2;2479;
175;142;1;2;3467;
185;181;1;2;3204;
125;161;1;2;3544;
136;187;1;2;696;
196;167;1;2;338;
190;134;1;2;1729;
130;106;1;2;2276;
185;149;1;2;3243;
108;119;1;2;3222;
103;180;1;2;2722;
141;107;1;2;2457;
163;192;1;2;314;
189;170;1;2;3673;
126;106;1;2;3;
186;154;1;2;1774;
144;144;1;2;3027;
149;127;1;2;2232;
144;112;1;2;2754;
134;120;1;2;2706;
182;123;1;2;2030;
159;117;1;2;315;
130;132;1;2;173;
182;121;1;2;3117;
147;148;1;2;2676;
199;186;1;2;3420;
119;131;1;2;3410;
172;132;1;2;1627;
184;176;1;2;195;
197;110;1;2;488;
0;1;56;56;
1;1;71;221;
2;1;32;332;
3;1;45;495;
4;1;7;607;
5;1;1;751;
6;1;19;919;
7;1;63;1113;
8;1;60;1260;
9;1;12;1362;
10;1;47;1547;
11;1;31;1681;
12;1;50;1850;
13;1;70;2020;
14;1;56;2156;
15;1;71;2321;
16;1;44;2444;
17;1;20;2570;
18;1;21;2721;
19;1;63;2913;
