****10****
100
177;174;1;2;0;
123;184;1;2;0;
134;127;1;2;0;
188;196;1;2;0;
131;197;1;2;0;
104;162;1;2;0;
116;128;1;2;0;
140;104;1;2;0;
199;126;1;2;0;
104;155;1;2;0;
165;178;1;2;0;
189;127;1;2;0;
160;187;1;2;0;
159;196;1;2;0;
113;113;1;2;0;
102;143;1;2;0;
187;178;1;2;0;
127;121;1;2;0;
105;168;1;2;0;
118;137;1;2;0;
165;174;1;2;0;
151;182;1;2;0;
102;192;1;2;0;
186;153;1;2;0;
118;143;1;2;0;
160;136;1;2;0;
173;150;1;2;0;
163;185;1;2;0;
137;123;1;2;0;
181;103;1;2;0;
136;135;1;2;0;
146;175;1;2;0;
113;125;1;2;0;
149;171;1;2;0;
193;167;1;2;0;
160;159;1;2;0;
193;111;1;2;0;
141;147;1;2;0;
155;179;1;2;0;
100;126;1;2;0;
174;160;1;2;0;
162;199;1;2;0;
110;125;1;2;0;
184;100;1;2;0;
100;117;1;2;0;
103;188;1;2;0;
105;101;1;2;0;
116;170;1;2;0;
126;165;1;2;0;
141;120;1;2;0;
184;153;1;2;1630;
177;117;1;2;2982;
124;172;1;2;1557;
176;198;1;2;2062;
136;112;1;2;3163;
199;190;1;2;2774;
199;190;1;2;2339;
154;131;1;2;1049;
155;147;1;2;2595;
181;112;1;2;3138;
101;196;1;2;1001;
132;125;1;2;3003;
156;149;1;2;3645;
160;125;1;2;2480;
190;113;1;2;3437;
119;164;1;2;3411;
185;163;1;2;1967;
121;169;1;2;3494;
161;124;1;2;2962;
172;106;1;2;2767;
177;159;1;2;1273;
187;144;1;2;1395;
114;152;1;2;492;
165;112;1;2;2653;
167;154;1;2;2650;
182;174;1;2;1454;
186;111;1;2;785;
181;132;1;2;2097;
159;194;1;2;3231;
184;166;1;2;1675;
173;195;1;2;1372;
158;134;1;2;1562;
120;100;1;2;1476;
131;118;1;2;284;
119;185;1;2;46;
121;167;1;2;176;
139;154;1;2;32;
120;187;1;2;2979;
123;147;1;2;177;
151;183;1;2;3085;
136;109;1;2;2225;
181;119;1;2;2686;
174;140;1;2;994;
120;171;1;2;1131;
178;191;1;2;2853;
190;164;1;2;1067;
129;103;1;2;548;
179;175;1;2;1901;
161;199;1;2;90;
190;102;1;2;1828;
0;1;36;36;
1;1;39;189;
2;1;38;338;
3;1;28;478;
4;1;48;648;
5;1;58;808;
6;1;5;905;
7;1;72;1122;
8;1;50;1250;
9;1;60;1410;
10;1;67;1567;
11;1;73;1723;
12;1;57;1857;
13;1;72;2022;
14;1;14;2114;
15;1;67;2317;
16;1;15;2415;
17;1;30;2580;
18;1;18;2718;
19;1;44;2894;
