****9****
100
126;106;1;2;0;
124;193;1;2;0;
197;197;1;2;0;
111;191;1;2;0;
144;190;1;2;0;
177;193;1;2;0;
171;122;1;2;0;
102;131;1;2;0;
131;181;1;2;0;
173;109;1;2;0;
169;190;1;2;0;
111;136;1;2;0;
197;164;1;2;0;
127;176;1;2;0;
168;116;1;2;0;
199;194;1;2;0;
175;123;1;2;0;
140;172;1;2;0;
173;151;1;2;0;
163;117;1;2;0;
141;192;1;2;0;
162;113;1;2;0;
115;165;1;2;0;
196;198;1;2;0;
198;169;1;2;0;
107;167;1;2;0;
112;118;1;2;0;
104;109;1;2;0;
134;183;1;2;0;
138;103;1;2;0;
151;137;1;2;0;
149;126;1;2;0;
113;189;1;2;0;
150;186;1;2;0;
193;113;1;2;0;
155;186;1;2;0;
158;170;1;2;0;
199;173;1;2;0;
135;148;1;2;0;
123;133;1;2;0;
169;130;1;2;0;
100;181;1;2;0;
101;156;1;2;0;
143;135;1;2;0;
139;181;1;2;0;
190;143;1;2;0;
170;192;1;2;0;
169;183;1;2;0;
133;120;1;2;0;
121;126;1;2;0;
185;129;1;2;1178;
143;199;1;2;751;
168;134;1;2;1528;
191;119;1;2;3728;
174;119;1;2;1581;
175;128;1;2;890;
162;119;1;2;1753;
105;162;1;2;3474;
197;132;1;2;394;
130;104;1;2;3610;
109;189;1;2;2844;
174;133;1;2;791;
138;101;1;2;1904;
103;145;1;2;3433;
137;119;1;2;692;
104;146;1;2;1378;
115;160;1;2;591;
106;165;1;2;1330;
120;114;1;2;135;
118;145;1;2;3106;
189;106;1;2;981;
189;180;1;2;2752;
188;118;1;2;1904;
173;173;1;2;2322;
125;110;1;2;3137;
100;167;1;2;1508;
104;182;1;2;3044;
179;188;1;2;1439;
168;109;1;2;1967;
190;179;1;2;2207;
167;168;1;2;3495;
134;157;1;2;869;
134;197;1;2;3609;
140;170;1;2;3689;
190;195;1;2;2111;
160;147;1;2;1820;
175;103;1;2;1317;
103;134;1;2;3718;
197;103;1;2;1243;
105;145;1;2;1789;
158;112;1;2;437;
169;147;1;2;31;
160;133;1;2;1362;
121;125;1;2;194;
156;116;1;2;1322;
154;176;1;2;1687;
118;151;1;2;1642;
117;155;1;2;414;
104;152;1;2;2059;
152;157;1;2;1599;
0;1;32;32;
1;1;68;218;
2;1;48;348;
3;1;29;479;
4;1;64;664;
5;1;47;797;
6;1;60;960;
7;1;51;1101;
8;1;57;1257;
9;1;38;1388;
10;1;22;1522;
11;1;8;1658;
12;1;38;1838;
13;1;6;1956;
14;1;49;2149;
15;1;58;2308;
16;1;12;2412;
17;1;50;2600;
18;1;52;2752;
19;1;32;2882;
