****1****
100
198;194;1;2;0;
132;103;1;2;0;
109;196;1;2;0;
122;114;1;2;0;
188;112;1;2;0;
118;147;1;2;0;
180;110;1;2;0;
139;174;1;2;0;
190;122;1;2;0;
131;138;1;2;0;
150;112;1;2;0;
117;136;1;2;0;
130;174;1;2;0;
155;174;1;2;0;
170;164;1;2;0;
132;121;1;2;0;
110;116;1;2;0;
176;119;1;2;0;
112;198;1;2;0;
185;152;1;2;0;
162;103;1;2;0;
100;142;1;2;0;
113;139;1;2;0;
169;156;1;2;0;
161;100;1;2;0;
194;163;1;2;0;
164;163;1;2;0;
199;146;1;2;0;
137;106;1;2;0;
172;107;1;2;0;
122;156;1;2;0;
180;133;1;2;0;
173;157;1;2;0;
104;137;1;2;0;
155;190;1;2;0;
190;170;1;2;0;
145;190;1;2;0;
164;111;1;2;0;
129;133;1;2;0;
119;142;1;2;0;
186;113;1;2;0;
157;102;1;2;0;
128;108;1;2;0;
149;165;1;2;0;
114;173;1;2;0;
124;136;1;2;0;
130;105;1;2;0;
121;103;1;2;0;
114;126;1;2;0;
140;169;1;2;0;
168;182;1;2;503;
165;172;1;2;2835;
176;153;1;2;3018;
147;147;1;2;1172;
160;104;1;2;3467;
188;112;1;2;1040;
105;178;1;2;1189;
182;167;1;2;1348;
139;188;1;2;124;
153;114;1;2;268;
174;134;1;2;1700;
166;100;1;2;687;
174;128;1;2;1655;
115;176;1;2;2024;
195;188;1;2;3285;
129;129;1;2;2374;
112;134;1;2;975;
168;168;1;2;3619;
155;159;1;2;2508;
148;112;1;2;1141;
182;139;1;2;1597;
199;157;1;2;1124;
188;131;1;2;2800;
134;198;1;2;2148;
176;145;1;2;477;
127;174;1;2;1833;
190;186;1;2;794;
131;107;1;2;3331;
192;114;1;2;1190;
141;162;1;2;3407;
104;145;1;2;3193;
154;144;1;2;25;
104;184;1;2;1516;
183;118;1;2;2155;
189;147;1;2;3116;
184;174;1;2;1724;
108;164;1;2;48;
119;147;1;2;2000;
150;139;1;2;1427;
140;180;1;2;2204;
143;137;1;2;3573;
137;191;1;2;759;
188;196;1;2;924;
122;131;1;2;1973;
155;172;1;2;1151;
181;157;1;2;2771;
133;165;1;2;678;
124;136;1;2;1987;
122;186;1;2;1790;
182;127;1;2;1231;
0;1;33;33;
1;1;73;223;
2;1;14;314;
3;1;4;454;
4;1;38;638;
5;1;6;756;
6;1;68;968;
7;1;3;1053;
8;1;54;1254;
9;1;17;1367;
10;1;51;1551;
11;1;62;1712;
12;1;35;1835;
13;1;6;1956;
14;1;9;2109;
15;1;50;2300;
16;1;39;2439;
17;1;18;2568;
18;1;14;2714;
19;1;24;2874;
