****6****
100
153;145;1;2;0;
127;145;1;2;0;
150;195;1;2;0;
167;119;1;2;0;
173;133;1;2;0;
105;145;1;2;0;
182;196;1;2;0;
150;143;1;2;0;
148;158;1;2;0;
122;150;1;2;0;
138;150;1;2;0;
147;147;1;2;0;
198;113;1;2;0;
195;145;1;2;0;
116;120;1;2;0;
138;169;1;2;0;
117;165;1;2;0;
166;168;1;2;0;
160;186;1;2;0;
139;185;1;2;0;
171;144;1;2;0;
131;154;1;2;0;
141;181;1;2;0;
149;141;1;2;0;
191;171;1;2;0;
144;129;1;2;0;
121;191;1;2;0;
129;171;1;2;0;
156;124;1;2;0;
116;172;1;2;0;
197;155;1;2;0;
142;114;1;2;0;
172;160;1;2;0;
134;185;1;2;0;
198;173;1;2;0;
170;170;1;2;0;
170;101;1;2;0;
124;163;1;2;0;
134;125;1;2;0;
104;126;1;2;0;
196;148;1;2;0;
155;117;1;2;0;
191;136;1;2;0;
188;148;1;2;0;
161;157;1;2;0;
172;110;1;2;0;
164;114;1;2;0;
124;188;1;2;0;
127;159;1;2;0;
173;125;1;2;0;
184;144;1;2;3724;
154;145;1;2;2079;
117;180;1;2;1474;
122;158;1;2;388;
122;165;1;2;2522;
114;102;1;2;3292;
114;163;1;2;305;
186;173;1;2;2884;
153;149;1;2;2684;
180;160;1;2;678;
157;145;1;2;2663;
105;199;1;2;949;
176;117;1;2;3052;
125;191;1;2;182;
117;113;1;2;3512;
131;179;1;2;88;
133;145;1;2;1649;
144;132;1;2;1156;
171;137;1;2;3703;
186;117;1;2;2148;
127;126;1;2;2716;
160;131;1;2;1634;
143;160;1;2;2661;
157;185;1;2;2189;
178;154;1;2;1956;
116;185;1;2;3474;
156;170;1;2;530;
111;114;1;2;862;
139;137;1;2;2267;
168;176;1;2;2376;
110;103;1;2;3145;
145;116;1;2;3522;
132;111;1;2;472;
187;168;1;2;1945;
186;198;1;2;3216;
150;114;1;2;2031;
193;122;1;2;318;
134;133;1;2;3497;
107;172;1;2;808;
117;193;1;2;1077;
148;103;1;2;204;
154;101;1;2;3240;
195;185;1;2;2606;
196;172;1;2;2716;
134;110;1;2;2392;
126;160;1;2;2755;
104;154;1;2;2868;
105;140;1;2;627;
172;148;1;2;2303;
176;117;1;2;345;
0;1;35;35;
1;1;17;167;
2;1;53;353;
3;1;21;471;
4;1;23;623;
5;1;56;806;
6;1;25;925;
7;1;68;1118;
8;1;66;1266;
9;1;65;1415;
10;1;41;1541;
11;1;66;1716;
12;1;23;1823;
13;1;75;2025;
14;1;1;2101;
15;1;30;2280;
16;1;1;2401;
17;1;12;2562;
18;1;27;2727;
19;1;6;2856;
