****13****
100
135;197;1;2;0;
138;197;1;2;0;
112;185;1;2;0;
136;186;1;2;0;
165;198;1;2;0;
196;154;1;2;0;
155;179;1;2;0;
156;166;1;2;0;
113;161;1;2;0;
165;158;1;2;0;
175;106;1;2;0;
139;137;1;2;0;
141;172;1;2;0;
164;132;1;2;0;
130;146;1;2;0;
105;165;1;2;0;
195;195;1;2;0;
162;107;1;2;0;
132;150;1;2;0;
193;198;1;2;0;
148;141;1;2;0;
104;155;1;2;0;
121;160;1;2;0;
121;186;1;2;0;
174;138;1;2;0;
196;101;1;2;0;
145;135;1;2;0;
138;138;1;2;0;
108;102;1;2;0;
122;190;1;2;0;
100;128;1;2;0;
107;195;1;2;0;
175;121;1;2;0;
155;108;1;2;0;
171;100;1;2;0;
158;120;1;2;0;
142;162;1;2;0;
127;115;1;2;0;
175;149;1;2;0;
101;101;1;2;0;
139;198;1;2;0;
102;184;1;2;0;
133;192;1;2;0;
175;193;1;2;0;
194;197;1;2;0;
135;146;1;2;0;
177;142;1;2;0;
141;105;1;2;0;
163;148;1;2;0;
113;187;1;2;0;
149;123;1;2;1855;
143;185;1;2;3520;
158;112;1;2;3259;
159;113;1;2;1589;
109;115;1;2;929;
143;107;1;2;706;
188;153;1;2;3591;
124;199;1;2;56;
118;193;1;2;2413;
134;193;1;2;2220;
121;142;1;2;923;
180;185;1;2;1003;
166;195;1;2;3122;
154;155;1;2;2894;
133;116;1;2;1214;
196;111;1;2;2590;
135;100;1;2;234;
123;176;1;2;2338;
140;146;1;2;2218;
111;180;1;2;2891;
146;153;1;2;3583;
157;133;1;2;362;
153;152;1;2;32;
161;158;1;2;2695;
135;191;1;2;2410;
177;139;1;2;940;
126;174;1;2;2405;
132;149;1;2;2506;
138;190;1;2;655;
189;153;1;2;139;
134;151;1;2;1339;
121;108;1;2;2026;
197;161;1;2;2303;
117;175;1;2;317;
144;110;1;2;46;
140;139;1;2;1392;
195;165;1;2;1312;
154;150;1;2;1006;
189;188;1;2;532;
170;178;1;2;2303;
184;164;1;2;11;
152;137;1;2;718;
105;134;1;2;1678;
110;152;1;2;2261;
125;148;1;2;583;
183;140;1;2;1611;
180;135;1;2;1793;
152;141;1;2;1365;
178;130;1;2;276;
193;153;1;2;743;
0;1;65;65;
1;1;13;163;
2;1;1;301;
3;1;37;487;
4;1;15;615;
5;1;38;788;
6;1;19;919;
7;1;72;1122;
8;1;72;1272;
9;1;65;1415;
10;1;7;1507;
11;1;26;1676;
12;1;63;1863;
13;1;59;2009;
14;1;27;2127;
15;1;47;2297;
16;1;17;2417;
17;1;17;2567;
18;1;22;2722;
19;1;25;2875;
