****7****
100
117;197;1;2;0;
137;109;1;2;0;
101;109;1;2;0;
157;130;1;2;0;
137;127;1;2;0;
104;146;1;2;0;
193;134;1;2;0;
143;165;1;2;0;
164;192;1;2;0;
184;180;1;2;0;
156;199;1;2;0;
120;104;1;2;0;
148;170;1;2;0;
133;175;1;2;0;
133;111;1;2;0;
107;102;1;2;0;
160;144;1;2;0;
112;162;1;2;0;
105;121;1;2;0;
144;143;1;2;0;
148;149;1;2;0;
141;141;1;2;0;
183;185;1;2;0;
158;147;1;2;0;
129;194;1;2;0;
179;138;1;2;0;
193;199;1;2;0;
142;193;1;2;0;
122;127;1;2;0;
169;107;1;2;0;
191;176;1;2;0;
162;151;1;2;0;
173;174;1;2;0;
165;178;1;2;0;
147;110;1;2;0;
173;196;1;2;0;
111;115;1;2;0;
189;146;1;2;0;
152;148;1;2;0;
145;181;1;2;0;
142;125;1;2;0;
119;188;1;2;0;
176;113;1;2;0;
133;150;1;2;0;
193;154;1;2;0;
158;184;1;2;0;
183;120;1;2;0;
187;156;1;2;0;
146;153;1;2;0;
186;193;1;2;0;
115;160;1;2;921;
178;127;1;2;2886;
176;179;1;2;3725;
121;112;1;2;1918;
198;184;1;2;3167;
175;197;1;2;902;
125;190;1;2;931;
135;126;1;2;3114;
155;114;1;2;3106;
153;119;1;2;686;
199;186;1;2;3441;
140;116;1;2;3200;
171;192;1;2;1117;
154;113;1;2;2907;
180;112;1;2;994;
193;139;1;2;2351;
192;164;1;2;2804;
146;100;1;2;1942;
182;107;1;2;431;
127;113;1;2;1027;
158;112;1;2;3355;
101;152;1;2;3144;
171;176;1;2;2318;
120;182;1;2;490;
133;162;1;2;889;
179;108;1;2;1078;
126;100;1;2;1123;
163;198;1;2;2979;
131;133;1;2;954;
113;112;1;2;1353;
114;122;1;2;1150;
105;123;1;2;2629;
112;194;1;2;1173;
159;166;1;2;507;
124;199;1;2;162;
100;130;1;2;1942;
168;156;1;2;1971;
100;172;1;2;3571;
184;103;1;2;1326;
127;117;1;2;732;
136;183;1;2;86;
104;141;1;2;440;
129;153;1;2;1243;
182;113;1;2;3612;
118;189;1;2;563;
116;189;1;2;3318;
122;157;1;2;249;
180;109;1;2;1999;
189;145;1;2;284;
131;125;1;2;2009;
0;1;38;38;
1;1;12;162;
2;1;34;334;
3;1;16;466;
4;1;18;618;
5;1;50;800;
6;1;19;919;
7;1;75;1125;
8;1;4;1204;
9;1;41;1391;
10;1;57;1557;
11;1;69;1719;
12;1;6;1806;
13;1;50;2000;
14;1;33;2133;
15;1;21;2271;
16;1;41;2441;
17;1;49;2599;
18;1;66;2766;
19;1;65;2915;
