****12****
100
130;116;1;2;0;
137;152;1;2;0;
140;151;1;2;0;
197;177;1;2;0;
193;154;1;2;0;
157;124;1;2;0;
102;122;1;2;0;
177;116;1;2;0;
132;128;1;2;0;
102;140;1;2;0;
178;131;1;2;0;
172;161;1;2;0;
142;131;1;2;0;
135;158;1;2;0;
143;109;1;2;0;
193;125;1;2;0;
125;182;1;2;0;
177;118;1;2;0;
133;127;1;2;0;
195;126;1;2;0;
181;105;1;2;0;
102;136;1;2;0;
127;179;1;2;0;
152;111;1;2;0;
160;107;1;2;0;
151;138;1;2;0;
138;175;1;2;0;
199;132;1;2;0;
158;134;1;2;0;
142;153;1;2;0;
143;188;1;2;0;
178;121;1;2;0;
170;107;1;2;0;
139;156;1;2;0;
186;186;1;2;0;
134;120;1;2;0;
191;137;1;2;0;
156;118;1;2;0;
168;160;1;2;0;
181;128;1;2;0;
167;132;1;2;0;
166;157;1;2;0;
159;117;1;2;0;
142;117;1;2;0;
103;184;1;2;0;
122;147;1;2;0;
172;152;1;2;0;
120;195;1;2;0;
160;159;1;2;0;
151;198;1;2;0;
145;185;1;2;3604;
137;174;1;2;2841;
107;143;1;2;2079;
189;123;1;2;3009;
173;142;1;2;2259;
133;159;1;2;1400;
102;163;1;2;3299;
125;162;1;2;3225;
177;182;1;2;388;
189;193;1;2;544;
188;190;1;2;3488;
106;179;1;2;2557;
133;187;1;2;3622;
172;128;1;2;454;
126;153;1;2;2232;
190;186;1;2;1452;
196;141;1;2;1081;
139;166;1;2;47;
106;195;1;2;2674;
168;185;1;2;1653;
133;125;1;2;2960;
183;183;1;2;2258;
112;168;1;2;3064;
184;140;1;2;566;
180;167;1;2;3161;
169;109;1;2;1243;
170;106;1;2;1858;
134;197;1;2;3245;
112;103;1;2;3137;
176;171;1;2;619;
181;104;1;2;2672;
129;139;1;2;3010;
108;152;1;2;2084;
174;136;1;2;1975;
168;168;1;2;3302;
167;138;1;2;2184;
153;160;1;2;1049;
132;195;1;2;1142;
177;159;1;2;2964;
170;136;1;2;2125;
147;169;1;2;2920;
150;150;1;2;2698;
188;158;1;2;264;
142;184;1;2;2991;
189;152;1;2;82;
155;172;1;2;243;
131;177;1;2;1175;
164;110;1;2;1571;
195;139;1;2;116;
180;109;1;2;2207;
0;1;38;38;
1;1;8;158;
2;1;57;357;
3;1;25;475;
4;1;35;635;
5;1;60;810;
6;1;6;906;
7;1;23;1073;
8;1;20;1220;
9;1;39;1389;
10;1;67;1567;
11;1;5;1655;
12;1;11;1811;
13;1;34;1984;
14;1;9;2109;
15;1;26;2276;
16;1;66;2466;
17;1;56;2606;
18;1;33;2733;
19;1;74;2924;
