****0****
100
173;198;1;2;0;
138;165;1;2;0;
148;102;1;2;0;
102;186;1;2;0;
147;178;1;2;0;
148;190;1;2;0;
194;111;1;2;0;
135;134;1;2;0;
135;182;1;2;0;
178;186;1;2;0;
125;134;1;2;0;
124;168;1;2;0;
139;145;1;2;0;
170;184;1;2;0;
132;111;1;2;0;
166;157;1;2;0;
110;104;1;2;0;
122;110;1;2;0;
158;176;1;2;0;
148;158;1;2;0;
106;197;1;2;0;
148;100;1;2;0;
160;135;1;2;0;
186;148;1;2;0;
117;164;1;2;0;
134;142;1;2;0;
151;159;1;2;0;
162;190;1;2;0;
104;185;1;2;0;
174;188;1;2;0;
196;193;1;2;0;
198;158;1;2;0;
197;172;1;2;0;
168;108;1;2;0;
101;117;1;2;0;
166;107;1;2;0;
166;166;1;2;0;
160;126;1;2;0;
101;198;1;2;0;
174;170;1;2;0;
163;109;1;2;0;
165;166;1;2;0;
168;127;1;2;0;
156;124;1;2;0;
164;183;1;2;0;
165;161;1;2;0;
176;163;1;2;0;
119;125;1;2;0;
187;140;1;2;0;
185;188;1;2;0;
109;151;1;2;3343;
175;117;1;2;3416;
101;170;1;2;3707;
128;141;1;2;465;
189;106;1;2;314;
109;185;1;2;2454;
185;150;1;2;605;
150;163;1;2;1273;
165;134;1;2;1862;
153;174;1;2;3718;
141;183;1;2;977;
189;110;1;2;3321;
149;164;1;2;2961;
108;192;1;2;1365;
181;181;1;2;421;
173;142;1;2;2652;
121;127;1;2;1059;
152;178;1;2;1421;
163;143;1;2;1207;
199;148;1;2;2194;
121;190;1;2;2634;
147;131;1;2;2326;
142;133;1;2;2894;
107;193;1;2;566;
114;126;1;2;1784;
130;199;1;2;2728;
132;120;1;2;3212;
188;124;1;2;2739;
155;139;1;2;1749;
109;139;1;2;1060;
137;112;1;2;1489;
100;159;1;2;2628;
126;101;1;2;390;
164;109;1;2;1207;
194;175;1;2;2820;
109;157;1;2;767;
114;142;1;2;3640;
199;130;1;2;2155;
161;138;1;2;1334;
119;147;1;2;652;
178;136;1;2;2465;
126;188;1;2;2971;
158;115;1;2;1742;
175;131;1;2;1738;
185;126;1;2;1936;
174;187;1;2;2757;
114;154;1;2;714;
174;105;1;2;1979;
163;166;1;2;2859;
140;138;1;2;3535;
0;1;35;35;
1;1;42;192;
2;1;41;341;
3;1;40;490;
4;1;45;645;
5;1;31;781;
6;1;9;909;
7;1;6;1056;
8;1;73;1273;
9;1;54;1404;
10;1;6;1506;
11;1;5;1655;
12;1;10;1810;
13;1;69;2019;
14;1;8;2108;
15;1;18;2268;
16;1;68;2468;
17;1;20;2570;
18;1;60;2760;
19;1;32;2882;
