****4****
100
34;135;1;2;0;
127;85;1;2;0;
150;36;1;2;0;
115;65;1;2;0;
58;5;1;2;0;
65;139;1;2;0;
69;128;1;2;0;
3;99;1;2;0;
19;40;1;2;0;
143;20;1;2;0;
120;136;1;2;0;
109;10;1;2;0;
83;39;1;2;0;
64;72;1;2;0;
114;15;1;2;0;
95;147;1;2;0;
52;71;1;2;0;
133;51;1;2;0;
106;97;1;2;0;
17;65;1;2;0;
3;134;1;2;0;
54;123;1;2;0;
13;56;1;2;0;
124;31;1;2;0;
95;116;1;2;0;
103;64;1;2;0;
101;61;1;2;0;
126;33;1;2;0;
2;39;1;2;0;
104;115;1;2;0;
106;48;1;2;0;
111;7;1;2;0;
21;146;1;2;0;
57;126;1;2;0;
92;126;1;2;0;
41;95;1;2;0;
109;146;1;2;0;
119;23;1;2;0;
51;92;1;2;0;
53;48;1;2;0;
57;5;1;2;0;
111;8;1;2;0;
118;138;1;2;0;
92;119;1;2;0;
79;98;1;2;0;
83;34;1;2;0;
145;95;1;2;0;
40;67;1;2;0;
90;148;1;2;0;
95;84;1;2;0;
123;37;1;2;2903;
133;32;1;2;3095;
5;82;1;2;2760;
110;129;1;2;811;
16;142;1;2;3730;
35;31;1;2;2715;
3;109;1;2;1163;
137;142;1;2;297;
82;83;1;2;2551;
73;133;1;2;2271;
6;7;1;2;264;
85;140;1;2;774;
133;46;1;2;3549;
122;57;1;2;3482;
17;73;1;2;925;
24;107;1;2;3153;
70;12;1;2;1482;
115;50;1;2;1360;
4;131;1;2;31;
12;106;1;2;3150;
114;111;1;2;1980;
50;98;1;2;1025;
69;80;1;2;224;
72;103;1;2;2358;
53;21;1;2;1453;
77;44;1;2;1208;
131;113;1;2;3677;
46;129;1;2;732;
5;133;1;2;2148;
46;46;1;2;3128;
121;10;1;2;3066;
150;111;1;2;2477;
123;30;1;2;3429;
43;3;1;2;3569;
19;55;1;2;1320;
68;33;1;2;411;
27;65;1;2;1170;
147;13;1;2;1007;
16;17;1;2;1583;
68;114;1;2;1698;
75;84;1;2;1233;
95;135;1;2;3176;
113;9;1;2;1827;
61;51;1;2;2432;
110;70;1;2;636;
82;39;1;2;1450;
46;117;1;2;2915;
76;113;1;2;2761;
84;128;1;2;1322;
75;46;1;2;1018;
0;1;13;13;
1;1;22;172;
2;1;72;372;
3;1;35;485;
4;1;18;618;
5;1;33;783;
6;1;17;917;
7;1;56;1106;
8;1;42;1242;
9;1;6;1356;
10;1;18;1518;
11;1;17;1667;
12;1;71;1871;
13;1;29;1979;
14;1;63;2163;
15;1;18;2268;
16;1;36;2436;
17;1;3;2553;
18;1;71;2771;
19;1;58;2908;
