****8****
100
133;193;1;2;0;
122;142;1;2;0;
119;111;1;2;0;
188;100;1;2;0;
195;165;1;2;0;
198;184;1;2;0;
126;131;1;2;0;
150;195;1;2;0;
158;118;1;2;0;
194;186;1;2;0;
136;176;1;2;0;
179;116;1;2;0;
127;113;1;2;0;
163;195;1;2;0;
136;103;1;2;0;
184;169;1;2;0;
149;158;1;2;0;
112;168;1;2;0;
122;152;1;2;0;
168;117;1;2;0;
117;118;1;2;0;
153;143;1;2;0;
101;103;1;2;0;
138;159;1;2;0;
174;185;1;2;0;
197;162;1;2;0;
161;128;1;2;0;
130;140;1;2;0;
141;194;1;2;0;
135;178;1;2;0;
149;172;1;2;0;
147;198;1;2;0;
130;159;1;2;0;
166;152;1;2;0;
163;186;1;2;0;
121;180;1;2;0;
156;175;1;2;0;
175;110;1;2;0;
130;166;1;2;0;
121;156;1;2;0;
151;119;1;2;0;
118;164;1;2;0;
147;149;1;2;0;
104;189;1;2;0;
195;192;1;2;0;
167;144;1;2;0;
164;166;1;2;0;
195;146;1;2;0;
178;161;1;2;0;
151;141;1;2;0;
100;172;1;2;2154;
108;199;1;2;1248;
118;130;1;2;2709;
140;138;1;2;2330;
111;157;1;2;3405;
110;158;1;2;1719;
199;105;1;2;3408;
118;149;1;2;1808;
137;144;1;2;947;
115;158;1;2;3049;
108;110;1;2;1445;
182;118;1;2;2194;
184;189;1;2;3150;
151;129;1;2;74;
122;192;1;2;1139;
156;102;1;2;3118;
147;154;1;2;506;
182;124;1;2;38;
181;161;1;2;1656;
179;176;1;2;1629;
127;185;1;2;1393;
152;119;1;2;2718;
125;103;1;2;164;
131;155;1;2;3250;
176;177;1;2;1825;
178;185;1;2;513;
190;133;1;2;722;
107;115;1;2;3695;
126;149;1;2;2148;
141;128;1;2;751;
166;107;1;2;2862;
101;160;1;2;3133;
106;137;1;2;422;
153;168;1;2;2553;
128;145;1;2;2992;
148;123;1;2;367;
170;166;1;2;147;
146;173;1;2;1989;
146;151;1;2;200;
160;192;1;2;840;
151;158;1;2;1846;
130;111;1;2;3635;
177;118;1;2;3289;
128;123;1;2;1569;
185;151;1;2;1274;
172;199;1;2;2181;
144;169;1;2;1267;
149;167;1;2;400;
173;166;1;2;3371;
195;126;1;2;1943;
0;1;49;49;
1;1;55;205;
2;1;71;371;
3;1;58;508;
4;1;61;661;
5;1;7;757;
6;1;54;954;
7;1;15;1065;
8;1;27;1227;
9;1;12;1362;
10;1;43;1543;
11;1;50;1700;
12;1;41;1841;
13;1;6;1956;
14;1;4;2104;
15;1;41;2291;
16;1;3;2403;
17;1;5;2555;
18;1;65;2765;
19;1;74;2924;
