****5****
100
167;186;1;2;0;
107;111;1;2;0;
178;154;1;2;0;
188;133;1;2;0;
171;172;1;2;0;
135;129;1;2;0;
128;190;1;2;0;
133;135;1;2;0;
142;170;1;2;0;
157;164;1;2;0;
168;160;1;2;0;
128;190;1;2;0;
133;124;1;2;0;
162;133;1;2;0;
147;193;1;2;0;
108;166;1;2;0;
180;115;1;2;0;
129;110;1;2;0;
170;117;1;2;0;
195;193;1;2;0;
189;130;1;2;0;
122;169;1;2;0;
173;108;1;2;0;
157;115;1;2;0;
130;114;1;2;0;
179;198;1;2;0;
126;159;1;2;0;
140;111;1;2;0;
184;102;1;2;0;
196;183;1;2;0;
196;104;1;2;0;
150;128;1;2;0;
120;179;1;2;0;
138;142;1;2;0;
149;133;1;2;0;
135;138;1;2;0;
115;157;1;2;0;
160;188;1;2;0;
165;117;1;2;0;
156;196;1;2;0;
183;187;1;2;0;
194;109;1;2;0;
147;187;1;2;0;
120;131;1;2;0;
189;168;1;2;0;
166;137;1;2;0;
172;116;1;2;0;
165;192;1;2;0;
148;103;1;2;0;
134;149;1;2;0;
188;121;1;2;671;
156;179;1;2;3747;
144;196;1;2;359;
152;192;1;2;11;
140;139;1;2;1616;
139;178;1;2;2750;
122;167;1;2;827;
188;105;1;2;994;
157;170;1;2;1236;
105;126;1;2;3392;
154;166;1;2;1767;
193;122;1;2;2930;
145;119;1;2;2944;
161;171;1;2;3477;
113;163;1;2;1795;
173;102;1;2;383;
158;124;1;2;1721;
158;165;1;2;2071;
183;122;1;2;2046;
101;179;1;2;3350;
157;133;1;2;198;
182;178;1;2;1911;
191;175;1;2;469;
196;137;1;2;405;
193;102;1;2;910;
134;127;1;2;76;
152;185;1;2;1474;
138;144;1;2;132;
181;127;1;2;16;
147;180;1;2;1032;
190;137;1;2;403;
152;172;1;2;1190;
189;163;1;2;3723;
144;111;1;2;526;
123;104;1;2;809;
166;190;1;2;3465;
115;143;1;2;1352;
188;181;1;2;412;
179;115;1;2;277;
191;114;1;2;2517;
183;156;1;2;300;
159;109;1;2;3229;
166;198;1;2;1620;
149;194;1;2;3530;
120;118;1;2;2545;
194;136;1;2;462;
147;151;1;2;2776;
133;191;1;2;1317;
116;170;1;2;546;
178;114;1;2;1482;
0;1;21;21;
1;1;75;225;
2;1;17;317;
3;1;3;453;
4;1;34;634;
5;1;28;778;
6;1;9;909;
7;1;53;1103;
8;1;53;1253;
9;1;53;1403;
10;1;54;1554;
11;1;47;1697;
12;1;35;1835;
13;1;74;2024;
14;1;15;2115;
15;1;72;2322;
16;1;45;2445;
17;1;1;2551;
18;1;1;2701;
19;1;67;2917;
