****14****
100
129;136;1;2;0;
153;170;1;2;0;
127;131;1;2;0;
153;110;1;2;0;
125;106;1;2;0;
171;139;1;2;0;
195;196;1;2;0;
177;137;1;2;0;
110;147;1;2;0;
183;158;1;2;0;
112;192;1;2;0;
111;101;1;2;0;
125;112;1;2;0;
122;194;1;2;0;
105;118;1;2;0;
143;186;1;2;0;
107;196;1;2;0;
109;186;1;2;0;
128;162;1;2;0;
196;105;1;2;0;
120;167;1;2;0;
196;115;1;2;0;
115;173;1;2;0;
152;125;1;2;0;
120;188;1;2;0;
135;184;1;2;0;
180;146;1;2;0;
186;105;1;2;0;
110;108;1;2;0;
199;116;1;2;0;
179;194;1;2;0;
154;186;1;2;0;
191;163;1;2;0;
172;171;1;2;0;
177;120;1;2;0;
176;149;1;2;0;
187;172;1;2;0;
165;154;1;2;0;
197;169;1;2;0;
179;117;1;2;0;
157;166;1;2;0;
154;137;1;2;0;
113;140;1;2;0;
195;123;1;2;0;
100;146;1;2;0;
191;131;1;2;0;
141;146;1;2;0;
117;184;1;2;0;
161;141;1;2;0;
155;191;1;2;0;
161;183;1;2;3737;
100;107;1;2;194;
154;104;1;2;1321;
185;173;1;2;757;
152;127;1;2;1657;
117;167;1;2;1564;
192;120;1;2;1564;
184;151;1;2;2829;
182;121;1;2;2103;
195;114;1;2;792;
186;176;1;2;964;
179;128;1;2;1934;
136;135;1;2;276;
115;172;1;2;88;
104;124;1;2;2113;
130;193;1;2;890;
103;186;1;2;918;
174;122;1;2;1354;
187;156;1;2;1924;
135;151;1;2;3745;
139;190;1;2;847;
129;169;1;2;2470;
127;157;1;2;3368;
180;173;1;2;2053;
107;177;1;2;286;
114;159;1;2;3045;
140;162;1;2;1810;
138;136;1;2;1746;
135;175;1;2;627;
106;111;1;2;1859;
143;102;1;2;2307;
156;131;1;2;1957;
197;110;1;2;1004;
126;191;1;2;3492;
127;150;1;2;2677;
156;116;1;2;216;
127;156;1;2;2786;
136;194;1;2;698;
119;182;1;2;534;
158;140;1;2;3369;
101;183;1;2;1132;
133;139;1;2;1262;
187;188;1;2;582;
150;166;1;2;2091;
138;145;1;2;764;
103;102;1;2;1440;
179;181;1;2;2618;
117;118;1;2;1467;
195;189;1;2;3091;
149;148;1;2;886;
0;1;40;40;
1;1;50;200;
2;1;11;311;
3;1;57;507;
4;1;10;610;
5;1;75;825;
6;1;35;935;
7;1;24;1074;
8;1;15;1215;
9;1;21;1371;
10;1;24;1524;
11;1;57;1707;
12;1;25;1825;
13;1;12;1962;
14;1;52;2152;
15;1;56;2306;
16;1;17;2417;
17;1;56;2606;
18;1;52;2752;
19;1;71;2921;
