****18****
100
156;116;1;2;0;
170;198;1;2;0;
100;160;1;2;0;
136;144;1;2;0;
190;176;1;2;0;
119;170;1;2;0;
139;165;1;2;0;
119;155;1;2;0;
174;179;1;2;0;
120;182;1;2;0;
166;114;1;2;0;
183;111;1;2;0;
125;177;1;2;0;
178;109;1;2;0;
146;198;1;2;0;
180;154;1;2;0;
166;150;1;2;0;
152;119;1;2;0;
111;188;1;2;0;
115;153;1;2;0;
116;186;1;2;0;
124;155;1;2;0;
103;195;1;2;0;
162;177;1;2;0;
126;134;1;2;0;
112;144;1;2;0;
148;195;1;2;0;
107;125;1;2;0;
172;185;1;2;0;
186;170;1;2;0;
135;119;1;2;0;
124;153;1;2;0;
169;176;1;2;0;
124;132;1;2;0;
116;139;1;2;0;
186;185;1;2;0;
177;162;1;2;0;
140;180;1;2;0;
109;155;1;2;0;
158;135;1;2;0;
189;170;1;2;0;
131;190;1;2;0;
165;138;1;2;0;
167;190;1;2;0;
123;154;1;2;0;
112;110;1;2;0;
173;137;1;2;0;
163;194;1;2;0;
165;188;1;2;0;
127;134;1;2;0;
179;165;1;2;3254;
157;127;1;2;107;
137;188;1;2;2344;
147;123;1;2;202;
169;154;1;2;1386;
187;192;1;2;131;
129;167;1;2;1228;
141;177;1;2;1305;
130;192;1;2;857;
148;132;1;2;1868;
182;112;1;2;3535;
101;121;1;2;3059;
112;110;1;2;454;
131;158;1;2;3415;
187;179;1;2;1265;
185;118;1;2;2176;
102;147;1;2;1581;
122;141;1;2;2051;
166;123;1;2;443;
105;171;1;2;2021;
123;153;1;2;1933;
106;106;1;2;3408;
168;171;1;2;3481;
170;102;1;2;1847;
195;141;1;2;2365;
174;178;1;2;1670;
149;180;1;2;2796;
143;154;1;2;1157;
114;173;1;2;2353;
130;178;1;2;1715;
178;154;1;2;3013;
190;112;1;2;2001;
123;133;1;2;1174;
118;103;1;2;1850;
172;199;1;2;480;
157;125;1;2;839;
112;127;1;2;2031;
163;170;1;2;173;
107;137;1;2;1682;
175;167;1;2;3664;
166;197;1;2;1848;
110;187;1;2;2158;
165;162;1;2;1512;
139;180;1;2;1726;
119;104;1;2;1103;
140;113;1;2;1243;
191;126;1;2;2959;
123;141;1;2;1692;
161;149;1;2;856;
172;176;1;2;2256;
0;1;14;14;
1;1;43;193;
2;1;24;324;
3;1;35;485;
4;1;55;655;
5;1;13;763;
6;1;45;945;
7;1;21;1071;
8;1;75;1275;
9;1;63;1413;
10;1;62;1562;
11;1;8;1658;
12;1;34;1834;
13;1;32;1982;
14;1;12;2112;
15;1;57;2307;
16;1;24;2424;
17;1;1;2551;
18;1;30;2730;
19;1;16;2866;
