6068,6097
6059,6097
6054,6097
6053,6097
6053,6097
6053,6097
6051,6097
6051,6097
6050,6097
6050,6097
6049,6097
6044,6097
6044,6097
6044,6097
6044,6097
6044,6097
6044,6097
6044,6097
6044,6097
6044,6097
6044,6097
6044,6097
6044,6097
6044,6097
6044,6097
6044,6097
6044,6097
6044,6097
6034,6097
6033,6097
6028,6097
6028,6097
6028,6097
6028,6097
6027,6097
6027,6097
6027,6097
6027,6097
6027,6097
6027,6097
6027,6097
6027,6097
6027,6097
6027,6097
6027,6097
6027,6097
6027,6097
6027,6097
6027,6097
6027,6097
6027,6097
6027,6097
6027,6097
6027,6097
6027,6097
6027,6097
6027,6097
6027,6097
6027,6097
6027,6097
