6383,6408
6371,6408
6366,6408
6360,6408
6359,6408
6358,6408
6358,6408
6358,6408
6354,6408
6351,6408
6351,6408
6351,6408
6351,6408
6351,6408
6351,6408
6351,6408
6351,6408
6351,6408
6351,6408
6351,6408
6351,6408
6351,6408
6350,6408
6350,6408
6350,6408
6350,6408
6350,6408
6350,6408
6350,6408
6350,6408
6350,6408
6350,6408
6350,6408
6350,6408
6350,6408
6350,6408
6350,6408
6350,6408
6350,6408
6350,6408
6350,6408
6350,6408
6350,6408
6350,6408
6350,6408
6350,6408
6350,6408
6350,6408
6350,6408
6350,6408
6350,6408
6350,6408
6350,6408
6350,6408
6350,6408
6350,6408
6350,6408
6350,6408
6350,6408
6350,6408
