****11****
700
67;95;1;2;0;
48;91;1;2;0;
22;98;1;2;0;
10;78;1;2;0;
55;55;1;2;0;
32;60;1;2;0;
100;27;1;2;0;
19;91;1;2;0;
77;71;1;2;0;
72;14;1;2;0;
14;82;1;2;0;
5;81;1;2;0;
56;43;1;2;0;
30;23;1;2;0;
7;19;1;2;0;
44;73;1;2;0;
66;43;1;2;0;
15;87;1;2;0;
40;25;1;2;0;
64;46;1;2;0;
79;48;1;2;0;
5;30;1;2;0;
74;76;1;2;0;
72;50;1;2;0;
46;44;1;2;0;
15;59;1;2;0;
77;71;1;2;0;
39;84;1;2;0;
65;21;1;2;0;
58;23;1;2;0;
39;1;1;2;0;
48;56;1;2;0;
95;62;1;2;0;
42;86;1;2;0;
86;58;1;2;0;
32;16;1;2;0;
57;88;1;2;0;
45;82;1;2;0;
63;17;1;2;0;
83;8;1;2;0;
12;49;1;2;0;
19;40;1;2;0;
20;57;1;2;0;
23;84;1;2;0;
29;33;1;2;0;
7;20;1;2;0;
33;54;1;2;0;
75;80;1;2;0;
67;69;1;2;0;
65;53;1;2;0;
26;96;1;2;0;
20;34;1;2;0;
84;65;1;2;0;
15;46;1;2;0;
33;97;1;2;0;
6;44;1;2;0;
97;24;1;2;0;
83;16;1;2;0;
32;57;1;2;0;
52;61;1;2;0;
89;10;1;2;0;
32;74;1;2;0;
15;6;1;2;0;
53;81;1;2;0;
26;17;1;2;0;
85;51;1;2;0;
65;5;1;2;0;
36;100;1;2;0;
69;2;1;2;0;
97;1;1;2;0;
50;2;1;2;0;
96;47;1;2;0;
77;30;1;2;0;
62;61;1;2;0;
86;65;1;2;0;
73;27;1;2;0;
74;4;1;2;0;
100;88;1;2;0;
61;4;1;2;0;
21;87;1;2;0;
72;5;1;2;0;
89;36;1;2;0;
9;25;1;2;0;
87;29;1;2;0;
26;84;1;2;0;
81;76;1;2;0;
37;28;1;2;0;
22;14;1;2;0;
57;35;1;2;0;
26;95;1;2;0;
100;98;1;2;0;
73;25;1;2;0;
1;72;1;2;0;
65;61;1;2;0;
27;85;1;2;0;
99;98;1;2;0;
41;88;1;2;0;
86;2;1;2;0;
12;24;1;2;0;
30;89;1;2;0;
7;63;1;2;0;
64;96;1;2;0;
90;37;1;2;0;
9;99;1;2;0;
72;34;1;2;0;
93;23;1;2;0;
83;65;1;2;0;
47;83;1;2;0;
88;63;1;2;0;
95;66;1;2;0;
99;94;1;2;0;
15;40;1;2;0;
81;52;1;2;0;
41;44;1;2;0;
76;22;1;2;0;
32;34;1;2;0;
36;48;1;2;0;
29;78;1;2;0;
84;89;1;2;0;
76;7;1;2;0;
74;20;1;2;0;
29;56;1;2;0;
36;28;1;2;0;
38;75;1;2;0;
42;85;1;2;0;
40;41;1;2;0;
78;6;1;2;0;
32;10;1;2;0;
58;24;1;2;0;
53;33;1;2;0;
97;36;1;2;0;
18;33;1;2;0;
83;47;1;2;0;
10;67;1;2;0;
35;37;1;2;0;
25;9;1;2;0;
56;6;1;2;0;
64;91;1;2;0;
85;54;1;2;0;
17;26;1;2;0;
38;56;1;2;0;
18;67;1;2;0;
61;49;1;2;0;
28;70;1;2;0;
72;32;1;2;0;
2;69;1;2;0;
67;72;1;2;0;
1;50;1;2;0;
18;62;1;2;0;
68;4;1;2;0;
98;92;1;2;0;
12;5;1;2;0;
97;28;1;2;0;
47;33;1;2;0;
81;63;1;2;0;
59;70;1;2;0;
18;76;1;2;0;
88;30;1;2;0;
25;15;1;2;0;
100;48;1;2;0;
46;53;1;2;0;
16;64;1;2;0;
24;68;1;2;0;
13;41;1;2;0;
81;32;1;2;0;
45;30;1;2;0;
24;8;1;2;0;
34;72;1;2;0;
35;80;1;2;0;
57;67;1;2;0;
94;15;1;2;0;
88;11;1;2;0;
42;27;1;2;0;
93;18;1;2;0;
41;92;1;2;0;
66;38;1;2;0;
96;33;1;2;0;
2;20;1;2;0;
1;66;1;2;0;
12;33;1;2;0;
98;8;1;2;0;
63;73;1;2;0;
68;96;1;2;0;
96;54;1;2;0;
28;52;1;2;0;
21;21;1;2;0;
18;60;1;2;0;
84;60;1;2;0;
87;28;1;2;0;
77;79;1;2;0;
71;94;1;2;0;
69;66;1;2;0;
27;22;1;2;0;
37;79;1;2;0;
39;1;1;2;0;
11;36;1;2;0;
8;25;1;2;0;
60;27;1;2;0;
73;8;1;2;0;
81;100;1;2;0;
59;53;1;2;0;
72;29;1;2;0;
12;7;1;2;0;
88;50;1;2;0;
34;16;1;2;0;
81;56;1;2;0;
62;49;1;2;0;
22;88;1;2;0;
70;10;1;2;0;
18;8;1;2;0;
10;80;1;2;0;
96;70;1;2;0;
5;7;1;2;0;
96;77;1;2;0;
14;76;1;2;0;
28;25;1;2;0;
28;51;1;2;0;
53;92;1;2;0;
10;92;1;2;0;
41;95;1;2;0;
59;21;1;2;0;
51;20;1;2;0;
21;24;1;2;0;
59;42;1;2;0;
33;76;1;2;0;
2;43;1;2;0;
8;97;1;2;0;
12;12;1;2;0;
55;7;1;2;0;
40;69;1;2;0;
35;67;1;2;0;
93;62;1;2;0;
69;97;1;2;0;
5;78;1;2;0;
88;98;1;2;0;
73;46;1;2;0;
70;23;1;2;0;
18;91;1;2;0;
46;76;1;2;0;
32;30;1;2;0;
4;33;1;2;0;
72;11;1;2;0;
81;35;1;2;0;
22;36;1;2;0;
42;13;1;2;0;
56;28;1;2;0;
79;100;1;2;0;
41;99;1;2;0;
96;46;1;2;0;
77;35;1;2;0;
43;1;1;2;0;
32;12;1;2;0;
23;49;1;2;0;
54;20;1;2;0;
25;86;1;2;0;
1;80;1;2;0;
70;73;1;2;0;
90;3;1;2;0;
7;63;1;2;0;
90;100;1;2;0;
75;45;1;2;0;
27;5;1;2;0;
96;68;1;2;0;
3;43;1;2;0;
65;79;1;2;0;
77;7;1;2;0;
79;8;1;2;0;
70;53;1;2;0;
9;24;1;2;0;
24;85;1;2;0;
61;25;1;2;0;
64;82;1;2;0;
49;53;1;2;0;
84;7;1;2;0;
67;25;1;2;0;
7;41;1;2;0;
69;85;1;2;0;
45;64;1;2;0;
52;99;1;2;0;
6;16;1;2;0;
30;34;1;2;0;
74;60;1;2;0;
94;96;1;2;0;
65;2;1;2;0;
71;88;1;2;0;
86;31;1;2;0;
64;1;1;2;0;
64;64;1;2;0;
53;100;1;2;0;
71;19;1;2;0;
24;77;1;2;0;
11;45;1;2;0;
61;7;1;2;0;
60;65;1;2;0;
5;66;1;2;0;
32;34;1;2;0;
51;6;1;2;0;
94;44;1;2;0;
53;58;1;2;0;
97;23;1;2;0;
97;34;1;2;0;
5;13;1;2;0;
34;68;1;2;0;
76;38;1;2;0;
67;98;1;2;0;
8;43;1;2;0;
26;18;1;2;0;
87;39;1;2;0;
24;46;1;2;0;
3;81;1;2;0;
63;34;1;2;0;
66;14;1;2;0;
91;11;1;2;0;
9;43;1;2;0;
20;58;1;2;0;
17;69;1;2;0;
91;21;1;2;0;
81;25;1;2;0;
89;8;1;2;0;
62;7;1;2;0;
58;22;1;2;0;
49;83;1;2;0;
39;35;1;2;0;
21;15;1;2;0;
33;23;1;2;0;
47;95;1;2;0;
9;12;1;2;0;
8;51;1;2;0;
75;69;1;2;0;
46;94;1;2;0;
26;62;1;2;0;
62;16;1;2;0;
83;94;1;2;0;
92;23;1;2;0;
54;6;1;2;0;
81;11;1;2;0;
27;30;1;2;0;
45;17;1;2;0;
16;66;1;2;0;
31;48;1;2;0;
40;29;1;2;0;
95;100;1;2;0;
41;54;1;2;0;
51;15;1;2;0;
22;48;1;2;0;
60;99;1;2;0;
9;22;1;2;0;
15;43;1;2;0;
67;58;1;2;0;
17;72;1;2;0;
15;98;1;2;8616;
41;79;1;2;7401;
10;46;1;2;5989;
92;46;1;2;4693;
21;40;1;2;2046;
61;93;1;2;5270;
27;67;1;2;8237;
86;65;1;2;654;
59;31;1;2;2521;
78;89;1;2;13184;
49;55;1;2;16597;
83;48;1;2;8941;
61;57;1;2;4480;
4;48;1;2;1266;
38;68;1;2;16142;
72;80;1;2;10943;
56;6;1;2;9340;
39;44;1;2;342;
31;2;1;2;8163;
17;31;1;2;5081;
19;80;1;2;3185;
71;62;1;2;4438;
100;22;1;2;15399;
79;77;1;2;4848;
51;14;1;2;14987;
14;86;1;2;12681;
70;93;1;2;3192;
43;32;1;2;12546;
81;14;1;2;10030;
2;30;1;2;13407;
10;100;1;2;11446;
25;70;1;2;880;
87;22;1;2;12553;
57;100;1;2;17127;
23;3;1;2;13678;
60;16;1;2;3928;
24;37;1;2;16590;
98;32;1;2;13014;
63;64;1;2;17298;
34;65;1;2;2578;
35;27;1;2;5481;
15;3;1;2;1662;
56;90;1;2;5678;
70;46;1;2;16392;
60;20;1;2;5686;
15;31;1;2;1261;
56;7;1;2;2500;
41;4;1;2;6861;
57;19;1;2;14686;
38;52;1;2;10694;
48;86;1;2;5910;
57;100;1;2;9136;
88;7;1;2;1366;
40;28;1;2;15500;
44;87;1;2;15444;
49;53;1;2;16183;
22;8;1;2;6957;
80;100;1;2;2517;
20;56;1;2;3849;
24;93;1;2;15042;
93;92;1;2;2617;
39;49;1;2;13022;
88;88;1;2;6193;
78;80;1;2;12184;
14;75;1;2;7178;
73;23;1;2;4853;
62;45;1;2;9139;
58;76;1;2;1297;
57;47;1;2;12169;
74;71;1;2;6223;
94;63;1;2;9482;
51;53;1;2;3983;
7;41;1;2;2947;
21;18;1;2;494;
62;83;1;2;1132;
41;7;1;2;4606;
24;21;1;2;12176;
15;78;1;2;8842;
6;86;1;2;1140;
52;11;1;2;15641;
94;4;1;2;16153;
28;6;1;2;8587;
62;12;1;2;7695;
84;84;1;2;14843;
36;97;1;2;10531;
63;89;1;2;9876;
12;12;1;2;3;
9;27;1;2;10987;
81;32;1;2;16285;
99;35;1;2;13804;
88;28;1;2;12644;
90;56;1;2;15422;
97;69;1;2;11717;
44;52;1;2;13664;
61;40;1;2;4062;
12;2;1;2;1973;
69;13;1;2;6309;
99;21;1;2;2765;
5;1;1;2;10140;
49;51;1;2;17160;
50;38;1;2;6605;
59;80;1;2;5459;
72;76;1;2;11763;
49;20;1;2;5020;
8;32;1;2;3227;
64;43;1;2;1574;
7;63;1;2;16226;
62;61;1;2;6856;
95;18;1;2;11366;
7;66;1;2;13396;
5;67;1;2;5143;
83;25;1;2;8704;
15;49;1;2;9223;
16;97;1;2;14394;
73;4;1;2;9676;
16;67;1;2;17484;
13;74;1;2;12367;
73;87;1;2;272;
54;82;1;2;9686;
38;40;1;2;15951;
73;97;1;2;9428;
46;79;1;2;14322;
97;93;1;2;11052;
24;61;1;2;5394;
22;33;1;2;16629;
51;100;1;2;8202;
74;12;1;2;5203;
60;85;1;2;13941;
58;90;1;2;8122;
25;79;1;2;15062;
5;52;1;2;5359;
3;97;1;2;14679;
26;93;1;2;13479;
97;69;1;2;1639;
16;90;1;2;13564;
39;93;1;2;5596;
80;66;1;2;8368;
46;77;1;2;3106;
98;86;1;2;8225;
84;10;1;2;90;
9;14;1;2;3655;
30;69;1;2;6563;
29;94;1;2;11576;
72;43;1;2;16359;
76;58;1;2;5921;
63;48;1;2;13380;
50;27;1;2;9334;
49;24;1;2;12094;
35;22;1;2;10046;
11;5;1;2;7261;
65;13;1;2;7804;
22;94;1;2;3604;
75;74;1;2;3041;
20;45;1;2;5607;
86;72;1;2;10754;
41;35;1;2;5728;
40;84;1;2;10613;
4;84;1;2;12788;
97;19;1;2;8692;
28;81;1;2;12390;
68;45;1;2;9559;
73;18;1;2;5558;
47;92;1;2;3507;
14;63;1;2;5001;
23;48;1;2;122;
41;40;1;2;13992;
7;31;1;2;5321;
52;87;1;2;17481;
20;35;1;2;1074;
9;62;1;2;16829;
54;29;1;2;6391;
63;2;1;2;8417;
65;100;1;2;6027;
92;13;1;2;16414;
63;35;1;2;9378;
6;27;1;2;8339;
35;34;1;2;8853;
100;85;1;2;14636;
48;4;1;2;2455;
66;64;1;2;11743;
64;17;1;2;14432;
58;79;1;2;827;
69;95;1;2;3592;
23;86;1;2;8267;
39;48;1;2;14517;
55;6;1;2;15596;
63;40;1;2;11289;
53;39;1;2;651;
77;86;1;2;13646;
87;3;1;2;12405;
11;66;1;2;3376;
64;75;1;2;1735;
21;95;1;2;13040;
26;17;1;2;11738;
94;8;1;2;8447;
49;14;1;2;9232;
78;28;1;2;4642;
92;80;1;2;5614;
42;56;1;2;571;
95;95;1;2;8086;
63;57;1;2;4046;
47;20;1;2;782;
9;93;1;2;771;
17;18;1;2;4096;
62;63;1;2;9672;
54;11;1;2;15318;
4;40;1;2;17488;
41;83;1;2;7536;
20;24;1;2;11655;
85;70;1;2;14801;
5;84;1;2;11216;
90;30;1;2;9389;
49;90;1;2;10149;
55;58;1;2;11146;
78;19;1;2;3147;
11;25;1;2;6285;
6;28;1;2;7098;
29;20;1;2;4989;
83;39;1;2;12495;
92;76;1;2;7933;
100;32;1;2;9652;
12;21;1;2;9142;
95;21;1;2;14082;
23;76;1;2;8125;
67;5;1;2;14895;
26;67;1;2;7511;
48;73;1;2;7090;
9;53;1;2;448;
52;35;1;2;16642;
71;78;1;2;15300;
12;29;1;2;4508;
36;40;1;2;5813;
89;87;1;2;8114;
84;61;1;2;622;
37;79;1;2;16494;
60;5;1;2;12899;
7;4;1;2;5156;
33;12;1;2;16370;
30;15;1;2;7516;
65;86;1;2;1809;
28;97;1;2;14049;
21;32;1;2;14510;
87;20;1;2;1021;
73;56;1;2;6850;
86;92;1;2;8141;
7;51;1;2;2100;
42;9;1;2;6571;
2;93;1;2;17093;
13;22;1;2;9271;
11;86;1;2;7158;
38;13;1;2;7129;
45;86;1;2;1010;
92;72;1;2;9827;
77;96;1;2;6394;
70;33;1;2;16662;
94;39;1;2;2698;
73;80;1;2;7015;
56;33;1;2;1701;
49;46;1;2;16264;
9;8;1;2;8902;
54;97;1;2;6798;
47;41;1;2;14137;
71;85;1;2;7672;
67;61;1;2;13018;
17;83;1;2;7354;
11;76;1;2;1232;
54;48;1;2;1935;
58;3;1;2;8351;
5;4;1;2;2175;
22;64;1;2;8099;
76;70;1;2;4814;
94;16;1;2;11987;
98;39;1;2;15067;
24;5;1;2;9133;
98;73;1;2;12595;
3;83;1;2;10151;
47;89;1;2;9844;
22;46;1;2;6360;
29;2;1;2;16794;
82;23;1;2;9473;
93;50;1;2;14997;
53;44;1;2;11110;
53;93;1;2;4765;
89;68;1;2;17348;
33;65;1;2;14310;
12;68;1;2;6370;
65;66;1;2;2170;
18;87;1;2;2783;
26;15;1;2;9911;
36;48;1;2;16374;
14;41;1;2;2016;
9;45;1;2;2694;
72;97;1;2;3161;
72;37;1;2;17031;
29;69;1;2;4821;
58;32;1;2;2944;
69;97;1;2;12633;
21;66;1;2;12380;
17;91;1;2;10536;
67;79;1;2;3336;
40;92;1;2;16379;
62;53;1;2;1977;
79;24;1;2;1177;
88;47;1;2;11545;
68;27;1;2;1270;
13;84;1;2;450;
77;5;1;2;13293;
6;25;1;2;14641;
21;93;1;2;16473;
51;60;1;2;580;
80;99;1;2;11437;
49;60;1;2;11539;
14;90;1;2;6054;
27;29;1;2;17249;
24;96;1;2;9968;
93;9;1;2;10082;
42;85;1;2;12076;
91;43;1;2;12504;
6;63;1;2;2265;
11;65;1;2;8772;
98;44;1;2;7455;
28;44;1;2;6272;
59;57;1;2;1975;
16;83;1;2;9284;
72;58;1;2;10229;
3;51;1;2;3688;
69;44;1;2;16048;
39;35;1;2;7440;
33;40;1;2;1803;
71;2;1;2;15614;
69;51;1;2;5325;
64;78;1;2;4814;
71;88;1;2;16060;
18;4;1;2;16795;
42;75;1;2;1065;
13;29;1;2;10758;
92;97;1;2;17264;
59;35;1;2;4492;
17;19;1;2;10526;
41;42;1;2;16512;
77;10;1;2;11471;
61;73;1;2;899;
89;95;1;2;7893;
77;13;1;2;15066;
47;6;1;2;4665;
27;18;1;2;15717;
57;61;1;2;11745;
83;19;1;2;10440;
94;87;1;2;6807;
93;27;1;2;3110;
0;1;46;7;
1;1;33;129;
2;1;16;208;
3;1;29;300;
4;1;4;402;
5;1;34;523;
6;1;21;603;
7;1;23;720;
8;1;7;800;
9;1;49;926;
10;1;2;1001;
11;1;50;1121;
12;1;38;1222;
13;1;11;1302;
14;1;37;1434;
15;1;45;1542;
16;1;44;1610;
17;1;32;1723;
18;1;35;1816;
19;1;17;1907;
20;1;8;2006;
21;1;5;2104;
22;1;33;2204;
23;1;50;2340;
24;1;20;2408;
25;1;8;2502;
26;1;24;2600;
27;1;45;2720;
28;1;2;2800;
29;1;34;2901;
30;1;41;3020;
31;1;22;3114;
32;1;6;3202;
33;1;46;3314;
34;1;16;3405;
35;1;32;3527;
36;1;16;3614;
37;1;5;3704;
38;1;17;3805;
39;1;41;3915;
40;1;3;4000;
41;1;9;4107;
42;1;5;4202;
43;1;39;4312;
44;1;7;4402;
45;1;45;4527;
46;1;2;4600;
47;1;34;4732;
48;1;23;4806;
49;1;1;4900;
50;1;46;5028;
51;1;14;5103;
52;1;23;5207;
53;1;11;5305;
54;1;24;5400;
55;1;27;5524;
56;1;1;5600;
57;1;6;5700;
58;1;40;5835;
59;1;14;5900;
60;1;19;6017;
61;1;46;6103;
62;1;26;6214;
63;1;29;6325;
64;1;11;6406;
65;1;39;6510;
66;1;15;6613;
67;1;19;6711;
68;1;23;6802;
69;1;32;6918;
70;1;34;7023;
71;1;26;7117;
72;1;47;7239;
73;1;42;7324;
74;1;28;7416;
75;1;35;7511;
76;1;17;7607;
77;1;16;7713;
78;1;12;7805;
79;1;42;7939;
80;1;27;8014;
81;1;31;8107;
82;1;35;8206;
83;1;34;8331;
84;1;35;8424;
85;1;8;8507;
86;1;24;8610;
87;1;6;8702;
88;1;18;8800;
89;1;9;8908;
90;1;8;9002;
91;1;41;9128;
92;1;24;9220;
93;1;17;9312;
94;1;4;9400;
95;1;12;9501;
96;1;40;9603;
97;1;27;9722;
98;1;45;9836;
99;1;34;9924;
100;1;26;10012;
101;1;1;10100;
102;1;27;10208;
103;1;23;10311;
104;1;8;10400;
105;1;39;10502;
106;1;25;10603;
107;1;38;10721;
108;1;39;10806;
109;1;36;10918;
110;1;15;11008;
111;1;26;11111;
112;1;43;11219;
113;1;32;11330;
114;1;13;11409;
115;1;20;11519;
116;1;9;11601;
117;1;41;11734;
118;1;29;11828;
119;1;31;11924;
120;1;46;12040;
121;1;5;12104;
122;1;50;12243;
123;1;22;12319;
124;1;50;12408;
125;1;32;12515;
126;1;8;12603;
127;1;22;12703;
128;1;11;12800;
129;1;38;12907;
130;1;22;13020;
131;1;15;13111;
132;1;28;13212;
133;1;19;13303;
134;1;20;13419;
135;1;48;13546;
136;1;20;13601;
137;1;38;13734;
138;1;45;13803;
139;1;11;13909;
