****8****
100
748;759;1;2;0;
754;721;1;2;0;
762;773;1;2;0;
735;701;1;2;0;
735;735;1;2;0;
756;747;1;2;0;
741;717;1;2;0;
714;747;1;2;0;
736;750;1;2;0;
790;787;1;2;0;
766;777;1;2;0;
773;727;1;2;0;
772;792;1;2;0;
705;753;1;2;0;
757;792;1;2;0;
774;705;1;2;0;
703;780;1;2;0;
778;765;1;2;0;
705;766;1;2;0;
766;741;1;2;0;
701;775;1;2;0;
788;743;1;2;0;
792;703;1;2;0;
742;780;1;2;0;
705;732;1;2;0;
767;771;1;2;0;
709;792;1;2;0;
798;733;1;2;0;
784;703;1;2;0;
787;741;1;2;0;
795;713;1;2;0;
798;798;1;2;0;
793;777;1;2;0;
715;799;1;2;0;
743;734;1;2;0;
792;744;1;2;0;
709;732;1;2;0;
739;753;1;2;0;
735;781;1;2;0;
733;740;1;2;0;
714;752;1;2;0;
763;775;1;2;0;
745;762;1;2;0;
709;781;1;2;0;
717;796;1;2;0;
775;765;1;2;0;
761;773;1;2;0;
715;706;1;2;0;
702;731;1;2;0;
757;745;1;2;0;
717;749;1;2;9489;
778;782;1;2;102;
731;769;1;2;3954;
716;762;1;2;1643;
768;725;1;2;9518;
765;787;1;2;2275;
747;705;1;2;731;
722;722;1;2;4150;
747;737;1;2;3091;
750;768;1;2;16745;
747;737;1;2;6775;
741;715;1;2;17943;
775;746;1;2;11369;
790;762;1;2;18611;
771;731;1;2;5231;
779;796;1;2;12679;
797;795;1;2;11852;
762;769;1;2;18410;
789;717;1;2;11503;
722;719;1;2;3757;
712;766;1;2;2365;
752;708;1;2;715;
726;783;1;2;2724;
770;725;1;2;15457;
775;748;1;2;16474;
758;727;1;2;18065;
729;776;1;2;355;
756;739;1;2;2188;
706;728;1;2;9414;
745;750;1;2;12598;
752;762;1;2;460;
797;767;1;2;7863;
758;793;1;2;2914;
717;715;1;2;14940;
790;743;1;2;13589;
795;701;1;2;2873;
700;782;1;2;14831;
748;791;1;2;7187;
718;797;1;2;8349;
757;794;1;2;14786;
763;746;1;2;235;
740;796;1;2;7857;
772;706;1;2;12586;
792;723;1;2;5927;
736;765;1;2;983;
729;712;1;2;8492;
701;712;1;2;3633;
749;713;1;2;4879;
737;783;1;2;5268;
704;741;1;2;16303;
0;1;200;200;
1;1;307;1057;
2;1;172;1672;
3;1;105;2355;
4;1;47;3047;
5;1;145;3895;
6;1;6;4506;
7;1;147;5397;
8;1;226;6226;
9;1;248;6998;
10;1;39;7539;
11;1;301;8551;
12;1;335;9335;
13;1;275;10025;
14;1;217;10717;
15;1;140;11390;
16;1;131;12131;
17;1;129;12879;
18;1;249;13749;
19;1;307;14557;
