****19****
100
720;724;1;2;0;
716;767;1;2;0;
762;736;1;2;0;
767;786;1;2;0;
737;743;1;2;0;
787;741;1;2;0;
778;732;1;2;0;
778;793;1;2;0;
772;791;1;2;0;
782;796;1;2;0;
711;701;1;2;0;
722;715;1;2;0;
751;707;1;2;0;
775;777;1;2;0;
718;786;1;2;0;
710;738;1;2;0;
710;778;1;2;0;
758;725;1;2;0;
766;777;1;2;0;
763;756;1;2;0;
773;750;1;2;0;
797;751;1;2;0;
734;775;1;2;0;
796;707;1;2;0;
718;778;1;2;0;
755;729;1;2;0;
731;730;1;2;0;
796;783;1;2;0;
737;772;1;2;0;
712;756;1;2;0;
710;722;1;2;0;
746;721;1;2;0;
753;704;1;2;0;
798;719;1;2;0;
734;713;1;2;0;
775;707;1;2;0;
715;772;1;2;0;
710;750;1;2;0;
799;706;1;2;0;
709;718;1;2;0;
736;716;1;2;0;
799;767;1;2;0;
746;796;1;2;0;
702;784;1;2;0;
720;715;1;2;0;
792;730;1;2;0;
789;738;1;2;0;
703;742;1;2;0;
795;701;1;2;0;
762;729;1;2;0;
766;789;1;2;355;
782;714;1;2;2126;
732;713;1;2;14650;
793;731;1;2;2853;
709;783;1;2;4343;
756;779;1;2;15508;
740;799;1;2;14106;
732;729;1;2;12626;
722;785;1;2;17010;
717;738;1;2;12924;
798;705;1;2;7276;
738;787;1;2;16285;
736;771;1;2;18126;
792;764;1;2;15995;
784;773;1;2;13403;
744;781;1;2;5019;
758;721;1;2;2153;
787;705;1;2;5190;
705;728;1;2;12501;
718;797;1;2;4552;
793;748;1;2;9030;
710;786;1;2;15189;
740;775;1;2;12879;
736;767;1;2;13277;
764;752;1;2;1858;
774;748;1;2;13544;
716;758;1;2;9852;
708;745;1;2;8958;
730;702;1;2;11325;
789;721;1;2;10238;
735;766;1;2;2876;
737;776;1;2;13852;
779;769;1;2;14413;
791;705;1;2;12587;
720;769;1;2;16733;
774;796;1;2;315;
709;764;1;2;3099;
766;724;1;2;13818;
781;755;1;2;7596;
775;744;1;2;8066;
767;731;1;2;8286;
759;721;1;2;10024;
738;700;1;2;9701;
791;743;1;2;1185;
712;763;1;2;5977;
737;789;1;2;18731;
762;799;1;2;6964;
745;765;1;2;15839;
725;798;1;2;13043;
708;774;1;2;11077;
0;1;239;239;
1;1;294;1044;
2;1;246;1746;
3;1;236;2486;
4;1;54;3054;
5;1;17;3767;
6;1;210;4710;
7;1;217;5467;
8;1;292;6292;
9;1;156;6906;
10;1;233;7733;
11;1;260;8510;
12;1;181;9181;
13;1;73;9823;
14;1;251;10751;
15;1;103;11353;
16;1;337;12337;
17;1;90;12840;
18;1;47;13547;
19;1;200;14450;
