****15****
100
722;713;1;2;0;
784;778;1;2;0;
766;758;1;2;0;
771;709;1;2;0;
768;760;1;2;0;
711;747;1;2;0;
718;787;1;2;0;
787;734;1;2;0;
787;761;1;2;0;
750;714;1;2;0;
734;712;1;2;0;
797;743;1;2;0;
740;788;1;2;0;
796;743;1;2;0;
799;780;1;2;0;
702;721;1;2;0;
793;739;1;2;0;
751;711;1;2;0;
749;774;1;2;0;
720;717;1;2;0;
734;784;1;2;0;
716;704;1;2;0;
771;755;1;2;0;
739;758;1;2;0;
768;741;1;2;0;
773;702;1;2;0;
754;722;1;2;0;
745;794;1;2;0;
710;793;1;2;0;
789;761;1;2;0;
773;744;1;2;0;
782;718;1;2;0;
783;785;1;2;0;
781;732;1;2;0;
760;754;1;2;0;
701;746;1;2;0;
738;717;1;2;0;
751;761;1;2;0;
773;742;1;2;0;
720;741;1;2;0;
783;745;1;2;0;
796;789;1;2;0;
767;741;1;2;0;
783;730;1;2;0;
787;725;1;2;0;
791;712;1;2;0;
769;726;1;2;0;
731;752;1;2;0;
711;764;1;2;0;
736;723;1;2;0;
718;737;1;2;7401;
708;706;1;2;13189;
770;731;1;2;17089;
790;725;1;2;2527;
787;721;1;2;6042;
706;714;1;2;11623;
736;701;1;2;3779;
780;766;1;2;18528;
706;797;1;2;1715;
769;713;1;2;5809;
793;732;1;2;8888;
715;740;1;2;6150;
788;762;1;2;2110;
755;704;1;2;16298;
705;791;1;2;16293;
797;750;1;2;6902;
725;738;1;2;1153;
725;718;1;2;1957;
799;724;1;2;12837;
772;794;1;2;15605;
786;739;1;2;7859;
736;754;1;2;5997;
745;742;1;2;6906;
786;797;1;2;12629;
751;754;1;2;4805;
738;752;1;2;15790;
791;729;1;2;10523;
797;754;1;2;12222;
770;705;1;2;15912;
739;730;1;2;9745;
774;716;1;2;9329;
793;704;1;2;15443;
705;750;1;2;15903;
779;788;1;2;9047;
705;739;1;2;16154;
727;729;1;2;11270;
799;720;1;2;18148;
710;770;1;2;9687;
791;740;1;2;16546;
796;731;1;2;15066;
748;758;1;2;11057;
790;751;1;2;6785;
787;756;1;2;1779;
725;787;1;2;16900;
765;745;1;2;5572;
707;772;1;2;9460;
705;724;1;2;3473;
732;786;1;2;7514;
765;777;1;2;10297;
756;725;1;2;12530;
0;1;126;126;
1;1;351;1101;
2;1;375;1875;
3;1;336;2586;
4;1;317;3317;
5;1;354;4104;
6;1;53;4553;
7;1;229;5479;
8;1;285;6285;
9;1;96;6846;
10;1;156;7656;
11;1;275;8525;
12;1;226;9226;
13;1;171;9921;
14;1;145;10645;
15;1;222;11472;
16;1;180;12180;
17;1;92;12842;
18;1;99;13599;
19;1;337;14587;
