****13****
100
702;770;1;2;0;
714;720;1;2;0;
779;759;1;2;0;
767;770;1;2;0;
731;754;1;2;0;
731;789;1;2;0;
798;760;1;2;0;
791;733;1;2;0;
723;725;1;2;0;
747;704;1;2;0;
774;720;1;2;0;
796;732;1;2;0;
744;732;1;2;0;
702;754;1;2;0;
794;737;1;2;0;
781;749;1;2;0;
759;796;1;2;0;
769;739;1;2;0;
707;788;1;2;0;
761;739;1;2;0;
742;792;1;2;0;
780;740;1;2;0;
753;723;1;2;0;
773;728;1;2;0;
748;772;1;2;0;
732;722;1;2;0;
744;781;1;2;0;
707;789;1;2;0;
713;709;1;2;0;
795;759;1;2;0;
798;777;1;2;0;
708;710;1;2;0;
725;729;1;2;0;
749;732;1;2;0;
717;710;1;2;0;
723;759;1;2;0;
754;704;1;2;0;
751;707;1;2;0;
779;776;1;2;0;
736;728;1;2;0;
700;720;1;2;0;
702;745;1;2;0;
701;709;1;2;0;
734;766;1;2;0;
771;729;1;2;0;
726;769;1;2;0;
706;786;1;2;0;
779;783;1;2;0;
716;780;1;2;0;
716;785;1;2;0;
742;739;1;2;14633;
749;795;1;2;16673;
756;775;1;2;4031;
744;755;1;2;11507;
765;757;1;2;10212;
718;719;1;2;2400;
785;790;1;2;2612;
711;711;1;2;14339;
749;743;1;2;16903;
765;775;1;2;3874;
751;770;1;2;5608;
748;719;1;2;6938;
748;775;1;2;7029;
725;772;1;2;235;
703;789;1;2;7783;
773;707;1;2;18081;
782;792;1;2;16042;
720;755;1;2;9652;
716;705;1;2;7542;
748;722;1;2;14590;
744;725;1;2;15353;
732;725;1;2;909;
767;774;1;2;8214;
777;799;1;2;9643;
742;702;1;2;17132;
768;728;1;2;853;
762;762;1;2;8166;
749;782;1;2;11286;
748;750;1;2;8982;
742;799;1;2;2587;
760;795;1;2;6401;
799;779;1;2;16308;
758;746;1;2;4856;
744;775;1;2;1449;
754;769;1;2;16481;
701;738;1;2;3910;
707;752;1;2;3639;
706;701;1;2;11658;
713;702;1;2;4804;
724;744;1;2;6603;
758;756;1;2;7685;
770;756;1;2;7035;
707;766;1;2;6086;
718;762;1;2;10750;
780;716;1;2;15757;
797;769;1;2;15645;
742;776;1;2;16367;
701;735;1;2;1970;
742;748;1;2;7480;
786;724;1;2;15066;
0;1;181;181;
1;1;336;1086;
2;1;112;1612;
3;1;221;2471;
4;1;6;3006;
5;1;370;4120;
6;1;16;4516;
7;1;313;5563;
8;1;313;6313;
9;1;159;6909;
10;1;333;7833;
11;1;150;8400;
12;1;252;9252;
13;1;338;10088;
14;1;218;10718;
15;1;40;11290;
16;1;136;12136;
17;1;262;13012;
18;1;368;13868;
19;1;80;14330;
