****5****
100
781;769;1;2;0;
777;763;1;2;0;
797;790;1;2;0;
724;776;1;2;0;
792;735;1;2;0;
759;705;1;2;0;
703;757;1;2;0;
765;734;1;2;0;
760;728;1;2;0;
746;777;1;2;0;
785;702;1;2;0;
719;727;1;2;0;
731;722;1;2;0;
747;773;1;2;0;
789;745;1;2;0;
756;722;1;2;0;
714;734;1;2;0;
737;763;1;2;0;
724;761;1;2;0;
740;716;1;2;0;
748;751;1;2;0;
773;751;1;2;0;
708;738;1;2;0;
737;720;1;2;0;
718;736;1;2;0;
797;756;1;2;0;
738;717;1;2;0;
783;722;1;2;0;
791;782;1;2;0;
795;732;1;2;0;
779;751;1;2;0;
706;794;1;2;0;
785;743;1;2;0;
757;761;1;2;0;
756;749;1;2;0;
729;704;1;2;0;
700;703;1;2;0;
707;708;1;2;0;
793;797;1;2;0;
729;712;1;2;0;
733;726;1;2;0;
768;771;1;2;0;
795;703;1;2;0;
793;786;1;2;0;
785;740;1;2;0;
770;765;1;2;0;
792;776;1;2;0;
711;729;1;2;0;
719;720;1;2;0;
791;727;1;2;0;
770;720;1;2;18530;
770;775;1;2;12185;
779;721;1;2;16811;
760;733;1;2;15273;
738;753;1;2;3902;
734;708;1;2;1887;
772;793;1;2;12010;
743;710;1;2;14494;
771;721;1;2;2149;
743;794;1;2;3214;
770;764;1;2;122;
754;786;1;2;13172;
797;765;1;2;13579;
789;777;1;2;4965;
762;716;1;2;6143;
710;702;1;2;9427;
752;774;1;2;7077;
787;769;1;2;17461;
765;741;1;2;9117;
773;736;1;2;12227;
724;706;1;2;17116;
700;712;1;2;16304;
751;761;1;2;4009;
723;750;1;2;9353;
780;764;1;2;2509;
790;775;1;2;18706;
760;779;1;2;14402;
723;766;1;2;17188;
749;732;1;2;8473;
749;757;1;2;10476;
742;734;1;2;14400;
752;734;1;2;7897;
748;785;1;2;15279;
761;708;1;2;9235;
752;740;1;2;11658;
759;782;1;2;13208;
768;742;1;2;3643;
704;717;1;2;479;
761;719;1;2;6083;
711;720;1;2;9360;
745;762;1;2;6901;
789;766;1;2;12073;
794;766;1;2;18182;
713;728;1;2;7927;
734;780;1;2;17153;
767;740;1;2;7879;
780;760;1;2;1661;
720;716;1;2;12198;
778;777;1;2;18335;
721;788;1;2;17060;
0;1;222;222;
1;1;11;761;
2;1;130;1630;
3;1;131;2381;
4;1;228;3228;
5;1;46;3796;
6;1;101;4601;
7;1;222;5472;
8;1;13;6013;
9;1;206;6956;
10;1;212;7712;
11;1;18;8268;
12;1;71;9071;
13;1;146;9896;
14;1;198;10698;
15;1;251;11501;
16;1;166;12166;
17;1;140;12890;
18;1;265;13765;
19;1;346;14596;
