****1****
100
707;748;1;2;0;
719;728;1;2;0;
703;737;1;2;0;
772;770;1;2;0;
736;773;1;2;0;
798;708;1;2;0;
705;798;1;2;0;
723;723;1;2;0;
708;727;1;2;0;
768;751;1;2;0;
787;735;1;2;0;
751;782;1;2;0;
793;784;1;2;0;
760;767;1;2;0;
727;777;1;2;0;
715;734;1;2;0;
777;786;1;2;0;
714;780;1;2;0;
723;738;1;2;0;
750;760;1;2;0;
711;700;1;2;0;
720;717;1;2;0;
750;744;1;2;0;
740;711;1;2;0;
723;760;1;2;0;
762;762;1;2;0;
748;765;1;2;0;
744;793;1;2;0;
749;704;1;2;0;
760;728;1;2;0;
781;775;1;2;0;
714;758;1;2;0;
762;780;1;2;0;
790;785;1;2;0;
718;792;1;2;0;
797;781;1;2;0;
793;718;1;2;0;
798;795;1;2;0;
714;790;1;2;0;
706;789;1;2;0;
703;720;1;2;0;
751;751;1;2;0;
785;795;1;2;0;
744;786;1;2;0;
799;756;1;2;0;
766;733;1;2;0;
732;780;1;2;0;
743;746;1;2;0;
712;786;1;2;0;
731;730;1;2;0;
778;781;1;2;17533;
723;799;1;2;17514;
771;765;1;2;10642;
777;754;1;2;17300;
750;705;1;2;3625;
735;700;1;2;16296;
774;751;1;2;1986;
740;736;1;2;7030;
773;732;1;2;6567;
785;718;1;2;17918;
768;748;1;2;11290;
780;772;1;2;17085;
742;743;1;2;6974;
747;772;1;2;2181;
707;722;1;2;17839;
718;710;1;2;8481;
725;736;1;2;15533;
789;728;1;2;18669;
736;753;1;2;379;
730;739;1;2;1257;
707;707;1;2;1934;
765;739;1;2;2249;
774;733;1;2;17303;
748;781;1;2;88;
728;740;1;2;2762;
761;759;1;2;16407;
798;784;1;2;2704;
786;725;1;2;8857;
763;762;1;2;12196;
772;744;1;2;13098;
751;751;1;2;1338;
779;768;1;2;1071;
730;794;1;2;16568;
725;742;1;2;8839;
796;722;1;2;7313;
789;783;1;2;15616;
745;733;1;2;5920;
788;771;1;2;5583;
760;787;1;2;8393;
786;711;1;2;2166;
702;763;1;2;4820;
778;742;1;2;8894;
792;724;1;2;6100;
740;701;1;2;3412;
721;797;1;2;3011;
743;739;1;2;16114;
775;736;1;2;13700;
792;724;1;2;16810;
787;737;1;2;13232;
795;775;1;2;15474;
0;1;299;299;
1;1;78;828;
2;1;89;1589;
3;1;279;2529;
4;1;331;3331;
5;1;108;3858;
6;1;330;4830;
7;1;176;5426;
8;1;33;6033;
9;1;297;7047;
10;1;341;7841;
11;1;59;8309;
12;1;86;9086;
13;1;213;9963;
14;1;209;10709;
15;1;269;11519;
16;1;331;12331;
17;1;148;12898;
18;1;163;13663;
19;1;181;14431;
