****17****
100
790;760;1;2;0;
794;743;1;2;0;
772;751;1;2;0;
744;734;1;2;0;
733;760;1;2;0;
797;796;1;2;0;
750;744;1;2;0;
789;767;1;2;0;
786;776;1;2;0;
788;721;1;2;0;
701;797;1;2;0;
772;704;1;2;0;
732;759;1;2;0;
710;727;1;2;0;
711;720;1;2;0;
795;753;1;2;0;
732;742;1;2;0;
797;704;1;2;0;
793;793;1;2;0;
791;778;1;2;0;
753;788;1;2;0;
726;755;1;2;0;
784;715;1;2;0;
722;771;1;2;0;
791;710;1;2;0;
744;744;1;2;0;
759;717;1;2;0;
701;744;1;2;0;
728;763;1;2;0;
771;739;1;2;0;
735;718;1;2;0;
745;767;1;2;0;
760;794;1;2;0;
724;706;1;2;0;
787;715;1;2;0;
784;740;1;2;0;
755;711;1;2;0;
795;739;1;2;0;
726;770;1;2;0;
762;770;1;2;0;
780;707;1;2;0;
766;792;1;2;0;
724;767;1;2;0;
736;752;1;2;0;
782;759;1;2;0;
744;717;1;2;0;
777;789;1;2;0;
785;790;1;2;0;
783;709;1;2;0;
796;722;1;2;0;
776;780;1;2;15212;
731;791;1;2;3575;
770;770;1;2;5748;
733;792;1;2;10132;
792;758;1;2;2597;
716;726;1;2;2297;
720;760;1;2;17743;
764;778;1;2;7718;
705;763;1;2;2742;
740;724;1;2;4981;
762;700;1;2;17796;
776;783;1;2;12362;
738;705;1;2;14527;
717;790;1;2;17313;
781;782;1;2;14167;
737;798;1;2;5666;
733;719;1;2;12522;
736;735;1;2;15598;
721;741;1;2;2503;
795;781;1;2;9912;
766;796;1;2;17158;
769;772;1;2;17140;
715;762;1;2;1796;
784;780;1;2;4060;
744;713;1;2;1869;
763;703;1;2;18672;
712;736;1;2;15471;
770;725;1;2;15176;
757;798;1;2;13363;
708;793;1;2;3351;
734;711;1;2;15705;
713;732;1;2;14891;
726;700;1;2;4483;
793;736;1;2;2360;
703;780;1;2;12032;
795;796;1;2;5215;
785;708;1;2;8464;
747;730;1;2;2021;
796;788;1;2;12355;
738;748;1;2;10214;
761;734;1;2;7200;
733;799;1;2;7867;
729;726;1;2;318;
735;771;1;2;4588;
726;774;1;2;12617;
730;769;1;2;1071;
789;707;1;2;13118;
736;706;1;2;5026;
709;754;1;2;16653;
731;792;1;2;13000;
0;1;223;223;
1;1;254;1004;
2;1;70;1570;
3;1;226;2476;
4;1;237;3237;
5;1;219;3969;
6;1;315;4815;
7;1;141;5391;
8;1;172;6172;
9;1;127;6877;
10;1;104;7604;
11;1;96;8346;
12;1;252;9252;
13;1;7;9757;
14;1;220;10720;
15;1;34;11284;
16;1;214;12214;
17;1;117;12867;
18;1;263;13763;
19;1;128;14378;
