****18****
100
750;753;1;2;0;
740;756;1;2;0;
724;749;1;2;0;
762;784;1;2;0;
733;754;1;2;0;
795;780;1;2;0;
707;789;1;2;0;
707;746;1;2;0;
735;746;1;2;0;
713;758;1;2;0;
797;768;1;2;0;
753;700;1;2;0;
749;723;1;2;0;
784;712;1;2;0;
766;748;1;2;0;
716;768;1;2;0;
701;757;1;2;0;
776;777;1;2;0;
758;738;1;2;0;
713;791;1;2;0;
792;709;1;2;0;
772;751;1;2;0;
798;779;1;2;0;
797;785;1;2;0;
778;763;1;2;0;
744;727;1;2;0;
731;797;1;2;0;
728;733;1;2;0;
772;764;1;2;0;
745;790;1;2;0;
764;714;1;2;0;
758;717;1;2;0;
723;734;1;2;0;
794;781;1;2;0;
724;708;1;2;0;
725;716;1;2;0;
717;749;1;2;0;
768;767;1;2;0;
780;717;1;2;0;
753;758;1;2;0;
732;797;1;2;0;
786;716;1;2;0;
794;766;1;2;0;
749;767;1;2;0;
730;746;1;2;0;
757;746;1;2;0;
760;768;1;2;0;
763;783;1;2;0;
754;757;1;2;0;
717;779;1;2;0;
717;794;1;2;8857;
734;743;1;2;9129;
754;775;1;2;12117;
707;786;1;2;11430;
704;772;1;2;10363;
750;790;1;2;9786;
717;772;1;2;8073;
727;718;1;2;16139;
795;781;1;2;8176;
749;790;1;2;16669;
780;760;1;2;10376;
728;746;1;2;16310;
743;700;1;2;15128;
780;707;1;2;9803;
750;763;1;2;3084;
735;714;1;2;9314;
770;731;1;2;9366;
751;710;1;2;13650;
792;757;1;2;1474;
769;759;1;2;10980;
715;739;1;2;14165;
703;767;1;2;5593;
738;763;1;2;16804;
749;743;1;2;7326;
745;745;1;2;15819;
714;781;1;2;17268;
724;751;1;2;5823;
707;702;1;2;9215;
707;746;1;2;7724;
741;768;1;2;5524;
717;783;1;2;14690;
753;739;1;2;5461;
783;777;1;2;12341;
766;778;1;2;15452;
709;724;1;2;7472;
715;790;1;2;10895;
783;714;1;2;10134;
786;773;1;2;1133;
700;733;1;2;32;
724;726;1;2;13891;
706;743;1;2;9748;
780;796;1;2;16731;
722;731;1;2;404;
778;750;1;2;13396;
730;759;1;2;2637;
776;774;1;2;2091;
754;709;1;2;14451;
784;747;1;2;4958;
719;700;1;2;6015;
749;724;1;2;345;
0;1;127;127;
1;1;283;1033;
2;1;93;1593;
3;1;163;2413;
4;1;16;3016;
5;1;191;3941;
6;1;164;4664;
7;1;340;5590;
8;1;300;6300;
9;1;243;6993;
10;1;368;7868;
11;1;350;8600;
12;1;303;9303;
13;1;324;10074;
14;1;136;10636;
15;1;111;11361;
16;1;302;12302;
17;1;260;13010;
18;1;110;13610;
19;1;106;14356;
