****12****
100
773;715;1;2;0;
701;737;1;2;0;
720;710;1;2;0;
784;786;1;2;0;
798;743;1;2;0;
771;751;1;2;0;
772;782;1;2;0;
759;728;1;2;0;
701;790;1;2;0;
715;701;1;2;0;
789;770;1;2;0;
746;758;1;2;0;
726;718;1;2;0;
766;763;1;2;0;
773;733;1;2;0;
710;746;1;2;0;
748;763;1;2;0;
735;720;1;2;0;
773;719;1;2;0;
707;724;1;2;0;
714;730;1;2;0;
775;739;1;2;0;
712;734;1;2;0;
719;765;1;2;0;
777;734;1;2;0;
767;718;1;2;0;
704;765;1;2;0;
729;731;1;2;0;
783;795;1;2;0;
794;756;1;2;0;
781;757;1;2;0;
754;729;1;2;0;
720;790;1;2;0;
750;746;1;2;0;
761;709;1;2;0;
770;776;1;2;0;
739;797;1;2;0;
715;703;1;2;0;
783;734;1;2;0;
768;712;1;2;0;
768;735;1;2;0;
731;725;1;2;0;
700;760;1;2;0;
708;784;1;2;0;
707;702;1;2;0;
792;788;1;2;0;
711;799;1;2;0;
770;784;1;2;0;
741;772;1;2;0;
730;702;1;2;0;
781;752;1;2;12191;
720;749;1;2;12131;
723;732;1;2;3112;
743;797;1;2;3252;
779;728;1;2;16700;
779;740;1;2;2173;
715;799;1;2;8753;
760;788;1;2;13460;
759;710;1;2;7803;
752;782;1;2;1340;
706;763;1;2;5218;
789;735;1;2;8;
786;710;1;2;17393;
770;753;1;2;15967;
726;784;1;2;494;
755;716;1;2;12488;
744;731;1;2;17857;
787;743;1;2;1382;
742;754;1;2;16520;
781;706;1;2;760;
702;765;1;2;14798;
775;754;1;2;16016;
797;740;1;2;18238;
756;762;1;2;474;
711;788;1;2;13571;
795;795;1;2;6764;
770;791;1;2;12723;
797;779;1;2;13396;
712;773;1;2;14473;
737;755;1;2;11516;
744;709;1;2;5617;
718;785;1;2;2346;
727;734;1;2;7212;
798;742;1;2;4578;
775;754;1;2;16445;
736;749;1;2;3262;
713;771;1;2;3587;
773;769;1;2;14046;
729;781;1;2;3975;
788;719;1;2;12056;
757;715;1;2;2127;
791;786;1;2;10287;
727;713;1;2;5664;
707;764;1;2;11157;
750;739;1;2;5233;
734;727;1;2;515;
765;740;1;2;9492;
739;765;1;2;12518;
793;795;1;2;4353;
772;735;1;2;1518;
0;1;32;32;
1;1;270;1020;
2;1;303;1803;
3;1;202;2452;
4;1;61;3061;
5;1;14;3764;
6;1;108;4608;
7;1;140;5390;
8;1;29;6029;
9;1;150;6900;
10;1;347;7847;
11;1;368;8618;
12;1;332;9332;
13;1;375;10125;
14;1;334;10834;
15;1;21;11271;
16;1;309;12309;
17;1;86;12836;
18;1;135;13635;
19;1;276;14526;
