****2****
100
783;715;1;2;0;
725;759;1;2;0;
792;712;1;2;0;
748;704;1;2;0;
759;723;1;2;0;
780;759;1;2;0;
753;770;1;2;0;
763;760;1;2;0;
703;794;1;2;0;
760;760;1;2;0;
790;701;1;2;0;
770;750;1;2;0;
715;778;1;2;0;
796;772;1;2;0;
725;710;1;2;0;
752;760;1;2;0;
777;729;1;2;0;
772;770;1;2;0;
793;720;1;2;0;
726;753;1;2;0;
796;758;1;2;0;
712;701;1;2;0;
729;727;1;2;0;
761;732;1;2;0;
721;774;1;2;0;
744;764;1;2;0;
727;714;1;2;0;
766;742;1;2;0;
745;762;1;2;0;
714;770;1;2;0;
724;718;1;2;0;
783;702;1;2;0;
748;755;1;2;0;
772;741;1;2;0;
727;798;1;2;0;
746;723;1;2;0;
709;711;1;2;0;
724;738;1;2;0;
738;738;1;2;0;
722;712;1;2;0;
712;766;1;2;0;
776;739;1;2;0;
732;742;1;2;0;
781;777;1;2;0;
757;747;1;2;0;
700;781;1;2;0;
765;783;1;2;0;
735;765;1;2;0;
790;707;1;2;0;
759;717;1;2;0;
758;705;1;2;7189;
767;716;1;2;4482;
757;755;1;2;13484;
779;767;1;2;12415;
797;795;1;2;8783;
729;789;1;2;8494;
759;798;1;2;18696;
759;732;1;2;17724;
794;767;1;2;7081;
784;727;1;2;9412;
753;785;1;2;2088;
746;704;1;2;15098;
716;713;1;2;18653;
723;792;1;2;17152;
795;789;1;2;14654;
757;770;1;2;4741;
701;729;1;2;4169;
743;740;1;2;5609;
751;786;1;2;16853;
777;770;1;2;4329;
761;776;1;2;6480;
751;722;1;2;5606;
710;738;1;2;5391;
723;714;1;2;5940;
708;709;1;2;790;
787;766;1;2;14253;
708;719;1;2;8967;
776;763;1;2;3402;
727;766;1;2;2862;
794;795;1;2;7865;
740;757;1;2;6245;
723;760;1;2;17320;
710;770;1;2;8069;
762;746;1;2;10729;
706;754;1;2;5720;
791;793;1;2;1826;
747;702;1;2;7540;
784;778;1;2;9565;
713;705;1;2;6874;
729;752;1;2;6547;
768;744;1;2;4754;
730;768;1;2;10205;
719;730;1;2;6002;
799;793;1;2;17422;
740;751;1;2;10871;
795;743;1;2;7626;
768;742;1;2;5805;
760;726;1;2;2956;
716;791;1;2;4688;
742;721;1;2;2482;
0;1;289;289;
1;1;15;765;
2;1;171;1671;
3;1;218;2468;
4;1;272;3272;
5;1;241;3991;
6;1;9;4509;
7;1;219;5469;
8;1;46;6046;
9;1;370;7120;
10;1;43;7543;
11;1;291;8541;
12;1;280;9280;
13;1;160;9910;
14;1;268;10768;
15;1;18;11268;
16;1;155;12155;
17;1;338;13088;
18;1;200;13700;
19;1;23;14273;
