****14****
100
765;774;1;2;0;
756;752;1;2;0;
783;750;1;2;0;
752;793;1;2;0;
736;776;1;2;0;
700;769;1;2;0;
711;764;1;2;0;
739;768;1;2;0;
735;779;1;2;0;
732;773;1;2;0;
787;714;1;2;0;
724;791;1;2;0;
729;792;1;2;0;
755;741;1;2;0;
780;775;1;2;0;
795;797;1;2;0;
749;703;1;2;0;
701;732;1;2;0;
706;753;1;2;0;
778;742;1;2;0;
730;730;1;2;0;
763;793;1;2;0;
794;703;1;2;0;
714;730;1;2;0;
734;746;1;2;0;
755;774;1;2;0;
713;779;1;2;0;
765;742;1;2;0;
723;772;1;2;0;
735;704;1;2;0;
747;782;1;2;0;
753;749;1;2;0;
786;755;1;2;0;
781;792;1;2;0;
760;711;1;2;0;
786;742;1;2;0;
742;702;1;2;0;
736;788;1;2;0;
705;750;1;2;0;
718;791;1;2;0;
748;725;1;2;0;
765;761;1;2;0;
705;730;1;2;0;
755;780;1;2;0;
703;790;1;2;0;
736;702;1;2;0;
725;790;1;2;0;
751;763;1;2;0;
797;785;1;2;0;
707;757;1;2;0;
796;793;1;2;5380;
790;747;1;2;7004;
779;752;1;2;13915;
749;744;1;2;3888;
775;761;1;2;8859;
732;744;1;2;10979;
712;799;1;2;2940;
749;701;1;2;2565;
791;753;1;2;14797;
788;790;1;2;5338;
797;786;1;2;3730;
797;777;1;2;6781;
737;708;1;2;7681;
727;757;1;2;7908;
766;732;1;2;15342;
770;716;1;2;15633;
729;729;1;2;10074;
731;730;1;2;11746;
758;773;1;2;2897;
700;713;1;2;11184;
797;710;1;2;13628;
792;760;1;2;10030;
782;797;1;2;61;
776;725;1;2;729;
719;743;1;2;11499;
723;713;1;2;8743;
771;742;1;2;13974;
718;726;1;2;15975;
766;736;1;2;5064;
720;737;1;2;4618;
763;734;1;2;308;
745;726;1;2;4135;
756;760;1;2;16481;
775;789;1;2;13760;
752;708;1;2;5367;
761;731;1;2;13405;
738;702;1;2;16859;
745;720;1;2;18668;
733;738;1;2;9268;
795;758;1;2;15586;
769;774;1;2;5458;
754;771;1;2;6871;
751;728;1;2;7857;
794;703;1;2;3967;
713;707;1;2;15239;
776;720;1;2;6269;
703;759;1;2;11441;
725;756;1;2;15456;
773;741;1;2;11309;
758;788;1;2;1899;
0;1;205;205;
1;1;334;1084;
2;1;152;1652;
3;1;313;2563;
4;1;115;3115;
5;1;73;3823;
6;1;25;4525;
7;1;92;5342;
8;1;278;6278;
9;1;322;7072;
10;1;261;7761;
11;1;132;8382;
12;1;33;9033;
13;1;51;9801;
14;1;316;10816;
15;1;179;11429;
16;1;129;12129;
17;1;187;12937;
18;1;183;13683;
19;1;235;14485;
