****7****
100
716;714;1;2;0;
736;762;1;2;0;
755;738;1;2;0;
776;744;1;2;0;
755;761;1;2;0;
714;721;1;2;0;
792;721;1;2;0;
704;764;1;2;0;
782;771;1;2;0;
734;732;1;2;0;
704;755;1;2;0;
782;775;1;2;0;
789;733;1;2;0;
745;793;1;2;0;
724;761;1;2;0;
726;740;1;2;0;
776;714;1;2;0;
703;783;1;2;0;
752;731;1;2;0;
779;759;1;2;0;
744;794;1;2;0;
732;737;1;2;0;
715;737;1;2;0;
701;749;1;2;0;
708;735;1;2;0;
781;765;1;2;0;
742;715;1;2;0;
740;732;1;2;0;
701;737;1;2;0;
777;725;1;2;0;
799;703;1;2;0;
765;727;1;2;0;
717;720;1;2;0;
710;721;1;2;0;
704;741;1;2;0;
780;748;1;2;0;
787;764;1;2;0;
737;702;1;2;0;
701;790;1;2;0;
703;762;1;2;0;
777;736;1;2;0;
727;720;1;2;0;
752;767;1;2;0;
704;753;1;2;0;
705;781;1;2;0;
730;756;1;2;0;
784;795;1;2;0;
783;753;1;2;0;
768;745;1;2;0;
726;772;1;2;0;
786;758;1;2;17739;
774;722;1;2;10812;
728;776;1;2;17547;
784;738;1;2;16145;
720;765;1;2;3446;
724;784;1;2;7154;
729;741;1;2;7238;
759;797;1;2;2840;
755;732;1;2;10874;
775;777;1;2;15028;
747;716;1;2;577;
719;742;1;2;3907;
729;770;1;2;9414;
730;754;1;2;15259;
760;727;1;2;6354;
710;751;1;2;6904;
764;781;1;2;2528;
799;792;1;2;17374;
770;799;1;2;12802;
746;774;1;2;1269;
748;721;1;2;3584;
760;741;1;2;14790;
794;722;1;2;4332;
705;752;1;2;13585;
753;764;1;2;7056;
771;774;1;2;11619;
721;738;1;2;17326;
764;789;1;2;15331;
705;759;1;2;12782;
731;705;1;2;2899;
734;753;1;2;14627;
705;713;1;2;16076;
718;708;1;2;4814;
753;765;1;2;17138;
795;770;1;2;6320;
764;741;1;2;1177;
785;762;1;2;7750;
790;779;1;2;2395;
788;784;1;2;83;
734;767;1;2;17193;
706;753;1;2;6995;
799;710;1;2;6451;
786;780;1;2;7341;
743;734;1;2;328;
756;781;1;2;6179;
734;746;1;2;6989;
739;783;1;2;15171;
734;773;1;2;14501;
766;762;1;2;15731;
710;748;1;2;12914;
0;1;111;111;
1;1;180;930;
2;1;9;1509;
3;1;16;2266;
4;1;206;3206;
5;1;245;3995;
6;1;86;4586;
7;1;92;5342;
8;1;75;6075;
9;1;365;7115;
10;1;362;7862;
11;1;261;8511;
12;1;60;9060;
13;1;146;9896;
14;1;243;10743;
15;1;78;11328;
16;1;355;12355;
17;1;239;12989;
18;1;263;13763;
19;1;371;14621;
