****10****
100
776;703;1;2;0;
780;797;1;2;0;
729;747;1;2;0;
751;734;1;2;0;
741;733;1;2;0;
794;717;1;2;0;
716;773;1;2;0;
734;735;1;2;0;
769;793;1;2;0;
746;759;1;2;0;
761;762;1;2;0;
756;706;1;2;0;
708;725;1;2;0;
763;782;1;2;0;
724;701;1;2;0;
701;752;1;2;0;
756;734;1;2;0;
701;785;1;2;0;
781;705;1;2;0;
772;722;1;2;0;
790;766;1;2;0;
791;706;1;2;0;
740;726;1;2;0;
793;709;1;2;0;
771;739;1;2;0;
720;732;1;2;0;
702;776;1;2;0;
791;762;1;2;0;
753;706;1;2;0;
744;730;1;2;0;
707;798;1;2;0;
734;715;1;2;0;
732;788;1;2;0;
753;713;1;2;0;
745;725;1;2;0;
735;735;1;2;0;
791;727;1;2;0;
793;783;1;2;0;
705;739;1;2;0;
792;776;1;2;0;
778;712;1;2;0;
760;732;1;2;0;
740;703;1;2;0;
794;746;1;2;0;
710;791;1;2;0;
728;769;1;2;0;
789;714;1;2;0;
785;721;1;2;0;
754;738;1;2;0;
734;751;1;2;0;
715;721;1;2;145;
706;748;1;2;2474;
790;705;1;2;13694;
734;781;1;2;1034;
799;794;1;2;6172;
791;797;1;2;17346;
789;707;1;2;17101;
717;729;1;2;4935;
784;766;1;2;16854;
738;756;1;2;17722;
742;771;1;2;9412;
728;777;1;2;13559;
712;719;1;2;6216;
735;754;1;2;71;
789;705;1;2;14580;
775;796;1;2;14836;
755;738;1;2;10000;
779;755;1;2;4170;
743;791;1;2;10009;
777;782;1;2;8106;
748;724;1;2;1586;
741;704;1;2;13634;
735;769;1;2;13624;
734;704;1;2;9532;
766;745;1;2;1815;
793;720;1;2;18488;
769;728;1;2;13906;
752;707;1;2;11526;
717;750;1;2;7425;
747;779;1;2;18112;
786;780;1;2;10557;
743;721;1;2;10278;
782;756;1;2;6506;
789;790;1;2;6313;
753;757;1;2;10732;
723;702;1;2;12693;
741;771;1;2;17412;
797;775;1;2;16618;
760;792;1;2;2002;
767;792;1;2;9171;
704;778;1;2;18344;
717;773;1;2;13560;
787;756;1;2;13887;
725;797;1;2;1281;
768;750;1;2;73;
709;725;1;2;6092;
770;718;1;2;3294;
759;767;1;2;565;
707;728;1;2;15318;
705;795;1;2;196;
0;1;188;188;
1;1;178;928;
2;1;257;1757;
3;1;323;2573;
4;1;47;3047;
5;1;333;4083;
6;1;232;4732;
7;1;61;5311;
8;1;314;6314;
9;1;172;6922;
10;1;237;7737;
11;1;86;8336;
12;1;354;9354;
13;1;57;9807;
14;1;88;10588;
15;1;321;11571;
16;1;366;12366;
17;1;89;12839;
18;1;39;13539;
19;1;38;14288;
