****11****
100
783;705;1;2;0;
748;751;1;2;0;
797;755;1;2;0;
731;733;1;2;0;
713;778;1;2;0;
762;700;1;2;0;
782;720;1;2;0;
750;704;1;2;0;
752;731;1;2;0;
716;792;1;2;0;
752;702;1;2;0;
777;707;1;2;0;
709;717;1;2;0;
702;776;1;2;0;
782;791;1;2;0;
714;765;1;2;0;
748;762;1;2;0;
716;745;1;2;0;
770;799;1;2;0;
730;783;1;2;0;
778;792;1;2;0;
735;760;1;2;0;
765;785;1;2;0;
716;769;1;2;0;
716;733;1;2;0;
762;720;1;2;0;
787;791;1;2;0;
728;796;1;2;0;
760;782;1;2;0;
725;742;1;2;0;
725;791;1;2;0;
760;773;1;2;0;
705;728;1;2;0;
770;775;1;2;0;
728;701;1;2;0;
710;706;1;2;0;
745;798;1;2;0;
718;710;1;2;0;
783;735;1;2;0;
732;752;1;2;0;
768;746;1;2;0;
724;707;1;2;0;
789;704;1;2;0;
704;750;1;2;0;
787;781;1;2;0;
792;712;1;2;0;
724;752;1;2;0;
786;729;1;2;0;
781;756;1;2;0;
757;761;1;2;0;
709;719;1;2;16825;
755;717;1;2;6116;
717;753;1;2;3070;
749;757;1;2;10741;
795;781;1;2;15234;
785;786;1;2;3517;
787;773;1;2;11837;
779;737;1;2;5936;
784;723;1;2;14707;
717;732;1;2;12449;
778;741;1;2;2759;
797;796;1;2;6828;
734;714;1;2;2751;
759;715;1;2;9713;
751;763;1;2;17243;
703;748;1;2;1830;
759;735;1;2;918;
748;766;1;2;16560;
761;702;1;2;11667;
756;719;1;2;16043;
707;749;1;2;640;
778;746;1;2;12357;
719;733;1;2;10673;
712;792;1;2;10982;
715;795;1;2;6543;
799;799;1;2;2996;
721;710;1;2;3108;
716;711;1;2;2902;
700;724;1;2;6830;
760;732;1;2;17941;
752;740;1;2;3468;
786;770;1;2;5611;
768;789;1;2;11734;
716;754;1;2;11664;
779;769;1;2;16142;
706;768;1;2;2901;
732;789;1;2;6338;
798;757;1;2;7409;
778;709;1;2;17557;
712;770;1;2;1860;
718;722;1;2;15775;
774;708;1;2;12430;
780;728;1;2;10784;
767;744;1;2;343;
750;776;1;2;4065;
780;782;1;2;13820;
710;766;1;2;18194;
702;764;1;2;5976;
757;794;1;2;17984;
788;759;1;2;9633;
0;1;178;178;
1;1;80;830;
2;1;60;1560;
3;1;307;2557;
4;1;156;3156;
5;1;95;3845;
6;1;157;4657;
7;1;286;5536;
8;1;124;6124;
9;1;298;7048;
10;1;80;7580;
11;1;345;8595;
12;1;218;9218;
13;1;230;9980;
14;1;221;10721;
15;1;309;11559;
16;1;213;12213;
17;1;105;12855;
18;1;91;13591;
19;1;98;14348;
