****4****
100
719;754;1;2;0;
701;793;1;2;0;
762;713;1;2;0;
798;750;1;2;0;
765;780;1;2;0;
784;736;1;2;0;
744;778;1;2;0;
738;772;1;2;0;
702;705;1;2;0;
714;707;1;2;0;
708;725;1;2;0;
757;796;1;2;0;
724;774;1;2;0;
781;792;1;2;0;
775;791;1;2;0;
709;746;1;2;0;
797;763;1;2;0;
740;759;1;2;0;
776;738;1;2;0;
762;793;1;2;0;
771;798;1;2;0;
781;767;1;2;0;
777;771;1;2;0;
739;731;1;2;0;
777;754;1;2;0;
739;737;1;2;0;
779;748;1;2;0;
785;756;1;2;0;
723;767;1;2;0;
700;798;1;2;0;
710;710;1;2;0;
796;759;1;2;0;
773;736;1;2;0;
718;701;1;2;0;
727;732;1;2;0;
746;798;1;2;0;
783;779;1;2;0;
765;760;1;2;0;
750;757;1;2;0;
791;779;1;2;0;
711;782;1;2;0;
768;742;1;2;0;
783;754;1;2;0;
750;706;1;2;0;
773;751;1;2;0;
756;783;1;2;0;
713;752;1;2;0;
742;786;1;2;0;
741;712;1;2;0;
739;768;1;2;0;
797;737;1;2;15840;
780;716;1;2;4090;
792;718;1;2;4360;
783;798;1;2;10448;
718;718;1;2;14427;
701;772;1;2;13043;
759;745;1;2;17285;
767;780;1;2;3745;
719;774;1;2;13986;
712;739;1;2;3229;
780;736;1;2;8274;
798;768;1;2;15567;
734;760;1;2;2885;
726;743;1;2;3038;
734;713;1;2;9702;
784;714;1;2;6769;
784;725;1;2;8542;
788;792;1;2;15463;
704;764;1;2;10496;
707;776;1;2;6416;
700;757;1;2;16534;
731;707;1;2;79;
729;741;1;2;16965;
794;720;1;2;2932;
761;706;1;2;5751;
795;790;1;2;3524;
753;774;1;2;18089;
756;762;1;2;1759;
792;767;1;2;13880;
755;726;1;2;17233;
756;778;1;2;3965;
794;709;1;2;14174;
751;791;1;2;14447;
717;785;1;2;9146;
730;747;1;2;8719;
756;794;1;2;2220;
797;747;1;2;14822;
716;755;1;2;14178;
727;748;1;2;2920;
702;755;1;2;13785;
753;711;1;2;372;
714;757;1;2;1834;
730;709;1;2;14989;
791;778;1;2;17349;
773;708;1;2;18573;
760;764;1;2;8498;
790;714;1;2;7137;
794;730;1;2;9788;
712;709;1;2;13164;
750;711;1;2;9010;
0;1;364;364;
1;1;117;867;
2;1;47;1547;
3;1;358;2608;
4;1;281;3281;
5;1;129;3879;
6;1;112;4612;
7;1;263;5513;
8;1;65;6065;
9;1;33;6783;
10;1;130;7630;
11;1;318;8568;
12;1;65;9065;
13;1;255;10005;
14;1;76;10576;
15;1;46;11296;
16;1;117;12117;
17;1;343;13093;
18;1;296;13796;
19;1;82;14332;
