****6****
100
750;770;1;2;0;
792;718;1;2;0;
720;722;1;2;0;
796;790;1;2;0;
743;736;1;2;0;
779;716;1;2;0;
774;735;1;2;0;
723;701;1;2;0;
706;798;1;2;0;
774;795;1;2;0;
778;761;1;2;0;
764;775;1;2;0;
733;761;1;2;0;
777;773;1;2;0;
703;766;1;2;0;
745;705;1;2;0;
788;737;1;2;0;
723;709;1;2;0;
760;719;1;2;0;
751;755;1;2;0;
708;730;1;2;0;
772;734;1;2;0;
718;795;1;2;0;
735;724;1;2;0;
794;761;1;2;0;
771;724;1;2;0;
722;735;1;2;0;
700;708;1;2;0;
748;729;1;2;0;
781;751;1;2;0;
796;727;1;2;0;
756;736;1;2;0;
716;732;1;2;0;
797;776;1;2;0;
703;748;1;2;0;
732;711;1;2;0;
731;704;1;2;0;
745;749;1;2;0;
751;732;1;2;0;
725;745;1;2;0;
794;796;1;2;0;
722;768;1;2;0;
783;722;1;2;0;
776;783;1;2;0;
703;710;1;2;0;
735;751;1;2;0;
789;743;1;2;0;
788;705;1;2;0;
727;785;1;2;0;
734;731;1;2;0;
734;766;1;2;17891;
765;722;1;2;16147;
714;725;1;2;12627;
739;771;1;2;1706;
787;745;1;2;10198;
722;719;1;2;11561;
705;722;1;2;6233;
792;774;1;2;5938;
788;762;1;2;8399;
715;799;1;2;13372;
746;733;1;2;2807;
741;750;1;2;2091;
733;716;1;2;2578;
709;707;1;2;8700;
732;746;1;2;3993;
723;768;1;2;17695;
790;774;1;2;15478;
720;766;1;2;3203;
790;754;1;2;3314;
766;770;1;2;13592;
728;768;1;2;1954;
756;761;1;2;8714;
758;746;1;2;1437;
738;756;1;2;16269;
740;740;1;2;9787;
736;763;1;2;9174;
702;753;1;2;9110;
791;725;1;2;3371;
754;716;1;2;18645;
779;734;1;2;14726;
756;763;1;2;12362;
718;719;1;2;17314;
730;730;1;2;1607;
711;720;1;2;8747;
700;760;1;2;2939;
735;796;1;2;6510;
738;751;1;2;5648;
768;742;1;2;6588;
716;797;1;2;15267;
718;728;1;2;2582;
795;736;1;2;12786;
740;754;1;2;4562;
746;737;1;2;17502;
751;748;1;2;16683;
712;700;1;2;16312;
765;735;1;2;14877;
781;726;1;2;3584;
703;746;1;2;11155;
750;714;1;2;8799;
717;784;1;2;6452;
0;1;317;317;
1;1;5;755;
2;1;105;1605;
3;1;132;2382;
4;1;372;3372;
5;1;187;3937;
6;1;166;4666;
7;1;244;5494;
8;1;149;6149;
9;1;234;6984;
10;1;97;7597;
11;1;124;8374;
12;1;145;9145;
13;1;310;10060;
14;1;152;10652;
15;1;120;11370;
16;1;352;12352;
17;1;14;12764;
18;1;267;13767;
19;1;234;14484;
