****16****
100
717;771;1;2;0;
745;703;1;2;0;
766;763;1;2;0;
780;701;1;2;0;
719;758;1;2;0;
720;745;1;2;0;
783;744;1;2;0;
755;799;1;2;0;
772;759;1;2;0;
754;709;1;2;0;
755;735;1;2;0;
733;782;1;2;0;
780;702;1;2;0;
780;785;1;2;0;
795;778;1;2;0;
746;713;1;2;0;
702;792;1;2;0;
716;768;1;2;0;
755;749;1;2;0;
722;726;1;2;0;
707;742;1;2;0;
771;790;1;2;0;
786;779;1;2;0;
790;711;1;2;0;
738;796;1;2;0;
720;745;1;2;0;
731;753;1;2;0;
727;764;1;2;0;
707;707;1;2;0;
749;702;1;2;0;
738;747;1;2;0;
715;740;1;2;0;
791;784;1;2;0;
708;798;1;2;0;
733;782;1;2;0;
725;740;1;2;0;
724;796;1;2;0;
730;763;1;2;0;
727;772;1;2;0;
774;718;1;2;0;
721;746;1;2;0;
763;752;1;2;0;
751;743;1;2;0;
716;758;1;2;0;
750;717;1;2;0;
712;788;1;2;0;
765;780;1;2;0;
780;708;1;2;0;
764;789;1;2;0;
707;797;1;2;0;
723;784;1;2;11071;
748;780;1;2;11586;
711;708;1;2;11781;
737;726;1;2;11069;
783;741;1;2;3739;
734;784;1;2;12639;
744;787;1;2;4406;
756;727;1;2;211;
788;708;1;2;9393;
752;749;1;2;9173;
701;772;1;2;6021;
790;720;1;2;2855;
714;783;1;2;17034;
710;772;1;2;15768;
779;755;1;2;16565;
700;741;1;2;9326;
738;737;1;2;5378;
746;746;1;2;4365;
770;734;1;2;5464;
703;787;1;2;5136;
743;740;1;2;11791;
719;783;1;2;5722;
776;797;1;2;17030;
792;759;1;2;8909;
787;738;1;2;13539;
775;738;1;2;5722;
747;729;1;2;6107;
707;727;1;2;12832;
746;797;1;2;18412;
793;701;1;2;14675;
789;796;1;2;9168;
757;716;1;2;18470;
746;792;1;2;11158;
723;736;1;2;4520;
720;775;1;2;3003;
776;750;1;2;16969;
774;798;1;2;14932;
762;757;1;2;1299;
795;703;1;2;539;
715;796;1;2;3295;
774;785;1;2;12118;
774;742;1;2;2148;
756;741;1;2;499;
736;764;1;2;5454;
726;736;1;2;1903;
755;712;1;2;18538;
726;739;1;2;1812;
726;701;1;2;1227;
705;748;1;2;14526;
781;716;1;2;15178;
0;1;364;364;
1;1;41;791;
2;1;348;1848;
3;1;17;2267;
4;1;15;3015;
5;1;193;3943;
6;1;63;4563;
7;1;97;5347;
8;1;34;6034;
9;1;351;7101;
10;1;233;7733;
11;1;250;8500;
12;1;152;9152;
13;1;111;9861;
14;1;113;10613;
15;1;306;11556;
16;1;318;12318;
17;1;352;13102;
18;1;84;13584;
19;1;344;14594;
