****0****
100
965;552;1;2;0;
504;226;1;2;0;
66;126;1;2;0;
107;143;1;2;0;
341;632;1;2;0;
809;519;1;2;0;
217;896;1;2;0;
621;147;1;2;0;
459;379;1;2;0;
234;430;1;2;0;
173;528;1;2;0;
954;452;1;2;0;
826;976;1;2;0;
726;27;1;2;0;
236;495;1;2;0;
645;200;1;2;0;
47;148;1;2;0;
778;464;1;2;0;
274;884;1;2;0;
607;966;1;2;0;
867;767;1;2;0;
484;83;1;2;0;
662;457;1;2;0;
230;120;1;2;0;
835;815;1;2;0;
901;7;1;2;0;
342;206;1;2;0;
810;167;1;2;0;
182;887;1;2;0;
546;417;1;2;0;
734;190;1;2;0;
969;132;1;2;0;
689;98;1;2;0;
595;314;1;2;0;
333;201;1;2;0;
280;200;1;2;0;
967;115;1;2;0;
634;980;1;2;0;
571;215;1;2;0;
451;757;1;2;0;
29;352;1;2;0;
116;370;1;2;0;
557;925;1;2;0;
889;90;1;2;0;
164;434;1;2;0;
859;897;1;2;0;
623;827;1;2;0;
380;311;1;2;0;
276;974;1;2;0;
977;608;1;2;0;
527;256;1;2;13519;
845;722;1;2;8785;
177;293;1;2;13752;
627;401;1;2;14423;
978;516;1;2;1819;
887;793;1;2;6876;
976;956;1;2;3420;
834;204;1;2;7584;
12;583;1;2;9877;
287;908;1;2;11101;
247;434;1;2;18736;
405;631;1;2;7906;
197;807;1;2;9972;
556;433;1;2;7562;
943;763;1;2;18931;
403;1;1;2;3894;
400;976;1;2;3851;
181;162;1;2;12154;
585;525;1;2;23613;
651;164;1;2;23880;
45;410;1;2;10294;
694;814;1;2;14193;
416;363;1;2;10305;
431;270;1;2;729;
846;564;1;2;879;
128;966;1;2;22898;
851;365;1;2;12272;
232;546;1;2;5942;
465;482;1;2;18744;
983;484;1;2;22877;
409;528;1;2;20204;
269;573;1;2;1491;
462;340;1;2;525;
110;770;1;2;6057;
542;967;1;2;12005;
88;447;1;2;15693;
282;649;1;2;3491;
155;880;1;2;3822;
190;696;1;2;1517;
749;679;1;2;4205;
471;439;1;2;2482;
954;59;1;2;15084;
250;521;1;2;24917;
613;630;1;2;19199;
892;523;1;2;5494;
439;610;1;2;2732;
951;243;1;2;17056;
827;397;1;2;4563;
953;938;1;2;162;
559;686;1;2;6960;
0;1;450;0;
1;1;450;907;
2;1;450;1961;
3;1;450;3020;
4;1;450;4060;
5;1;450;4720;
6;1;450;5613;
7;1;450;6362;
8;1;450;7440;
9;1;450;8397;
10;1;450;9174;
11;1;450;10121;
12;1;450;10950;
13;1;450;11765;
14;1;450;12843;
15;1;450;13674;
16;1;450;14755;
17;1;450;15504;
18;1;450;16492;
19;1;450;17405;
