****9****
300
99;92;1;2;0;
51;85;1;2;0;
34;82;1;2;0;
99;13;1;2;0;
61;43;1;2;0;
82;14;1;2;0;
94;34;1;2;0;
64;99;1;2;0;
44;72;1;2;0;
8;33;1;2;0;
81;56;1;2;0;
71;26;1;2;0;
40;65;1;2;0;
41;46;1;2;0;
65;33;1;2;0;
54;15;1;2;0;
76;56;1;2;0;
51;10;1;2;0;
37;50;1;2;0;
74;50;1;2;0;
92;7;1;2;0;
63;37;1;2;0;
40;79;1;2;0;
36;35;1;2;0;
2;95;1;2;0;
20;82;1;2;0;
50;90;1;2;0;
60;90;1;2;0;
7;100;1;2;0;
87;23;1;2;0;
84;92;1;2;0;
37;59;1;2;0;
48;88;1;2;0;
20;36;1;2;0;
89;45;1;2;0;
85;80;1;2;0;
51;100;1;2;0;
68;43;1;2;0;
78;3;1;2;0;
29;79;1;2;0;
50;48;1;2;0;
12;99;1;2;0;
38;71;1;2;0;
88;96;1;2;0;
22;27;1;2;0;
18;5;1;2;0;
18;6;1;2;0;
16;65;1;2;0;
45;35;1;2;0;
1;33;1;2;0;
32;85;1;2;0;
64;82;1;2;0;
36;32;1;2;0;
76;13;1;2;0;
86;5;1;2;0;
91;35;1;2;0;
4;55;1;2;0;
34;93;1;2;0;
25;73;1;2;0;
88;99;1;2;0;
99;5;1;2;0;
55;17;1;2;0;
63;70;1;2;0;
81;7;1;2;0;
57;33;1;2;0;
92;88;1;2;0;
70;55;1;2;0;
21;5;1;2;0;
86;49;1;2;0;
18;72;1;2;0;
53;60;1;2;0;
6;56;1;2;0;
66;91;1;2;0;
1;43;1;2;0;
16;88;1;2;0;
41;14;1;2;0;
45;95;1;2;0;
82;7;1;2;0;
17;15;1;2;0;
65;25;1;2;0;
47;56;1;2;0;
12;68;1;2;0;
11;84;1;2;0;
73;48;1;2;0;
32;42;1;2;0;
19;36;1;2;0;
53;77;1;2;0;
44;19;1;2;0;
67;44;1;2;0;
61;82;1;2;0;
83;53;1;2;0;
48;27;1;2;0;
47;29;1;2;0;
85;15;1;2;0;
95;50;1;2;0;
39;42;1;2;0;
57;50;1;2;0;
61;67;1;2;0;
86;33;1;2;0;
15;69;1;2;0;
26;85;1;2;0;
57;79;1;2;0;
61;100;1;2;0;
49;80;1;2;0;
95;61;1;2;0;
13;77;1;2;0;
13;60;1;2;0;
56;11;1;2;0;
41;40;1;2;0;
26;35;1;2;0;
41;64;1;2;0;
28;98;1;2;0;
66;89;1;2;0;
64;3;1;2;0;
73;30;1;2;0;
71;51;1;2;0;
15;27;1;2;0;
81;27;1;2;0;
78;29;1;2;0;
6;72;1;2;0;
41;19;1;2;0;
1;53;1;2;0;
30;56;1;2;0;
15;22;1;2;0;
95;40;1;2;0;
9;88;1;2;0;
56;88;1;2;0;
85;21;1;2;0;
28;48;1;2;0;
23;1;1;2;0;
30;45;1;2;0;
51;44;1;2;0;
72;83;1;2;0;
70;1;1;2;0;
11;28;1;2;0;
73;3;1;2;0;
98;25;1;2;0;
7;79;1;2;0;
80;21;1;2;0;
53;26;1;2;0;
13;61;1;2;0;
13;68;1;2;0;
48;97;1;2;0;
40;76;1;2;0;
97;14;1;2;0;
28;26;1;2;0;
58;30;1;2;0;
21;81;1;2;0;
12;42;1;2;0;
82;74;1;2;0;
69;6;1;2;1710;
18;30;1;2;2184;
97;61;1;2;2887;
49;86;1;2;4073;
61;51;1;2;6777;
60;99;1;2;621;
87;95;1;2;370;
14;72;1;2;6062;
95;92;1;2;1439;
6;86;1;2;4253;
31;54;1;2;1797;
58;24;1;2;7258;
39;72;1;2;7203;
93;72;1;2;3457;
10;32;1;2;5239;
43;91;1;2;4353;
66;30;1;2;1738;
55;43;1;2;6560;
1;90;1;2;7485;
79;95;1;2;7159;
91;78;1;2;421;
7;35;1;2;5410;
5;26;1;2;1513;
62;18;1;2;5045;
57;79;1;2;1022;
2;21;1;2;4618;
98;39;1;2;3477;
40;45;1;2;3723;
53;97;1;2;1740;
10;27;1;2;7445;
52;17;1;2;3735;
100;76;1;2;7177;
22;80;1;2;5244;
64;41;1;2;823;
28;98;1;2;5489;
24;51;1;2;3660;
62;48;1;2;3460;
29;87;1;2;5259;
90;92;1;2;407;
41;53;1;2;5201;
38;57;1;2;1535;
12;8;1;2;6500;
20;29;1;2;4561;
6;44;1;2;3357;
8;24;1;2;6199;
41;47;1;2;3614;
95;60;1;2;102;
90;40;1;2;4900;
30;29;1;2;2212;
65;21;1;2;6879;
27;58;1;2;3701;
58;69;1;2;601;
63;41;1;2;3134;
48;46;1;2;5169;
25;5;1;2;4539;
51;98;1;2;2267;
27;92;1;2;2971;
3;33;1;2;2482;
66;62;1;2;4813;
23;27;1;2;4205;
81;53;1;2;890;
47;62;1;2;5961;
68;25;1;2;4091;
70;24;1;2;815;
67;100;1;2;4457;
87;2;1;2;5505;
53;28;1;2;263;
82;31;1;2;7194;
98;48;1;2;1697;
46;70;1;2;6829;
63;3;1;2;5143;
42;49;1;2;5819;
89;69;1;2;502;
28;38;1;2;1109;
12;56;1;2;3786;
52;42;1;2;7086;
42;46;1;2;7413;
22;27;1;2;4868;
35;76;1;2;4497;
62;21;1;2;1011;
14;36;1;2;1290;
71;77;1;2;1679;
42;17;1;2;2923;
36;44;1;2;656;
6;7;1;2;192;
74;58;1;2;6070;
96;99;1;2;5700;
45;73;1;2;1908;
76;7;1;2;5112;
6;68;1;2;4978;
57;34;1;2;5712;
63;56;1;2;993;
17;97;1;2;4138;
39;33;1;2;4526;
98;90;1;2;2827;
16;63;1;2;3644;
75;58;1;2;4980;
31;54;1;2;7100;
65;81;1;2;2196;
74;38;1;2;7256;
55;47;1;2;6608;
24;9;1;2;5250;
68;25;1;2;1789;
81;63;1;2;4085;
36;12;1;2;5891;
50;27;1;2;3493;
21;53;1;2;4266;
42;83;1;2;623;
36;99;1;2;4786;
88;24;1;2;6397;
59;30;1;2;6466;
64;53;1;2;6284;
76;73;1;2;319;
84;5;1;2;6351;
77;40;1;2;2823;
58;41;1;2;5074;
54;61;1;2;4027;
60;3;1;2;5527;
19;90;1;2;3981;
58;77;1;2;4646;
87;35;1;2;4999;
10;50;1;2;3398;
93;77;1;2;690;
100;61;1;2;1449;
21;89;1;2;2410;
53;46;1;2;6547;
11;52;1;2;2500;
73;11;1;2;2752;
69;81;1;2;7192;
11;90;1;2;2724;
28;77;1;2;4541;
75;38;1;2;4248;
26;83;1;2;7097;
49;34;1;2;19;
76;7;1;2;1957;
94;59;1;2;3945;
53;22;1;2;2121;
73;46;1;2;606;
46;15;1;2;458;
9;77;1;2;6174;
99;57;1;2;1937;
76;31;1;2;1714;
55;8;1;2;4289;
58;56;1;2;2770;
73;31;1;2;3362;
28;76;1;2;1532;
28;29;1;2;2645;
84;53;1;2;3082;
97;50;1;2;1013;
95;10;1;2;709;
0;1;32;24;
1;1;2;100;
2;1;36;231;
3;1;49;316;
4;1;41;434;
5;1;49;526;
6;1;6;604;
7;1;28;701;
8;1;50;803;
9;1;18;915;
10;1;34;1031;
11;1;13;1110;
12;1;31;1210;
13;1;35;1334;
14;1;5;1404;
15;1;45;1535;
16;1;5;1603;
17;1;32;1717;
18;1;32;1824;
19;1;32;1900;
20;1;16;2009;
21;1;20;2110;
22;1;3;2200;
23;1;4;2301;
24;1;3;2400;
25;1;33;2514;
26;1;48;2638;
27;1;23;2701;
28;1;8;2806;
29;1;29;2928;
30;1;5;3000;
31;1;50;3110;
32;1;24;3200;
33;1;3;3301;
34;1;15;3403;
35;1;29;3510;
36;1;15;3605;
37;1;4;3700;
38;1;50;3806;
39;1;21;3920;
40;1;30;4012;
41;1;41;4137;
42;1;50;4214;
43;1;9;4307;
44;1;25;4413;
45;1;22;4511;
46;1;16;4600;
47;1;40;4710;
48;1;6;4801;
49;1;48;4909;
50;1;27;5014;
51;1;4;5101;
52;1;30;5206;
53;1;8;5300;
54;1;14;5401;
55;1;34;5506;
56;1;35;5625;
57;1;25;5710;
58;1;42;5832;
59;1;44;5912;
