****17****
100
67;10;1;2;0;
47;15;1;2;0;
100;8;1;2;0;
63;70;1;2;0;
15;28;1;2;0;
55;70;1;2;0;
45;73;1;2;0;
37;48;1;2;0;
83;74;1;2;0;
49;91;1;2;0;
94;59;1;2;0;
50;1;1;2;0;
57;100;1;2;0;
19;5;1;2;0;
44;9;1;2;0;
55;10;1;2;0;
18;53;1;2;0;
24;17;1;2;0;
60;38;1;2;0;
38;26;1;2;0;
65;93;1;2;0;
48;62;1;2;0;
65;84;1;2;0;
61;99;1;2;0;
58;9;1;2;0;
41;51;1;2;0;
19;90;1;2;0;
3;75;1;2;0;
89;73;1;2;0;
31;84;1;2;0;
81;37;1;2;0;
93;50;1;2;0;
89;69;1;2;0;
19;100;1;2;0;
6;56;1;2;0;
26;23;1;2;0;
48;73;1;2;0;
84;65;1;2;0;
8;96;1;2;0;
63;65;1;2;0;
4;4;1;2;0;
68;74;1;2;0;
45;22;1;2;0;
48;86;1;2;0;
47;31;1;2;0;
69;79;1;2;0;
67;14;1;2;0;
29;8;1;2;0;
82;47;1;2;0;
7;39;1;2;0;
2;84;1;2;889;
2;56;1;2;2327;
18;16;1;2;270;
32;32;1;2;879;
35;51;1;2;2310;
32;73;1;2;725;
17;71;1;2;2039;
37;49;1;2;888;
50;77;1;2;1508;
83;23;1;2;1107;
22;77;1;2;385;
34;30;1;2;63;
82;47;1;2;1837;
24;78;1;2;976;
22;65;1;2;486;
92;96;1;2;1353;
62;64;1;2;483;
62;100;1;2;2017;
33;2;1;2;149;
58;84;1;2;1527;
42;57;1;2;591;
58;91;1;2;1737;
33;72;1;2;1922;
23;47;1;2;582;
92;68;1;2;2056;
64;60;1;2;2300;
60;73;1;2;1886;
74;35;1;2;3;
89;19;1;2;2015;
32;76;1;2;1226;
45;18;1;2;704;
39;27;1;2;1338;
9;59;1;2;459;
78;81;1;2;837;
76;24;1;2;851;
86;40;1;2;314;
95;99;1;2;2450;
67;25;1;2;1796;
38;65;1;2;1742;
63;96;1;2;1295;
23;92;1;2;1567;
39;30;1;2;440;
98;91;1;2;482;
79;20;1;2;1029;
55;95;1;2;559;
51;32;1;2;2058;
57;26;1;2;1881;
84;92;1;2;512;
49;81;1;2;2469;
32;95;1;2;402;
0;1;591;161;
1;1;540;405;
2;1;556;392;
3;1;520;392;
4;1;511;748;
5;1;531;700;
6;1;575;837;
7;1;528;1161;
8;1;540;1190;
9;1;504;1135;
10;1;588;1507;
11;1;532;1546;
12;1;549;1316;
13;1;512;1324;
14;1;564;1541;
15;1;545;1663;
16;1;575;1735;
17;1;519;1744;
18;1;556;2137;
19;1;534;2326;
20;1;521;2201;
21;1;600;2446;
22;1;505;2314;
23;1;592;2391;
24;1;590;2846;
25;1;544;2529;
26;1;510;2696;
27;1;508;2921;
28;1;558;2848;
29;1;559;3036;
30;1;529;3454;
31;1;526;3138;
32;1;590;3636;
33;1;584;3604;
34;1;586;3572;
35;1;563;3780;
36;1;584;3682;
37;1;504;3948;
38;1;546;4254;
39;1;536;4118;
40;1;541;4010;
41;1;564;4306;
42;1;505;4398;
43;1;512;4742;
44;1;546;4673;
45;1;587;4611;
46;1;576;5072;
47;1;576;5132;
48;1;561;5288;
49;1;562;5215;
