****7****
100
266;339;1;2;0;
58;246;1;2;0;
337;705;1;2;0;
766;544;1;2;0;
903;832;1;2;0;
17;858;1;2;0;
238;276;1;2;0;
508;516;1;2;0;
688;305;1;2;0;
498;967;1;2;0;
659;752;1;2;0;
680;814;1;2;0;
175;482;1;2;0;
127;702;1;2;0;
472;870;1;2;0;
252;89;1;2;0;
560;661;1;2;0;
334;896;1;2;0;
366;452;1;2;0;
439;620;1;2;0;
635;807;1;2;0;
829;872;1;2;0;
82;337;1;2;0;
740;121;1;2;0;
641;589;1;2;0;
87;299;1;2;0;
692;119;1;2;0;
464;866;1;2;0;
600;590;1;2;0;
567;71;1;2;0;
811;170;1;2;0;
160;370;1;2;0;
183;845;1;2;0;
617;900;1;2;0;
296;55;1;2;0;
519;931;1;2;0;
213;347;1;2;0;
154;647;1;2;0;
35;245;1;2;0;
767;27;1;2;0;
833;854;1;2;0;
677;524;1;2;0;
324;140;1;2;0;
741;923;1;2;0;
82;308;1;2;0;
346;892;1;2;0;
829;857;1;2;0;
614;11;1;2;0;
701;230;1;2;0;
910;997;1;2;0;
637;428;1;2;7177;
849;127;1;2;1377;
495;513;1;2;6681;
614;540;1;2;22900;
467;216;1;2;13346;
142;708;1;2;12184;
416;789;1;2;15815;
761;680;1;2;20456;
617;645;1;2;11400;
670;227;1;2;14537;
18;863;1;2;1030;
296;63;1;2;3781;
79;910;1;2;13784;
107;523;1;2;7701;
320;341;1;2;21629;
56;482;1;2;16820;
532;249;1;2;9979;
668;10;1;2;13923;
632;978;1;2;5759;
958;647;1;2;3312;
194;16;1;2;20205;
210;311;1;2;8034;
703;742;1;2;1094;
357;200;1;2;1548;
902;519;1;2;10199;
15;574;1;2;13052;
834;458;1;2;15561;
442;125;1;2;18569;
729;108;1;2;16569;
12;417;1;2;3305;
522;611;1;2;19998;
245;172;1;2;1068;
383;874;1;2;22897;
430;583;1;2;21659;
351;836;1;2;20253;
612;850;1;2;9274;
58;36;1;2;23658;
401;477;1;2;6466;
104;557;1;2;907;
137;920;1;2;124;
169;441;1;2;14159;
864;38;1;2;3032;
573;420;1;2;16031;
24;850;1;2;23681;
674;552;1;2;4186;
490;164;1;2;8674;
584;221;1;2;3962;
783;973;1;2;4526;
458;429;1;2;22041;
592;917;1;2;16760;
0;1;143;635;
1;1;160;605;
2;1;300;649;
3;1;339;623;
4;1;468;648;
5;1;248;619;
6;1;239;621;
7;1;221;615;
8;1;410;636;
9;1;445;646;
10;1;308;608;
11;1;480;631;
12;1;251;638;
13;1;61;648;
14;1;381;627;
15;1;417;623;
16;1;62;628;
17;1;30;613;
18;1;476;620;
19;1;437;645;
