****1****
100
556;234;1;2;0;
202;263;1;2;0;
155;369;1;2;0;
655;493;1;2;0;
289;164;1;2;0;
600;749;1;2;0;
392;84;1;2;0;
170;901;1;2;0;
90;406;1;2;0;
40;153;1;2;0;
877;535;1;2;0;
693;794;1;2;0;
135;941;1;2;0;
5;7;1;2;0;
106;204;1;2;0;
179;13;1;2;0;
789;732;1;2;0;
276;943;1;2;0;
100;282;1;2;0;
787;740;1;2;0;
445;386;1;2;0;
489;188;1;2;0;
822;10;1;2;0;
88;263;1;2;0;
767;127;1;2;0;
415;643;1;2;0;
13;459;1;2;0;
788;147;1;2;0;
400;144;1;2;0;
505;857;1;2;0;
699;683;1;2;0;
869;487;1;2;0;
414;496;1;2;0;
429;865;1;2;0;
778;567;1;2;0;
605;222;1;2;0;
305;445;1;2;0;
762;126;1;2;0;
454;849;1;2;0;
388;220;1;2;0;
976;155;1;2;0;
214;340;1;2;0;
613;354;1;2;0;
487;364;1;2;0;
497;991;1;2;0;
220;196;1;2;0;
674;441;1;2;0;
682;439;1;2;0;
936;463;1;2;0;
304;65;1;2;0;
29;260;1;2;11517;
333;704;1;2;331;
810;509;1;2;17569;
198;80;1;2;11227;
352;293;1;2;10597;
316;646;1;2;12638;
680;495;1;2;5882;
251;690;1;2;24666;
691;371;1;2;18335;
979;185;1;2;9583;
43;214;1;2;13930;
33;898;1;2;21777;
432;708;1;2;14045;
32;257;1;2;2057;
606;960;1;2;10496;
872;275;1;2;735;
624;954;1;2;4436;
367;205;1;2;19797;
486;247;1;2;6891;
44;225;1;2;15473;
257;620;1;2;21726;
729;652;1;2;16850;
608;436;1;2;15081;
643;467;1;2;8625;
109;424;1;2;22194;
220;296;1;2;20755;
976;919;1;2;22998;
226;637;1;2;5117;
517;123;1;2;24746;
530;166;1;2;24155;
728;775;1;2;4112;
139;855;1;2;3383;
800;463;1;2;20050;
519;105;1;2;1176;
495;566;1;2;5742;
77;785;1;2;21593;
638;112;1;2;13613;
801;337;1;2;14932;
519;205;1;2;2464;
484;734;1;2;17297;
26;814;1;2;21259;
186;952;1;2;5527;
998;103;1;2;16880;
597;622;1;2;21609;
662;116;1;2;24018;
151;544;1;2;7355;
286;182;1;2;1852;
340;334;1;2;11945;
31;204;1;2;9677;
843;40;1;2;1939;
0;1;173;615;
1;1;332;629;
2;1;102;636;
3;1;440;650;
4;1;238;610;
5;1;48;611;
6;1;89;612;
7;1;178;633;
8;1;64;622;
9;1;313;649;
10;1;255;604;
11;1;189;640;
12;1;83;621;
13;1;143;616;
14;1;413;632;
15;1;35;638;
16;1;98;618;
17;1;418;650;
18;1;353;607;
19;1;151;643;
