****15****
100
68;88;1;2;0;
70;54;1;2;0;
69;49;1;2;0;
37;23;1;2;0;
39;84;1;2;0;
59;80;1;2;0;
98;25;1;2;0;
32;60;1;2;0;
52;43;1;2;0;
42;11;1;2;0;
64;73;1;2;0;
43;70;1;2;0;
44;40;1;2;0;
39;26;1;2;0;
65;87;1;2;0;
87;84;1;2;0;
74;56;1;2;0;
37;94;1;2;0;
57;25;1;2;0;
68;47;1;2;0;
8;27;1;2;0;
79;6;1;2;0;
51;62;1;2;0;
17;2;1;2;0;
5;11;1;2;0;
12;20;1;2;0;
35;6;1;2;0;
90;30;1;2;0;
45;80;1;2;0;
55;61;1;2;0;
18;42;1;2;0;
44;91;1;2;0;
49;32;1;2;0;
36;57;1;2;0;
56;3;1;2;0;
56;16;1;2;0;
29;34;1;2;0;
73;31;1;2;0;
95;41;1;2;0;
84;51;1;2;0;
51;47;1;2;0;
71;37;1;2;0;
52;12;1;2;0;
66;48;1;2;0;
91;73;1;2;0;
60;8;1;2;0;
66;55;1;2;0;
50;14;1;2;0;
86;37;1;2;0;
23;94;1;2;0;
39;30;1;2;2222;
20;63;1;2;200;
2;9;1;2;1851;
86;12;1;2;974;
84;82;1;2;823;
88;45;1;2;716;
35;35;1;2;1296;
47;94;1;2;698;
53;95;1;2;943;
39;31;1;2;128;
84;69;1;2;67;
92;40;1;2;212;
24;42;1;2;1754;
48;79;1;2;966;
23;62;1;2;1455;
35;49;1;2;848;
12;36;1;2;1025;
13;82;1;2;2047;
27;34;1;2;494;
58;24;1;2;1989;
12;7;1;2;115;
46;50;1;2;1528;
43;25;1;2;1562;
52;73;1;2;2062;
20;95;1;2;2470;
73;81;1;2;2075;
70;92;1;2;212;
1;56;1;2;517;
77;34;1;2;1707;
47;92;1;2;260;
95;55;1;2;769;
15;100;1;2;456;
75;94;1;2;2018;
28;45;1;2;2310;
59;16;1;2;2304;
52;88;1;2;321;
45;57;1;2;2081;
73;9;1;2;1381;
34;85;1;2;1418;
80;31;1;2;637;
2;77;1;2;1666;
83;44;1;2;2075;
13;18;1;2;2078;
19;46;1;2;926;
98;4;1;2;2088;
23;7;1;2;2019;
28;51;1;2;1569;
77;23;1;2;1761;
82;8;1;2;2147;
72;40;1;2;718;
0;1;553;230;
1;1;549;415;
2;1;523;283;
3;1;526;584;
4;1;561;879;
5;1;506;949;
6;1;539;974;
7;1;562;772;
8;1;529;1236;
9;1;518;1073;
10;1;571;1162;
11;1;537;1319;
12;1;563;1681;
13;1;553;1459;
14;1;541;1453;
15;1;571;1882;
16;1;584;1958;
17;1;584;1726;
18;1;562;2076;
19;1;597;2241;
20;1;519;2047;
21;1;580;2576;
22;1;560;2700;
23;1;591;2394;
24;1;561;2416;
25;1;548;3022;
26;1;570;2943;
27;1;527;3121;
28;1;505;3075;
29;1;535;3429;
30;1;574;3270;
31;1;541;3586;
32;1;576;3735;
33;1;520;3456;
34;1;532;3747;
35;1;559;3567;
36;1;522;3940;
37;1;510;4002;
38;1;531;3807;
39;1;573;4303;
40;1;560;4259;
41;1;577;4656;
42;1;555;4440;
43;1;512;4678;
44;1;538;4787;
45;1;555;4633;
46;1;502;4954;
47;1;525;5203;
48;1;570;5163;
49;1;566;5152;
