****3****
100
89;52;1;2;0;
91;62;1;2;0;
55;33;1;2;0;
80;24;1;2;0;
7;35;1;2;0;
80;6;1;2;0;
35;48;1;2;0;
13;29;1;2;0;
91;60;1;2;0;
22;97;1;2;0;
77;32;1;2;0;
65;47;1;2;0;
12;9;1;2;0;
34;88;1;2;0;
39;100;1;2;0;
29;79;1;2;0;
51;19;1;2;0;
92;58;1;2;0;
3;71;1;2;0;
33;61;1;2;0;
57;12;1;2;0;
67;92;1;2;0;
12;31;1;2;0;
72;2;1;2;0;
42;93;1;2;0;
50;70;1;2;0;
24;66;1;2;0;
17;87;1;2;0;
75;2;1;2;0;
74;65;1;2;0;
1;54;1;2;0;
43;3;1;2;0;
25;35;1;2;0;
60;27;1;2;0;
57;93;1;2;0;
88;14;1;2;0;
56;6;1;2;0;
5;19;1;2;0;
88;76;1;2;0;
21;29;1;2;0;
21;22;1;2;0;
99;44;1;2;0;
40;15;1;2;0;
31;66;1;2;0;
68;56;1;2;0;
30;68;1;2;0;
10;24;1;2;0;
70;34;1;2;0;
10;82;1;2;0;
12;67;1;2;0;
26;99;1;2;717;
33;56;1;2;1009;
52;43;1;2;15;
24;24;1;2;910;
97;22;1;2;212;
36;88;1;2;696;
1;55;1;2;1370;
82;74;1;2;1086;
6;43;1;2;379;
15;76;1;2;1234;
81;53;1;2;1339;
60;38;1;2;856;
95;89;1;2;967;
6;64;1;2;1192;
88;12;1;2;1801;
14;48;1;2;223;
70;100;1;2;297;
86;82;1;2;145;
58;39;1;2;1029;
16;53;1;2;1049;
85;86;1;2;994;
4;97;1;2;674;
31;92;1;2;1217;
53;49;1;2;1724;
45;36;1;2;1057;
63;50;1;2;32;
15;71;1;2;662;
74;56;1;2;2006;
5;66;1;2;2011;
83;81;1;2;2289;
85;17;1;2;1868;
43;72;1;2;1463;
86;55;1;2;2084;
69;7;1;2;1248;
15;3;1;2;2368;
24;65;1;2;651;
81;32;1;2;1801;
89;57;1;2;2181;
78;13;1;2;382;
57;96;1;2;1785;
40;32;1;2;121;
9;74;1;2;1732;
74;59;1;2;2471;
82;27;1;2;809;
86;93;1;2;439;
29;16;1;2;661;
70;48;1;2;1703;
85;36;1;2;1358;
3;65;1;2;2274;
39;21;1;2;481;
0;1;506;482;
1;1;568;109;
2;1;569;245;
3;1;549;803;
4;1;551;887;
5;1;575;751;
6;1;581;993;
7;1;521;797;
8;1;540;1328;
9;1;544;912;
10;1;536;1332;
11;1;545;1633;
12;1;546;1251;
13;1;588;1819;
14;1;538;1496;
15;1;524;1630;
16;1;521;1887;
17;1;536;1820;
18;1;584;2143;
19;1;534;2188;
20;1;597;2376;
21;1;563;2274;
22;1;519;2485;
23;1;535;2504;
24;1;572;2817;
25;1;571;2702;
26;1;547;2969;
27;1;582;2727;
28;1;514;2873;
29;1;579;3241;
30;1;582;3300;
31;1;550;3553;
32;1;546;3730;
33;1;594;3668;
34;1;573;3551;
35;1;563;3556;
36;1;538;3611;
37;1;550;4057;
38;1;561;4010;
39;1;517;3954;
40;1;565;4266;
41;1;542;4398;
42;1;554;4715;
43;1;555;4828;
44;1;597;4608;
45;1;522;4567;
46;1;539;4709;
47;1;583;4780;
48;1;507;5197;
49;1;565;5230;
