****8****
100
57;56;1;2;0;
20;40;1;2;0;
14;93;1;2;0;
42;37;1;2;0;
67;4;1;2;0;
66;91;1;2;0;
34;59;1;2;0;
73;95;1;2;0;
49;51;1;2;0;
8;36;1;2;0;
54;52;1;2;0;
5;35;1;2;0;
19;27;1;2;0;
3;89;1;2;0;
9;35;1;2;0;
43;65;1;2;0;
90;62;1;2;0;
56;55;1;2;0;
54;97;1;2;0;
91;73;1;2;0;
53;57;1;2;0;
63;86;1;2;0;
67;87;1;2;0;
80;15;1;2;0;
90;39;1;2;0;
2;43;1;2;0;
43;58;1;2;0;
77;13;1;2;0;
85;31;1;2;0;
1;45;1;2;0;
65;43;1;2;0;
61;6;1;2;0;
56;69;1;2;0;
61;10;1;2;0;
17;3;1;2;0;
34;69;1;2;0;
11;48;1;2;0;
54;77;1;2;0;
34;85;1;2;0;
44;23;1;2;0;
76;45;1;2;0;
65;18;1;2;0;
55;93;1;2;0;
82;39;1;2;0;
23;83;1;2;0;
35;87;1;2;0;
25;95;1;2;0;
45;81;1;2;0;
63;5;1;2;0;
42;80;1;2;0;
7;75;1;2;2084;
18;22;1;2;530;
46;7;1;2;207;
89;30;1;2;2025;
86;46;1;2;1635;
40;39;1;2;1144;
78;61;1;2;2480;
64;100;1;2;662;
58;44;1;2;687;
73;100;1;2;1353;
4;58;1;2;714;
3;27;1;2;607;
8;73;1;2;1165;
50;61;1;2;401;
18;46;1;2;1395;
4;85;1;2;322;
71;14;1;2;1543;
72;77;1;2;138;
97;87;1;2;1049;
7;11;1;2;936;
57;66;1;2;2270;
86;20;1;2;803;
35;80;1;2;1720;
43;81;1;2;1933;
80;98;1;2;329;
15;1;1;2;2299;
87;23;1;2;886;
24;94;1;2;1772;
60;43;1;2;275;
91;1;1;2;871;
73;9;1;2;613;
13;94;1;2;1590;
31;29;1;2;1826;
21;71;1;2;1533;
23;3;1;2;237;
23;17;1;2;2072;
8;3;1;2;683;
6;79;1;2;1049;
84;38;1;2;1336;
49;81;1;2;2230;
27;53;1;2;84;
19;17;1;2;618;
82;99;1;2;1933;
76;71;1;2;198;
50;46;1;2;815;
21;68;1;2;179;
45;75;1;2;1116;
92;32;1;2;166;
84;16;1;2;2471;
70;16;1;2;1576;
0;1;504;173;
1;1;564;465;
2;1;512;283;
3;1;586;814;
4;1;583;574;
5;1;520;772;
6;1;593;1188;
7;1;598;1210;
8;1;590;1247;
9;1;594;1393;
10;1;592;1488;
11;1;577;1517;
12;1;546;1659;
13;1;591;1327;
14;1;581;1505;
15;1;535;1760;
16;1;599;2140;
17;1;534;2010;
18;1;533;2066;
19;1;507;2270;
20;1;525;2476;
21;1;520;2208;
22;1;547;2326;
23;1;505;2502;
24;1;586;2879;
25;1;574;3047;
26;1;554;2723;
27;1;553;3095;
28;1;514;2944;
29;1;527;3309;
30;1;552;3168;
31;1;530;3261;
32;1;562;3288;
33;1;564;3857;
34;1;585;3470;
35;1;561;3885;
36;1;549;3739;
37;1;581;3740;
38;1;548;4241;
39;1;535;4030;
40;1;535;4409;
41;1;515;4413;
42;1;561;4287;
43;1;539;4545;
44;1;513;4818;
45;1;520;4983;
46;1;529;5019;
47;1;517;5133;
48;1;515;4845;
49;1;588;5098;
