****12****
100
267;574;1;2;0;
755;1;1;2;0;
501;878;1;2;0;
865;602;1;2;0;
492;330;1;2;0;
791;816;1;2;0;
475;155;1;2;0;
79;791;1;2;0;
385;793;1;2;0;
802;38;1;2;0;
759;703;1;2;0;
290;893;1;2;0;
917;542;1;2;0;
72;764;1;2;0;
356;737;1;2;0;
831;622;1;2;0;
310;937;1;2;0;
622;163;1;2;0;
814;839;1;2;0;
764;306;1;2;0;
168;906;1;2;0;
473;994;1;2;0;
60;551;1;2;0;
784;444;1;2;0;
695;586;1;2;0;
833;453;1;2;0;
640;475;1;2;0;
697;556;1;2;0;
16;769;1;2;0;
319;371;1;2;0;
857;502;1;2;0;
345;166;1;2;0;
438;318;1;2;0;
680;252;1;2;0;
156;795;1;2;0;
909;675;1;2;0;
700;381;1;2;0;
668;759;1;2;0;
283;804;1;2;0;
555;977;1;2;0;
741;739;1;2;0;
430;732;1;2;0;
213;478;1;2;0;
287;229;1;2;0;
598;958;1;2;0;
951;454;1;2;0;
459;295;1;2;0;
972;896;1;2;0;
613;651;1;2;0;
499;120;1;2;0;
446;759;1;2;17880;
497;139;1;2;23285;
608;421;1;2;2323;
162;750;1;2;12091;
900;531;1;2;6512;
465;8;1;2;13229;
693;606;1;2;4923;
643;59;1;2;8374;
290;30;1;2;24199;
902;33;1;2;19160;
373;830;1;2;796;
519;326;1;2;5927;
333;933;1;2;4989;
653;446;1;2;1744;
714;698;1;2;19983;
505;162;1;2;13792;
935;206;1;2;15555;
322;200;1;2;6013;
519;489;1;2;1991;
964;742;1;2;6823;
907;115;1;2;10710;
960;633;1;2;24956;
152;317;1;2;22125;
117;970;1;2;16530;
830;35;1;2;18383;
426;891;1;2;1868;
677;826;1;2;10749;
885;499;1;2;13315;
151;370;1;2;8647;
799;333;1;2;7331;
831;591;1;2;22175;
692;550;1;2;18809;
231;54;1;2;15;
54;170;1;2;20365;
322;351;1;2;16948;
992;776;1;2;19029;
822;804;1;2;19333;
210;40;1;2;22783;
797;191;1;2;12751;
224;341;1;2;17933;
393;172;1;2;7487;
676;863;1;2;4962;
592;445;1;2;20782;
176;498;1;2;9934;
81;820;1;2;21917;
20;811;1;2;6206;
201;984;1;2;1596;
208;193;1;2;23640;
65;989;1;2;5598;
643;565;1;2;24464;
0;1;53;607;
1;1;203;605;
2;1;133;617;
3;1;158;626;
4;1;362;615;
5;1;251;611;
6;1;440;633;
7;1;30;618;
8;1;54;642;
9;1;72;604;
10;1;28;633;
11;1;313;620;
12;1;181;629;
13;1;61;622;
14;1;371;625;
15;1;255;625;
16;1;433;609;
17;1;31;615;
18;1;225;641;
19;1;140;638;
