****19****
100
22;19;1;2;0;
95;52;1;2;0;
61;38;1;2;0;
85;80;1;2;0;
3;85;1;2;0;
38;36;1;2;0;
46;25;1;2;0;
25;12;1;2;0;
45;35;1;2;0;
20;33;1;2;0;
12;83;1;2;0;
85;35;1;2;0;
30;58;1;2;0;
5;68;1;2;0;
86;17;1;2;0;
45;7;1;2;0;
87;39;1;2;0;
10;99;1;2;0;
77;94;1;2;0;
79;31;1;2;0;
30;68;1;2;0;
66;75;1;2;0;
45;42;1;2;0;
87;89;1;2;0;
76;58;1;2;0;
21;87;1;2;0;
40;57;1;2;0;
21;69;1;2;0;
66;77;1;2;0;
36;51;1;2;0;
45;32;1;2;0;
10;32;1;2;0;
23;71;1;2;0;
30;99;1;2;0;
17;60;1;2;0;
29;46;1;2;0;
28;46;1;2;0;
21;72;1;2;0;
88;59;1;2;0;
12;15;1;2;0;
68;84;1;2;0;
2;7;1;2;0;
41;74;1;2;0;
27;58;1;2;0;
51;14;1;2;0;
61;95;1;2;0;
46;22;1;2;0;
78;68;1;2;0;
92;8;1;2;0;
18;8;1;2;0;
67;98;1;2;479;
46;95;1;2;1457;
69;82;1;2;1544;
80;97;1;2;279;
64;50;1;2;1827;
56;23;1;2;376;
13;25;1;2;348;
73;72;1;2;716;
94;49;1;2;384;
38;8;1;2;1836;
45;75;1;2;265;
98;72;1;2;2053;
75;41;1;2;1257;
10;20;1;2;172;
12;35;1;2;1318;
24;90;1;2;1598;
10;3;1;2;2466;
62;27;1;2;2267;
58;73;1;2;1661;
74;10;1;2;915;
58;54;1;2;2378;
40;4;1;2;591;
16;78;1;2;1861;
25;40;1;2;1104;
83;3;1;2;1125;
89;27;1;2;770;
18;88;1;2;808;
24;49;1;2;1858;
48;59;1;2;1904;
25;32;1;2;307;
58;41;1;2;421;
16;32;1;2;227;
46;99;1;2;1180;
16;24;1;2;2328;
10;58;1;2;1445;
86;46;1;2;363;
3;16;1;2;1957;
75;39;1;2;1574;
25;38;1;2;2437;
47;63;1;2;2423;
78;72;1;2;876;
14;87;1;2;557;
58;33;1;2;1022;
27;100;1;2;1028;
39;9;1;2;748;
53;46;1;2;1504;
94;1;1;2;2394;
74;27;1;2;880;
2;51;1;2;1737;
89;97;1;2;1621;
0;1;558;183;
1;1;550;517;
2;1;591;698;
3;1;510;587;
4;1;520;641;
5;1;526;929;
6;1;517;1094;
7;1;580;888;
8;1;569;837;
9;1;510;1013;
10;1;578;1566;
11;1;587;1624;
12;1;573;1617;
13;1;506;1524;
14;1;528;1533;
15;1;567;1628;
16;1;579;2003;
17;1;505;2073;
18;1;556;1977;
19;1;517;2349;
20;1;567;2510;
21;1;546;2224;
22;1;558;2277;
23;1;523;2758;
24;1;507;2608;
25;1;539;2668;
26;1;531;2825;
27;1;591;2859;
28;1;516;3227;
29;1;544;3035;
30;1;549;3347;
31;1;533;3249;
32;1;582;3534;
33;1;595;3563;
34;1;555;3812;
35;1;515;3935;
36;1;505;3930;
37;1;556;4005;
38;1;590;4329;
39;1;539;4273;
40;1;514;4486;
41;1;583;4436;
42;1;505;4592;
43;1;503;4645;
44;1;568;4421;
45;1;515;4892;
46;1;559;4737;
47;1;594;5177;
48;1;536;5215;
49;1;580;5429;
