****2****
100
69;198;1;2;0;
505;9;1;2;0;
111;183;1;2;0;
392;174;1;2;0;
756;56;1;2;0;
875;862;1;2;0;
762;915;1;2;0;
301;844;1;2;0;
985;943;1;2;0;
860;249;1;2;0;
977;246;1;2;0;
38;426;1;2;0;
815;456;1;2;0;
125;168;1;2;0;
164;127;1;2;0;
462;232;1;2;0;
677;966;1;2;0;
241;787;1;2;0;
148;984;1;2;0;
961;903;1;2;0;
391;835;1;2;0;
764;152;1;2;0;
101;416;1;2;0;
348;85;1;2;0;
711;559;1;2;0;
333;39;1;2;0;
156;723;1;2;0;
464;970;1;2;0;
178;589;1;2;0;
137;693;1;2;0;
715;950;1;2;0;
925;391;1;2;0;
916;517;1;2;0;
530;63;1;2;0;
852;490;1;2;0;
318;594;1;2;0;
676;433;1;2;0;
746;128;1;2;0;
201;445;1;2;0;
212;911;1;2;0;
3;896;1;2;0;
949;158;1;2;0;
618;412;1;2;0;
127;147;1;2;0;
352;616;1;2;0;
840;419;1;2;0;
565;116;1;2;0;
161;480;1;2;0;
984;690;1;2;0;
895;835;1;2;0;
531;564;1;2;9986;
558;348;1;2;2946;
685;548;1;2;24722;
896;458;1;2;11101;
144;758;1;2;13745;
761;522;1;2;24894;
908;873;1;2;20061;
99;643;1;2;14775;
214;804;1;2;8557;
197;493;1;2;1359;
383;24;1;2;20485;
162;581;1;2;18161;
39;266;1;2;23790;
359;513;1;2;18384;
682;656;1;2;20356;
513;769;1;2;10569;
823;28;1;2;2032;
748;126;1;2;22214;
238;339;1;2;6717;
559;887;1;2;20809;
478;269;1;2;7959;
960;782;1;2;24684;
789;820;1;2;14323;
518;179;1;2;1115;
705;212;1;2;19554;
353;76;1;2;18617;
170;251;1;2;24764;
211;998;1;2;8723;
247;235;1;2;17142;
86;145;1;2;14408;
418;974;1;2;15512;
124;933;1;2;5439;
763;722;1;2;16634;
19;239;1;2;21568;
788;295;1;2;8590;
564;647;1;2;18694;
108;168;1;2;1772;
679;731;1;2;5134;
375;977;1;2;20801;
761;63;1;2;7330;
385;832;1;2;16080;
629;307;1;2;19784;
654;70;1;2;13849;
499;88;1;2;19817;
226;227;1;2;10568;
164;790;1;2;8704;
530;897;1;2;22548;
497;927;1;2;6377;
110;301;1;2;7406;
662;413;1;2;11848;
0;1;358;649;
1;1;178;627;
2;1;277;635;
3;1;481;631;
4;1;406;606;
5;1;281;643;
6;1;422;607;
7;1;72;632;
8;1;22;611;
9;1;188;603;
10;1;110;614;
11;1;400;636;
12;1;18;609;
13;1;189;601;
14;1;22;603;
15;1;297;629;
16;1;102;625;
17;1;258;630;
18;1;459;638;
19;1;12;614;
