****13****
100
505;242;1;2;0;
1;796;1;2;0;
424;382;1;2;0;
414;977;1;2;0;
574;837;1;2;0;
83;453;1;2;0;
869;395;1;2;0;
172;549;1;2;0;
476;584;1;2;0;
772;198;1;2;0;
560;526;1;2;0;
473;493;1;2;0;
334;855;1;2;0;
57;411;1;2;0;
395;549;1;2;0;
200;251;1;2;0;
790;200;1;2;0;
47;566;1;2;0;
582;460;1;2;0;
894;507;1;2;0;
296;976;1;2;0;
959;516;1;2;0;
723;482;1;2;0;
416;550;1;2;0;
418;188;1;2;0;
747;329;1;2;0;
65;571;1;2;0;
821;751;1;2;0;
778;230;1;2;0;
513;172;1;2;0;
130;64;1;2;0;
423;919;1;2;0;
616;469;1;2;0;
836;549;1;2;0;
280;82;1;2;0;
55;927;1;2;0;
409;365;1;2;0;
442;131;1;2;0;
198;857;1;2;0;
32;967;1;2;0;
396;779;1;2;0;
296;813;1;2;0;
701;116;1;2;0;
915;478;1;2;0;
697;427;1;2;0;
2;826;1;2;0;
842;424;1;2;0;
97;457;1;2;0;
244;932;1;2;0;
5;523;1;2;0;
365;411;1;2;15109;
774;127;1;2;6767;
904;325;1;2;10736;
288;291;1;2;8471;
418;938;1;2;8460;
118;406;1;2;3515;
948;102;1;2;2107;
949;280;1;2;1358;
372;376;1;2;5460;
967;659;1;2;7555;
489;24;1;2;1026;
289;797;1;2;23932;
530;52;1;2;4186;
979;339;1;2;10545;
176;756;1;2;12147;
185;226;1;2;11209;
108;173;1;2;17349;
457;121;1;2;23611;
1000;844;1;2;10000;
999;810;1;2;20968;
2;650;1;2;14234;
768;938;1;2;19569;
309;819;1;2;14330;
877;797;1;2;2957;
736;973;1;2;15517;
533;157;1;2;2426;
86;265;1;2;8600;
741;73;1;2;3650;
675;72;1;2;24046;
336;422;1;2;21384;
656;424;1;2;18279;
998;543;1;2;7087;
489;851;1;2;24072;
383;80;1;2;471;
615;815;1;2;1502;
307;699;1;2;10624;
872;785;1;2;8598;
313;877;1;2;24780;
522;552;1;2;10528;
926;887;1;2;23550;
139;542;1;2;23649;
353;892;1;2;11851;
504;732;1;2;14335;
473;466;1;2;10288;
591;432;1;2;12503;
32;739;1;2;5877;
982;962;1;2;6117;
196;275;1;2;3323;
187;796;1;2;23353;
249;74;1;2;23957;
0;1;84;614;
1;1;144;645;
2;1;417;637;
3;1;496;622;
4;1;470;601;
5;1;245;635;
6;1;286;637;
7;1;366;635;
8;1;218;604;
9;1;334;650;
10;1;66;620;
11;1;247;642;
12;1;230;633;
13;1;487;645;
14;1;33;612;
15;1;194;617;
16;1;328;639;
17;1;311;644;
18;1;427;608;
19;1;367;646;
