****10****
100
1;41;1;2;0;
93;32;1;2;0;
8;15;1;2;0;
63;85;1;2;0;
83;11;1;2;0;
66;73;1;2;0;
51;59;1;2;0;
40;21;1;2;0;
11;2;1;2;0;
76;2;1;2;0;
37;12;1;2;0;
79;55;1;2;0;
65;92;1;2;0;
52;99;1;2;0;
48;51;1;2;0;
92;48;1;2;0;
43;85;1;2;0;
31;50;1;2;0;
51;45;1;2;0;
34;34;1;2;0;
7;51;1;2;0;
6;57;1;2;0;
61;45;1;2;0;
29;72;1;2;0;
47;4;1;2;0;
25;35;1;2;0;
67;55;1;2;0;
90;32;1;2;0;
98;93;1;2;0;
82;45;1;2;0;
95;73;1;2;0;
44;37;1;2;0;
57;26;1;2;0;
38;60;1;2;0;
70;24;1;2;0;
93;76;1;2;0;
26;98;1;2;0;
32;87;1;2;0;
95;12;1;2;0;
58;93;1;2;0;
16;82;1;2;0;
27;82;1;2;0;
88;68;1;2;0;
13;85;1;2;0;
13;94;1;2;0;
29;7;1;2;0;
19;24;1;2;0;
96;27;1;2;0;
1;33;1;2;0;
86;70;1;2;0;
8;78;1;2;1461;
34;28;1;2;1344;
20;22;1;2;2399;
77;14;1;2;732;
10;92;1;2;519;
49;12;1;2;844;
33;24;1;2;714;
13;82;1;2;665;
36;77;1;2;1863;
88;10;1;2;2140;
57;17;1;2;471;
53;2;1;2;1885;
84;21;1;2;2456;
74;49;1;2;2291;
32;10;1;2;2204;
71;58;1;2;836;
74;90;1;2;640;
23;2;1;2;19;
90;89;1;2;2021;
36;76;1;2;1490;
67;84;1;2;1471;
75;88;1;2;1704;
63;71;1;2;1842;
71;45;1;2;2294;
45;28;1;2;544;
62;98;1;2;1722;
90;71;1;2;1040;
93;46;1;2;1391;
77;87;1;2;1225;
90;22;1;2;1359;
12;88;1;2;507;
3;63;1;2;134;
47;25;1;2;1584;
11;47;1;2;2254;
24;91;1;2;377;
47;52;1;2;1474;
27;93;1;2;1392;
96;85;1;2;844;
71;14;1;2;497;
83;3;1;2;2218;
74;67;1;2;640;
96;21;1;2;1242;
58;67;1;2;907;
91;77;1;2;2092;
19;1;1;2;2085;
75;99;1;2;595;
79;25;1;2;955;
54;72;1;2;1310;
26;43;1;2;1678;
85;77;1;2;1579;
0;1;565;264;
1;1;513;413;
2;1;597;220;
3;1;566;706;
4;1;551;630;
5;1;545;717;
6;1;527;947;
7;1;580;1273;
8;1;589;1367;
9;1;524;1419;
10;1;554;1285;
11;1;573;1580;
12;1;593;1590;
13;1;519;1756;
14;1;535;1614;
15;1;584;1594;
16;1;596;2139;
17;1;534;1778;
18;1;581;2178;
19;1;547;2203;
20;1;574;2112;
21;1;510;2141;
22;1;505;2310;
23;1;577;2321;
24;1;570;2469;
25;1;513;2516;
26;1;566;3102;
27;1;600;2709;
28;1;535;3042;
29;1;547;3338;
30;1;565;3184;
31;1;519;3161;
32;1;525;3252;
33;1;552;3544;
34;1;503;3836;
35;1;588;4015;
36;1;540;3808;
37;1;532;4048;
38;1;590;4017;
39;1;590;4068;
40;1;508;4369;
41;1;534;4510;
42;1;538;4608;
43;1;534;4606;
44;1;550;4529;
45;1;541;4828;
46;1;509;4750;
47;1;526;4937;
48;1;516;5288;
49;1;542;4911;
