****18****
100
296;175;1;2;0;
11;308;1;2;0;
233;762;1;2;0;
521;299;1;2;0;
919;824;1;2;0;
135;433;1;2;0;
775;826;1;2;0;
22;906;1;2;0;
744;461;1;2;0;
222;210;1;2;0;
399;166;1;2;0;
297;967;1;2;0;
377;387;1;2;0;
735;192;1;2;0;
348;137;1;2;0;
562;644;1;2;0;
311;925;1;2;0;
303;895;1;2;0;
686;824;1;2;0;
194;956;1;2;0;
999;680;1;2;0;
740;773;1;2;0;
858;762;1;2;0;
31;601;1;2;0;
222;252;1;2;0;
162;972;1;2;0;
769;458;1;2;0;
939;497;1;2;0;
844;673;1;2;0;
688;544;1;2;0;
161;250;1;2;0;
539;823;1;2;0;
526;841;1;2;0;
717;563;1;2;0;
16;262;1;2;0;
871;367;1;2;0;
294;610;1;2;0;
139;151;1;2;0;
371;521;1;2;0;
751;945;1;2;0;
125;264;1;2;0;
916;245;1;2;0;
73;206;1;2;0;
742;917;1;2;0;
230;429;1;2;0;
812;390;1;2;0;
30;350;1;2;0;
564;555;1;2;0;
542;633;1;2;0;
470;558;1;2;0;
246;340;1;2;7027;
539;949;1;2;23207;
689;672;1;2;6440;
791;968;1;2;15629;
54;235;1;2;18435;
127;793;1;2;13412;
395;22;1;2;23795;
558;764;1;2;457;
907;679;1;2;16541;
448;311;1;2;14183;
357;557;1;2;22879;
632;447;1;2;871;
46;136;1;2;20957;
332;278;1;2;5729;
94;332;1;2;4790;
100;810;1;2;11045;
848;556;1;2;420;
376;113;1;2;22869;
933;371;1;2;11915;
397;818;1;2;6302;
330;527;1;2;434;
602;158;1;2;14976;
175;555;1;2;21628;
770;886;1;2;7237;
333;331;1;2;905;
482;783;1;2;6889;
423;982;1;2;13699;
385;357;1;2;12278;
463;641;1;2;10064;
219;390;1;2;5953;
285;719;1;2;3205;
260;673;1;2;11095;
681;199;1;2;5078;
589;320;1;2;16593;
422;4;1;2;13517;
291;485;1;2;14284;
320;259;1;2;9554;
905;644;1;2;369;
953;458;1;2;9939;
372;676;1;2;9300;
960;312;1;2;12635;
74;571;1;2;17821;
697;603;1;2;23482;
523;191;1;2;7317;
939;965;1;2;20563;
685;607;1;2;22502;
213;926;1;2;24181;
74;830;1;2;3266;
291;135;1;2;7628;
148;506;1;2;1428;
0;1;247;617;
1;1;100;614;
2;1;242;621;
3;1;257;638;
4;1;125;648;
5;1;313;616;
6;1;358;603;
7;1;132;624;
8;1;287;638;
9;1;475;601;
10;1;15;636;
11;1;424;647;
12;1;440;614;
13;1;331;601;
14;1;213;638;
15;1;489;611;
16;1;4;638;
17;1;226;647;
18;1;258;632;
19;1;386;635;
