****9****
100
392;896;1;2;0;
501;970;1;2;0;
522;402;1;2;0;
446;489;1;2;0;
383;706;1;2;0;
373;774;1;2;0;
652;254;1;2;0;
729;574;1;2;0;
560;183;1;2;0;
89;317;1;2;0;
771;604;1;2;0;
333;343;1;2;0;
817;127;1;2;0;
484;261;1;2;0;
11;291;1;2;0;
267;402;1;2;0;
538;767;1;2;0;
724;59;1;2;0;
520;169;1;2;0;
899;902;1;2;0;
226;623;1;2;0;
676;878;1;2;0;
876;756;1;2;0;
803;788;1;2;0;
938;892;1;2;0;
456;709;1;2;0;
495;788;1;2;0;
403;664;1;2;0;
267;887;1;2;0;
924;277;1;2;0;
529;542;1;2;0;
679;66;1;2;0;
660;402;1;2;0;
476;179;1;2;0;
922;374;1;2;0;
433;500;1;2;0;
349;108;1;2;0;
377;576;1;2;0;
863;179;1;2;0;
715;152;1;2;0;
422;171;1;2;0;
212;917;1;2;0;
310;615;1;2;0;
932;576;1;2;0;
853;855;1;2;0;
853;733;1;2;0;
748;883;1;2;0;
798;407;1;2;0;
636;625;1;2;0;
937;557;1;2;0;
350;369;1;2;12843;
698;828;1;2;9355;
274;42;1;2;21332;
340;194;1;2;4224;
510;405;1;2;7053;
820;371;1;2;12839;
395;575;1;2;12982;
599;307;1;2;19866;
481;104;1;2;15315;
116;80;1;2;21864;
25;430;1;2;15665;
432;127;1;2;15447;
568;752;1;2;24893;
234;92;1;2;12503;
321;601;1;2;6824;
325;772;1;2;533;
611;167;1;2;14287;
104;765;1;2;24734;
343;598;1;2;11226;
341;713;1;2;2172;
275;89;1;2;22651;
929;521;1;2;5851;
763;440;1;2;15644;
287;673;1;2;12312;
707;993;1;2;10414;
532;669;1;2;5760;
728;632;1;2;13668;
498;735;1;2;10126;
926;77;1;2;5089;
458;417;1;2;7557;
422;43;1;2;16922;
814;972;1;2;21025;
333;734;1;2;4221;
308;372;1;2;15091;
373;79;1;2;12353;
391;610;1;2;3062;
181;689;1;2;56;
488;186;1;2;18566;
912;464;1;2;7951;
933;921;1;2;8529;
19;342;1;2;17161;
193;508;1;2;24513;
239;840;1;2;526;
372;499;1;2;17846;
529;872;1;2;18471;
30;262;1;2;9225;
200;794;1;2;15641;
1;282;1;2;4254;
888;545;1;2;24798;
204;830;1;2;15744;
0;1;436;648;
1;1;250;610;
2;1;392;607;
3;1;456;630;
4;1;448;637;
5;1;353;647;
6;1;341;633;
7;1;318;626;
8;1;262;631;
9;1;420;614;
10;1;225;604;
11;1;166;608;
12;1;374;604;
13;1;402;609;
14;1;257;631;
15;1;65;642;
16;1;430;614;
17;1;401;623;
18;1;422;608;
19;1;154;619;
