****16****
100
63;76;1;2;0;
55;36;1;2;0;
66;16;1;2;0;
69;49;1;2;0;
68;41;1;2;0;
43;27;1;2;0;
12;20;1;2;0;
7;66;1;2;0;
27;70;1;2;0;
76;64;1;2;0;
67;82;1;2;0;
27;68;1;2;0;
28;51;1;2;0;
97;97;1;2;0;
46;14;1;2;0;
49;9;1;2;0;
41;55;1;2;0;
44;7;1;2;0;
23;64;1;2;0;
7;90;1;2;0;
4;1;1;2;0;
68;15;1;2;0;
20;74;1;2;0;
32;98;1;2;0;
43;7;1;2;0;
62;61;1;2;0;
40;40;1;2;0;
28;19;1;2;0;
91;76;1;2;0;
67;88;1;2;0;
89;68;1;2;0;
48;82;1;2;0;
22;44;1;2;0;
88;44;1;2;0;
7;46;1;2;0;
85;63;1;2;0;
46;52;1;2;0;
77;18;1;2;0;
25;9;1;2;0;
15;19;1;2;0;
67;28;1;2;0;
79;59;1;2;0;
68;59;1;2;0;
77;10;1;2;0;
34;44;1;2;0;
49;75;1;2;0;
63;97;1;2;0;
56;84;1;2;0;
92;95;1;2;0;
80;98;1;2;0;
40;64;1;2;1556;
37;16;1;2;1588;
54;92;1;2;952;
21;63;1;2;787;
100;93;1;2;2073;
19;51;1;2;2426;
28;37;1;2;2047;
29;11;1;2;1482;
77;18;1;2;880;
68;12;1;2;1406;
17;3;1;2;1524;
29;39;1;2;409;
17;45;1;2;2298;
65;17;1;2;2358;
83;16;1;2;1788;
8;35;1;2;632;
13;14;1;2;1177;
13;94;1;2;883;
23;70;1;2;640;
20;37;1;2;244;
97;54;1;2;1394;
41;82;1;2;1811;
100;50;1;2;287;
2;66;1;2;1218;
67;48;1;2;2148;
76;7;1;2;1215;
35;19;1;2;957;
31;83;1;2;1580;
88;5;1;2;2064;
63;77;1;2;2142;
100;25;1;2;687;
40;65;1;2;1762;
22;64;1;2;1951;
48;17;1;2;2208;
90;83;1;2;822;
51;10;1;2;2364;
47;45;1;2;1763;
8;27;1;2;1064;
14;66;1;2;1753;
38;80;1;2;2208;
51;32;1;2;1339;
68;71;1;2;666;
67;44;1;2;602;
66;91;1;2;944;
31;32;1;2;1553;
43;82;1;2;1714;
13;80;1;2;2061;
2;39;1;2;1274;
26;53;1;2;235;
54;90;1;2;2086;
0;1;510;291;
1;1;518;473;
2;1;560;659;
3;1;586;717;
4;1;583;552;
5;1;543;705;
6;1;520;1084;
7;1;556;1061;
8;1;519;1122;
9;1;550;1431;
10;1;517;1382;
11;1;585;1120;
12;1;507;1374;
13;1;508;1449;
14;1;515;1828;
15;1;552;2011;
16;1;541;1818;
17;1;565;1966;
18;1;513;2032;
19;1;529;2057;
20;1;594;2384;
21;1;572;2305;
22;1;600;2527;
23;1;595;2587;
24;1;565;2660;
25;1;501;2875;
26;1;513;2772;
27;1;540;2938;
28;1;547;3142;
29;1;584;3461;
30;1;600;3086;
31;1;585;3166;
32;1;508;3609;
33;1;543;3326;
34;1;551;3949;
35;1;520;3676;
36;1;597;3883;
37;1;562;3735;
38;1;518;4051;
39;1;566;4097;
40;1;504;4177;
41;1;519;4372;
42;1;503;4427;
43;1;586;4883;
44;1;509;4738;
45;1;511;4995;
46;1;507;4922;
47;1;599;4907;
48;1;548;5252;
49;1;539;5423;
