****6****
100
14;63;1;2;0;
80;23;1;2;0;
46;37;1;2;0;
51;5;1;2;0;
15;83;1;2;0;
23;73;1;2;0;
41;31;1;2;0;
92;27;1;2;0;
96;67;1;2;0;
39;81;1;2;0;
91;7;1;2;0;
98;43;1;2;0;
45;72;1;2;0;
21;51;1;2;0;
86;15;1;2;0;
54;51;1;2;0;
29;33;1;2;0;
74;74;1;2;0;
22;24;1;2;0;
31;36;1;2;0;
6;53;1;2;0;
61;98;1;2;0;
35;4;1;2;0;
24;82;1;2;0;
23;63;1;2;0;
63;65;1;2;0;
21;12;1;2;0;
7;65;1;2;0;
83;79;1;2;0;
15;68;1;2;0;
45;68;1;2;0;
19;26;1;2;0;
53;44;1;2;0;
51;74;1;2;0;
67;81;1;2;0;
61;24;1;2;0;
34;21;1;2;0;
22;68;1;2;0;
77;97;1;2;0;
2;99;1;2;0;
11;64;1;2;0;
15;32;1;2;0;
75;21;1;2;0;
48;9;1;2;0;
99;15;1;2;0;
76;95;1;2;0;
82;46;1;2;0;
20;86;1;2;0;
89;71;1;2;0;
59;7;1;2;0;
51;72;1;2;666;
84;92;1;2;1910;
4;20;1;2;605;
57;70;1;2;121;
20;84;1;2;2482;
46;4;1;2;68;
54;54;1;2;1355;
81;49;1;2;723;
79;20;1;2;571;
19;90;1;2;1242;
26;41;1;2;881;
8;76;1;2;2143;
63;31;1;2;2453;
14;87;1;2;82;
76;6;1;2;2392;
21;3;1;2;1842;
66;56;1;2;252;
24;37;1;2;568;
64;67;1;2;503;
42;85;1;2;2096;
30;10;1;2;2351;
89;69;1;2;102;
91;31;1;2;332;
13;97;1;2;1831;
57;72;1;2;1633;
32;45;1;2;733;
62;62;1;2;1342;
50;85;1;2;2387;
86;1;1;2;1459;
42;94;1;2;491;
87;23;1;2;268;
24;63;1;2;1454;
36;53;1;2;963;
31;18;1;2;1898;
13;74;1;2;1879;
52;57;1;2;892;
45;70;1;2;1506;
94;20;1;2;73;
31;5;1;2;2323;
34;46;1;2;1323;
22;84;1;2;820;
71;59;1;2;1695;
40;95;1;2;1093;
40;77;1;2;1468;
36;41;1;2;401;
56;44;1;2;284;
71;89;1;2;461;
48;82;1;2;1183;
61;13;1;2;517;
74;98;1;2;1471;
0;1;532;218;
1;1;523;602;
2;1;541;228;
3;1;506;764;
4;1;528;923;
5;1;520;615;
6;1;520;627;
7;1;597;1077;
8;1;563;1001;
9;1;557;1227;
10;1;580;1062;
11;1;532;1101;
12;1;560;1671;
13;1;578;1782;
14;1;565;1714;
15;1;540;1687;
16;1;594;1602;
17;1;559;1777;
18;1;596;2387;
19;1;566;2080;
20;1;568;2345;
21;1;530;2368;
22;1;545;2410;
23;1;598;2834;
24;1;518;2475;
25;1;591;3042;
26;1;528;3078;
27;1;510;2858;
28;1;566;2860;
29;1;540;3362;
30;1;562;3512;
31;1;530;3516;
32;1;593;3617;
33;1;592;3591;
34;1;504;3409;
35;1;514;3950;
36;1;595;3818;
37;1;561;4074;
38;1;569;3877;
39;1;597;4046;
40;1;516;4146;
41;1;587;4550;
42;1;513;4700;
43;1;534;4510;
44;1;535;4684;
45;1;561;4907;
46;1;556;4865;
47;1;506;4871;
48;1;530;5228;
49;1;588;5165;
