****4****
100
6;79;1;2;0;
52;43;1;2;0;
56;53;1;2;0;
50;16;1;2;0;
88;18;1;2;0;
99;4;1;2;0;
57;93;1;2;0;
67;10;1;2;0;
68;73;1;2;0;
28;16;1;2;0;
9;1;1;2;0;
97;48;1;2;0;
71;79;1;2;0;
83;30;1;2;0;
6;99;1;2;0;
60;11;1;2;0;
78;11;1;2;0;
5;33;1;2;0;
15;6;1;2;0;
49;2;1;2;0;
23;99;1;2;0;
6;79;1;2;0;
91;24;1;2;0;
40;10;1;2;0;
48;68;1;2;0;
77;56;1;2;0;
68;73;1;2;0;
55;91;1;2;0;
51;38;1;2;0;
20;8;1;2;0;
88;31;1;2;0;
70;65;1;2;0;
94;74;1;2;0;
50;8;1;2;0;
31;50;1;2;0;
10;54;1;2;0;
48;67;1;2;0;
84;39;1;2;0;
42;24;1;2;0;
100;89;1;2;0;
91;77;1;2;0;
44;10;1;2;0;
49;51;1;2;0;
100;52;1;2;0;
40;71;1;2;0;
11;27;1;2;0;
54;81;1;2;0;
44;47;1;2;0;
6;93;1;2;0;
54;37;1;2;0;
42;15;1;2;2231;
41;33;1;2;1657;
79;74;1;2;812;
31;62;1;2;753;
7;58;1;2;882;
7;60;1;2;2287;
10;99;1;2;966;
21;25;1;2;2145;
53;68;1;2;1861;
58;12;1;2;287;
46;5;1;2;1759;
87;46;1;2;2021;
64;76;1;2;79;
63;6;1;2;724;
5;64;1;2;1196;
8;71;1;2;889;
62;32;1;2;33;
87;52;1;2;1183;
17;4;1;2;1190;
93;14;1;2;2178;
75;59;1;2;1085;
71;98;1;2;2354;
51;61;1;2;1504;
53;23;1;2;820;
21;79;1;2;1406;
97;86;1;2;2023;
33;100;1;2;752;
66;86;1;2;583;
24;55;1;2;1655;
54;47;1;2;2466;
95;73;1;2;2399;
88;43;1;2;1181;
79;46;1;2;472;
45;98;1;2;1086;
68;70;1;2;1277;
3;19;1;2;1923;
60;51;1;2;317;
1;16;1;2;2427;
93;92;1;2;393;
40;97;1;2;1080;
53;91;1;2;2278;
24;30;1;2;738;
44;60;1;2;992;
72;4;1;2;614;
26;24;1;2;329;
59;26;1;2;1341;
30;38;1;2;2034;
99;90;1;2;2446;
6;82;1;2;1258;
15;73;1;2;2162;
0;1;575;324;
1;1;560;266;
2;1;600;288;
3;1;533;607;
4;1;549;714;
5;1;566;575;
6;1;526;663;
7;1;579;760;
8;1;502;826;
9;1;529;1072;
10;1;594;1086;
11;1;582;1110;
12;1;569;1296;
13;1;516;1593;
14;1;554;1725;
15;1;511;1609;
16;1;565;1744;
17;1;586;1779;
18;1;511;1816;
19;1;559;2240;
20;1;526;2217;
21;1;566;2480;
22;1;567;2381;
23;1;571;2454;
24;1;501;2716;
25;1;551;2936;
26;1;541;2962;
27;1;580;2789;
28;1;519;2889;
29;1;503;3280;
30;1;534;3045;
31;1;503;3154;
32;1;535;3352;
33;1;514;3788;
34;1;509;3583;
35;1;555;3864;
36;1;595;4120;
37;1;537;3847;
38;1;517;4150;
39;1;582;4196;
40;1;557;4437;
41;1;562;4341;
42;1;516;4496;
43;1;559;4648;
44;1;587;4555;
45;1;557;4990;
46;1;526;4756;
47;1;570;4980;
48;1;598;5028;
49;1;505;5150;
