****14****
100
35;89;1;2;0;
39;37;1;2;0;
87;86;1;2;0;
64;94;1;2;0;
90;88;1;2;0;
30;21;1;2;0;
22;67;1;2;0;
43;46;1;2;0;
45;86;1;2;0;
78;52;1;2;0;
12;72;1;2;0;
71;84;1;2;0;
81;82;1;2;0;
30;13;1;2;0;
5;95;1;2;0;
59;91;1;2;0;
35;50;1;2;0;
79;21;1;2;0;
35;42;1;2;0;
66;76;1;2;0;
29;47;1;2;0;
97;3;1;2;0;
13;91;1;2;0;
48;9;1;2;0;
77;78;1;2;0;
60;88;1;2;0;
49;82;1;2;0;
23;81;1;2;0;
63;5;1;2;0;
94;19;1;2;0;
99;4;1;2;0;
62;33;1;2;0;
53;40;1;2;0;
5;39;1;2;0;
34;22;1;2;0;
67;62;1;2;0;
68;15;1;2;0;
16;33;1;2;0;
5;64;1;2;0;
41;81;1;2;0;
93;1;1;2;0;
21;93;1;2;0;
34;43;1;2;0;
26;97;1;2;0;
99;19;1;2;0;
67;97;1;2;0;
74;80;1;2;0;
81;79;1;2;0;
72;37;1;2;0;
17;5;1;2;0;
58;35;1;2;1799;
78;49;1;2;2186;
62;54;1;2;1735;
2;86;1;2;2163;
54;6;1;2;1072;
88;1;1;2;182;
36;99;1;2;1276;
54;48;1;2;901;
34;80;1;2;361;
5;17;1;2;1536;
61;26;1;2;735;
78;55;1;2;1811;
63;16;1;2;1467;
11;18;1;2;550;
3;23;1;2;476;
40;10;1;2;621;
49;97;1;2;306;
81;51;1;2;731;
86;36;1;2;1501;
69;40;1;2;2390;
20;52;1;2;254;
6;29;1;2;1733;
93;92;1;2;2491;
32;54;1;2;404;
9;9;1;2;2256;
92;48;1;2;2341;
26;96;1;2;1650;
59;28;1;2;678;
39;13;1;2;1559;
99;33;1;2;1202;
26;53;1;2;1804;
31;10;1;2;163;
43;54;1;2;965;
18;38;1;2;943;
14;46;1;2;2265;
32;89;1;2;1001;
12;15;1;2;2338;
37;25;1;2;48;
63;64;1;2;38;
25;14;1;2;164;
77;91;1;2;1964;
81;74;1;2;1175;
65;16;1;2;2108;
40;33;1;2;1228;
20;98;1;2;1590;
9;29;1;2;1168;
44;41;1;2;585;
75;29;1;2;149;
86;43;1;2;590;
9;19;1;2;913;
0;1;516;483;
1;1;559;638;
2;1;528;367;
3;1;545;588;
4;1;547;496;
5;1;583;715;
6;1;583;781;
7;1;528;927;
8;1;562;1032;
9;1;541;1071;
10;1;501;1201;
11;1;532;1240;
12;1;549;1291;
13;1;571;1597;
14;1;529;1476;
15;1;572;1568;
16;1;589;2086;
17;1;520;2027;
18;1;514;1893;
19;1;511;1919;
20;1;534;2110;
21;1;543;2216;
22;1;598;2315;
23;1;559;2495;
24;1;530;2781;
25;1;517;2608;
26;1;560;2779;
27;1;510;3197;
28;1;569;3300;
29;1;511;3152;
30;1;574;3359;
31;1;541;3515;
32;1;563;3342;
33;1;581;3859;
34;1;575;3590;
35;1;540;3760;
36;1;535;3741;
37;1;528;4135;
38;1;503;3876;
39;1;595;4319;
40;1;542;4472;
41;1;566;4246;
42;1;563;4412;
43;1;560;4522;
44;1;560;4421;
45;1;579;4751;
46;1;555;4716;
47;1;546;4874;
48;1;583;4807;
49;1;597;5159;
