****5****
100
54;12;1;2;0;
92;100;1;2;0;
84;29;1;2;0;
13;52;1;2;0;
35;94;1;2;0;
68;44;1;2;0;
78;81;1;2;0;
93;93;1;2;0;
73;51;1;2;0;
78;11;1;2;0;
63;86;1;2;0;
30;89;1;2;0;
96;51;1;2;0;
1;93;1;2;0;
85;57;1;2;0;
50;38;1;2;0;
20;42;1;2;0;
90;3;1;2;0;
22;2;1;2;0;
54;8;1;2;0;
48;73;1;2;0;
51;25;1;2;0;
5;43;1;2;0;
69;29;1;2;0;
45;46;1;2;0;
39;8;1;2;0;
31;21;1;2;0;
48;26;1;2;0;
71;100;1;2;0;
70;56;1;2;0;
56;19;1;2;0;
45;76;1;2;0;
12;86;1;2;0;
30;85;1;2;0;
40;36;1;2;0;
93;87;1;2;0;
60;43;1;2;0;
63;65;1;2;0;
38;31;1;2;0;
93;82;1;2;0;
76;84;1;2;0;
41;58;1;2;0;
4;40;1;2;0;
83;74;1;2;0;
39;52;1;2;0;
81;95;1;2;0;
22;78;1;2;0;
22;86;1;2;0;
63;3;1;2;0;
70;2;1;2;0;
90;14;1;2;2066;
50;57;1;2;308;
66;46;1;2;2263;
10;27;1;2;950;
93;20;1;2;1584;
48;59;1;2;1427;
22;98;1;2;692;
54;44;1;2;1504;
31;17;1;2;408;
94;19;1;2;534;
47;61;1;2;2378;
87;10;1;2;960;
88;27;1;2;1705;
24;88;1;2;2284;
34;81;1;2;1458;
2;28;1;2;609;
55;1;1;2;974;
60;7;1;2;2480;
86;37;1;2;1202;
1;82;1;2;1006;
85;29;1;2;1043;
35;15;1;2;770;
41;54;1;2;1574;
44;77;1;2;648;
74;63;1;2;698;
74;16;1;2;2488;
81;70;1;2;2319;
89;29;1;2;2369;
88;66;1;2;796;
55;66;1;2;975;
93;3;1;2;2019;
90;37;1;2;997;
97;30;1;2;718;
81;73;1;2;946;
53;98;1;2;131;
57;72;1;2;2357;
41;4;1;2;1550;
77;93;1;2;905;
19;32;1;2;1926;
49;39;1;2;23;
61;83;1;2;731;
53;72;1;2;1424;
11;68;1;2;568;
75;1;1;2;2367;
15;5;1;2;1601;
69;62;1;2;2235;
90;54;1;2;2375;
28;82;1;2;497;
47;100;1;2;1582;
32;48;1;2;1831;
0;1;582;310;
1;1;518;309;
2;1;513;609;
3;1;578;845;
4;1;561;701;
5;1;598;1054;
6;1;598;753;
7;1;566;1112;
8;1;584;1270;
9;1;560;912;
10;1;584;1481;
11;1;600;1564;
12;1;544;1462;
13;1;564;1796;
14;1;530;1502;
15;1;529;1598;
16;1;523;1960;
17;1;600;2235;
18;1;539;2119;
19;1;559;2318;
20;1;580;2247;
21;1;512;2600;
22;1;571;2200;
23;1;522;2779;
24;1;507;2741;
25;1;526;2611;
26;1;510;2936;
27;1;506;2998;
28;1;575;2968;
29;1;597;3071;
30;1;532;3276;
31;1;518;3563;
32;1;527;3573;
33;1;541;3561;
34;1;598;3568;
35;1;568;3952;
36;1;558;3737;
37;1;506;3707;
38;1;560;4258;
39;1;581;4131;
40;1;559;4369;
41;1;508;4335;
42;1;535;4553;
43;1;524;4796;
44;1;534;4743;
45;1;569;4881;
46;1;501;4936;
47;1;523;5020;
48;1;555;5172;
49;1;595;5271;
