****11****
100
845;866;1;2;0;
841;947;1;2;0;
46;709;1;2;0;
833;462;1;2;0;
126;397;1;2;0;
798;524;1;2;0;
474;755;1;2;0;
684;887;1;2;0;
87;315;1;2;0;
38;674;1;2;0;
633;745;1;2;0;
937;152;1;2;0;
18;686;1;2;0;
394;962;1;2;0;
114;677;1;2;0;
14;958;1;2;0;
542;206;1;2;0;
257;939;1;2;0;
914;89;1;2;0;
752;40;1;2;0;
838;549;1;2;0;
915;663;1;2;0;
656;950;1;2;0;
902;742;1;2;0;
265;291;1;2;0;
767;249;1;2;0;
387;55;1;2;0;
400;405;1;2;0;
93;793;1;2;0;
718;206;1;2;0;
821;731;1;2;0;
163;714;1;2;0;
936;419;1;2;0;
4;849;1;2;0;
860;756;1;2;0;
240;49;1;2;0;
656;506;1;2;0;
711;663;1;2;0;
456;964;1;2;0;
756;720;1;2;0;
254;522;1;2;0;
320;641;1;2;0;
577;719;1;2;0;
45;669;1;2;0;
863;762;1;2;0;
874;35;1;2;0;
844;36;1;2;0;
748;131;1;2;0;
807;751;1;2;0;
331;666;1;2;0;
858;571;1;2;12408;
866;428;1;2;22519;
528;883;1;2;14608;
284;954;1;2;1733;
157;273;1;2;3754;
733;343;1;2;14454;
753;557;1;2;10161;
626;591;1;2;19562;
14;338;1;2;24308;
172;441;1;2;15584;
837;298;1;2;20083;
902;515;1;2;12605;
677;43;1;2;6854;
768;678;1;2;24291;
761;834;1;2;11417;
745;919;1;2;2644;
126;671;1;2;15981;
267;297;1;2;16392;
956;662;1;2;655;
422;833;1;2;15880;
219;21;1;2;11997;
938;922;1;2;19214;
437;950;1;2;18676;
818;718;1;2;9938;
504;830;1;2;2598;
815;926;1;2;13532;
469;51;1;2;5260;
31;670;1;2;15588;
831;625;1;2;8650;
673;398;1;2;21960;
955;969;1;2;6746;
535;906;1;2;4913;
981;694;1;2;11731;
469;511;1;2;21304;
986;367;1;2;10364;
336;181;1;2;7667;
957;649;1;2;7161;
248;679;1;2;19009;
835;862;1;2;12771;
787;886;1;2;12756;
571;841;1;2;11794;
375;727;1;2;4967;
452;59;1;2;7130;
830;879;1;2;20639;
278;864;1;2;3776;
554;551;1;2;13464;
108;507;1;2;6840;
65;754;1;2;24888;
690;940;1;2;11244;
292;78;1;2;16565;
0;1;600;142;
1;1;600;1347;
2;1;600;2400;
3;1;600;4061;
4;1;600;5173;
5;1;600;6078;
6;1;600;7385;
7;1;600;8576;
8;1;600;9736;
9;1;600;11255;
10;1;600;12358;
11;1;600;13214;
12;1;600;14488;
13;1;600;15735;
14;1;600;17029;
15;1;600;18086;
16;1;600;19240;
17;1;600;20680;
18;1;600;21717;
19;1;600;22948;
