****0****
100
326;934;1;2;0;
255;398;1;2;0;
228;291;1;2;0;
171;181;1;2;0;
959;935;1;2;0;
880;277;1;2;0;
968;578;1;2;0;
205;895;1;2;0;
294;310;1;2;0;
57;563;1;2;0;
512;602;1;2;0;
68;456;1;2;0;
36;690;1;2;0;
29;306;1;2;0;
700;226;1;2;0;
442;377;1;2;0;
511;48;1;2;0;
775;90;1;2;0;
338;297;1;2;0;
271;297;1;2;0;
231;502;1;2;0;
573;551;1;2;0;
79;129;1;2;0;
797;724;1;2;0;
790;853;1;2;0;
286;301;1;2;0;
807;354;1;2;0;
108;842;1;2;0;
395;488;1;2;0;
499;447;1;2;0;
714;292;1;2;0;
823;576;1;2;0;
340;597;1;2;0;
666;29;1;2;0;
893;288;1;2;0;
325;476;1;2;0;
789;249;1;2;0;
26;219;1;2;0;
377;174;1;2;0;
943;167;1;2;0;
26;228;1;2;0;
819;832;1;2;0;
933;927;1;2;0;
26;328;1;2;0;
766;876;1;2;0;
774;479;1;2;0;
168;948;1;2;0;
55;859;1;2;0;
545;72;1;2;0;
887;789;1;2;0;
359;564;1;2;16912;
499;812;1;2;17865;
717;541;1;2;13949;
659;59;1;2;12832;
239;229;1;2;22443;
171;507;1;2;16136;
498;273;1;2;1263;
623;103;1;2;11099;
571;509;1;2;1587;
467;580;1;2;11110;
255;290;1;2;5461;
519;140;1;2;15402;
159;857;1;2;5121;
973;867;1;2;7735;
164;105;1;2;17541;
186;276;1;2;21544;
586;125;1;2;3610;
213;100;1;2;22255;
7;22;1;2;5638;
659;488;1;2;17239;
549;94;1;2;8295;
3;612;1;2;1740;
620;123;1;2;21463;
129;447;1;2;9298;
48;610;1;2;2978;
195;147;1;2;13509;
849;84;1;2;3378;
127;296;1;2;8632;
508;654;1;2;9660;
749;664;1;2;2463;
569;213;1;2;12514;
679;567;1;2;8973;
929;538;1;2;7456;
738;18;1;2;1408;
62;65;1;2;24166;
843;611;1;2;4913;
250;812;1;2;5293;
134;290;1;2;6062;
117;149;1;2;16073;
473;897;1;2;14158;
668;466;1;2;13677;
957;496;1;2;20091;
857;424;1;2;21553;
231;162;1;2;2679;
51;575;1;2;23454;
480;417;1;2;1416;
759;19;1;2;5862;
122;152;1;2;19897;
781;621;1;2;15776;
445;445;1;2;1383;
0;1;750;271;
1;1;750;1612;
2;1;750;3352;
3;1;750;4811;
4;1;750;6420;
5;1;750;7848;
6;1;750;9120;
7;1;750;10776;
8;1;750;12123;
9;1;750;13615;
10;1;750;15006;
11;1;750;16636;
12;1;750;18478;
13;1;750;19908;
14;1;750;21063;
15;1;750;22758;
16;1;750;24387;
17;1;750;25831;
18;1;750;27148;
19;1;750;28997;
