****2****
100
253;262;1;2;0;
313;253;1;2;0;
339;318;1;2;0;
275;333;1;2;0;
297;270;1;2;0;
274;269;1;2;0;
320;257;1;2;0;
251;287;1;2;0;
342;349;1;2;0;
296;252;1;2;0;
280;304;1;2;0;
323;343;1;2;0;
311;256;1;2;0;
263;341;1;2;0;
349;299;1;2;0;
253;304;1;2;0;
263;316;1;2;0;
307;253;1;2;0;
284;284;1;2;0;
288;283;1;2;0;
304;313;1;2;0;
254;327;1;2;0;
272;256;1;2;0;
264;316;1;2;0;
307;310;1;2;0;
319;289;1;2;0;
317;344;1;2;0;
334;278;1;2;0;
250;299;1;2;0;
321;302;1;2;0;
349;324;1;2;0;
256;314;1;2;0;
290;266;1;2;0;
269;276;1;2;0;
252;308;1;2;0;
262;307;1;2;0;
323;266;1;2;0;
336;297;1;2;0;
324;250;1;2;0;
264;281;1;2;0;
263;285;1;2;0;
272;330;1;2;0;
279;256;1;2;0;
310;332;1;2;0;
306;282;1;2;0;
284;257;1;2;0;
256;342;1;2;0;
273;349;1;2;0;
310;293;1;2;0;
275;313;1;2;0;
303;339;1;2;6399;
328;256;1;2;2092;
327;330;1;2;77;
341;314;1;2;450;
276;336;1;2;462;
258;295;1;2;6453;
340;303;1;2;6408;
326;262;1;2;3030;
270;285;1;2;6099;
331;280;1;2;804;
294;285;1;2;1813;
318;263;1;2;4843;
276;293;1;2;3253;
286;284;1;2;5561;
310;263;1;2;93;
265;271;1;2;6194;
281;313;1;2;3504;
281;341;1;2;1396;
288;313;1;2;1978;
345;294;1;2;5285;
328;290;1;2;993;
253;310;1;2;448;
283;336;1;2;4630;
346;273;1;2;1239;
325;285;1;2;1087;
291;300;1;2;1640;
305;284;1;2;2077;
273;315;1;2;5301;
252;253;1;2;4511;
319;301;1;2;2157;
317;279;1;2;1655;
250;334;1;2;1905;
300;268;1;2;4997;
342;316;1;2;3799;
270;292;1;2;6262;
311;285;1;2;5203;
277;340;1;2;8;
254;263;1;2;4296;
326;318;1;2;6387;
261;287;1;2;4878;
341;254;1;2;718;
314;306;1;2;3223;
299;257;1;2;2378;
270;349;1;2;1436;
265;321;1;2;5959;
346;334;1;2;1183;
330;261;1;2;804;
300;317;1;2;969;
284;293;1;2;3076;
275;304;1;2;1747;
0;1;18;18;
1;1;99;399;
2;1;146;746;
3;1;89;989;
4;1;15;1215;
5;1;3;1503;
6;1;47;1847;
7;1;114;2214;
8;1;10;2410;
9;1;25;2725;
10;1;134;3134;
11;1;9;3309;
12;1;72;3672;
13;1;51;3951;
14;1;32;4232;
15;1;10;4510;
16;1;150;4950;
17;1;116;5216;
18;1;36;5436;
19;1;32;5732;
