****11****
100
284;270;1;2;0;
256;312;1;2;0;
266;263;1;2;0;
297;280;1;2;0;
274;265;1;2;0;
262;292;1;2;0;
326;277;1;2;0;
324;276;1;2;0;
259;299;1;2;0;
300;278;1;2;0;
347;324;1;2;0;
342;298;1;2;0;
318;282;1;2;0;
259;273;1;2;0;
301;252;1;2;0;
299;335;1;2;0;
324;305;1;2;0;
297;341;1;2;0;
271;296;1;2;0;
323;295;1;2;0;
312;288;1;2;0;
289;340;1;2;0;
315;263;1;2;0;
318;324;1;2;0;
264;268;1;2;0;
304;313;1;2;0;
294;296;1;2;0;
261;262;1;2;0;
281;322;1;2;0;
337;332;1;2;0;
277;287;1;2;0;
317;251;1;2;0;
294;316;1;2;0;
294;315;1;2;0;
263;268;1;2;0;
313;277;1;2;0;
306;304;1;2;0;
319;323;1;2;0;
270;287;1;2;0;
297;284;1;2;0;
305;303;1;2;0;
300;349;1;2;0;
301;311;1;2;0;
313;332;1;2;0;
336;300;1;2;0;
314;263;1;2;0;
289;333;1;2;0;
316;334;1;2;0;
300;261;1;2;0;
251;265;1;2;0;
331;266;1;2;1685;
339;321;1;2;5115;
312;341;1;2;6272;
311;327;1;2;3765;
264;277;1;2;7355;
315;291;1;2;1067;
298;277;1;2;1485;
314;290;1;2;4041;
298;308;1;2;3046;
300;319;1;2;7300;
315;300;1;2;4537;
261;289;1;2;6043;
324;303;1;2;6405;
276;264;1;2;1003;
335;278;1;2;5550;
345;296;1;2;2621;
318;344;1;2;3921;
293;260;1;2;7189;
260;308;1;2;6672;
311;258;1;2;2922;
316;275;1;2;216;
289;286;1;2;7087;
285;312;1;2;1315;
272;338;1;2;6426;
288;275;1;2;2784;
284;270;1;2;5990;
273;290;1;2;669;
289;334;1;2;6456;
297;296;1;2;2520;
264;258;1;2;5490;
252;276;1;2;1008;
290;267;1;2;5473;
272;302;1;2;1785;
256;276;1;2;3719;
258;314;1;2;181;
336;301;1;2;5884;
313;324;1;2;7181;
335;264;1;2;5559;
268;263;1;2;5059;
260;329;1;2;1370;
312;331;1;2;1793;
289;324;1;2;3364;
255;346;1;2;4915;
284;304;1;2;5205;
301;312;1;2;5382;
347;251;1;2;3351;
262;266;1;2;2023;
270;303;1;2;5173;
313;274;1;2;5133;
303;336;1;2;931;
0;1;4;4;
1;1;49;349;
2;1;12;612;
3;1;30;930;
4;1;140;1340;
5;1;86;1586;
6;1;25;1825;
7;1;98;2198;
8;1;135;2535;
9;1;74;2774;
10;1;82;3082;
11;1;41;3341;
12;1;149;3749;
13;1;135;4035;
14;1;6;4206;
15;1;89;4589;
16;1;82;4882;
17;1;9;5109;
18;1;31;5431;
19;1;97;5797;
