****10****
100
281;340;1;2;0;
346;320;1;2;0;
264;292;1;2;0;
336;292;1;2;0;
340;276;1;2;0;
263;349;1;2;0;
341;293;1;2;0;
254;292;1;2;0;
279;331;1;2;0;
256;251;1;2;0;
319;290;1;2;0;
318;293;1;2;0;
302;319;1;2;0;
348;308;1;2;0;
307;342;1;2;0;
317;338;1;2;0;
332;266;1;2;0;
261;299;1;2;0;
308;347;1;2;0;
293;250;1;2;0;
274;306;1;2;0;
301;317;1;2;0;
349;306;1;2;0;
260;330;1;2;0;
339;266;1;2;0;
331;308;1;2;0;
258;251;1;2;0;
303;263;1;2;0;
273;301;1;2;0;
321;330;1;2;0;
293;340;1;2;0;
271;328;1;2;0;
256;282;1;2;0;
277;266;1;2;0;
331;320;1;2;0;
266;307;1;2;0;
328;318;1;2;0;
275;327;1;2;0;
326;337;1;2;0;
259;267;1;2;0;
305;341;1;2;0;
277;265;1;2;0;
294;330;1;2;0;
278;269;1;2;0;
281;301;1;2;0;
250;276;1;2;0;
292;271;1;2;0;
254;250;1;2;0;
255;281;1;2;0;
319;336;1;2;0;
303;287;1;2;5622;
333;307;1;2;2985;
262;283;1;2;2834;
272;252;1;2;3226;
315;279;1;2;1760;
259;311;1;2;5827;
279;294;1;2;6098;
331;321;1;2;7450;
304;325;1;2;7289;
309;309;1;2;5167;
347;314;1;2;6425;
295;298;1;2;4663;
268;310;1;2;6875;
280;332;1;2;1410;
347;297;1;2;2655;
330;259;1;2;3778;
293;340;1;2;887;
255;321;1;2;6561;
264;327;1;2;6996;
325;286;1;2;1951;
303;335;1;2;6366;
270;281;1;2;1338;
295;251;1;2;3508;
306;282;1;2;1612;
271;279;1;2;7177;
265;311;1;2;1878;
321;254;1;2;586;
274;312;1;2;359;
297;278;1;2;4757;
348;253;1;2;6886;
310;306;1;2;2341;
289;278;1;2;4101;
315;276;1;2;584;
306;284;1;2;1834;
280;305;1;2;3721;
253;320;1;2;651;
287;344;1;2;6095;
311;268;1;2;3505;
306;267;1;2;766;
330;318;1;2;4877;
342;278;1;2;6148;
339;269;1;2;3939;
320;287;1;2;2622;
302;343;1;2;1717;
316;273;1;2;2779;
311;328;1;2;672;
268;265;1;2;7111;
330;326;1;2;190;
305;334;1;2;1908;
309;266;1;2;3968;
0;1;68;68;
1;1;109;409;
2;1;113;713;
3;1;31;931;
4;1;51;1251;
5;1;83;1583;
6;1;26;1826;
7;1;123;2223;
8;1;120;2520;
9;1;97;2797;
10;1;125;3125;
11;1;63;3363;
12;1;102;3702;
13;1;143;4043;
14;1;139;4339;
15;1;62;4562;
16;1;56;4856;
17;1;117;5217;
18;1;94;5494;
19;1;75;5775;
