****17****
100
288;293;1;2;0;
318;269;1;2;0;
301;308;1;2;0;
270;349;1;2;0;
319;313;1;2;0;
284;288;1;2;0;
312;295;1;2;0;
258;289;1;2;0;
343;309;1;2;0;
295;346;1;2;0;
274;291;1;2;0;
286;296;1;2;0;
289;308;1;2;0;
251;307;1;2;0;
309;278;1;2;0;
284;347;1;2;0;
273;252;1;2;0;
319;276;1;2;0;
262;291;1;2;0;
275;284;1;2;0;
254;310;1;2;0;
322;268;1;2;0;
307;331;1;2;0;
307;300;1;2;0;
342;304;1;2;0;
348;266;1;2;0;
297;284;1;2;0;
265;288;1;2;0;
342;266;1;2;0;
345;253;1;2;0;
346;280;1;2;0;
303;322;1;2;0;
334;272;1;2;0;
348;347;1;2;0;
313;274;1;2;0;
281;269;1;2;0;
286;305;1;2;0;
339;295;1;2;0;
338;348;1;2;0;
345;330;1;2;0;
302;343;1;2;0;
299;301;1;2;0;
277;314;1;2;0;
340;322;1;2;0;
282;335;1;2;0;
325;331;1;2;0;
317;330;1;2;0;
303;302;1;2;0;
252;301;1;2;0;
251;267;1;2;0;
277;282;1;2;1384;
265;289;1;2;12;
310;278;1;2;4192;
305;310;1;2;2716;
250;259;1;2;1446;
330;275;1;2;2659;
302;260;1;2;5976;
329;341;1;2;5780;
310;294;1;2;6713;
264;297;1;2;4256;
334;325;1;2;333;
322;292;1;2;3;
300;253;1;2;5317;
327;260;1;2;2955;
259;313;1;2;5990;
290;293;1;2;7094;
263;297;1;2;6851;
321;328;1;2;2720;
299;340;1;2;1125;
329;255;1;2;1628;
260;339;1;2;5472;
275;263;1;2;1497;
330;265;1;2;3711;
264;343;1;2;4293;
259;304;1;2;7120;
316;296;1;2;2258;
298;309;1;2;3756;
342;332;1;2;280;
329;282;1;2;3856;
260;261;1;2;7326;
338;324;1;2;2048;
296;349;1;2;4409;
296;329;1;2;6774;
251;344;1;2;6126;
268;305;1;2;5181;
349;271;1;2;5530;
324;271;1;2;2476;
347;315;1;2;1851;
300;294;1;2;2223;
343;304;1;2;2514;
344;345;1;2;7416;
285;291;1;2;1970;
340;289;1;2;1470;
263;290;1;2;3589;
278;308;1;2;4216;
300;259;1;2;1694;
267;334;1;2;3119;
294;331;1;2;628;
255;333;1;2;4589;
348;278;1;2;833;
0;1;55;55;
1;1;23;323;
2;1;22;622;
3;1;86;986;
4;1;61;1261;
5;1;15;1515;
6;1;68;1868;
7;1;103;2203;
8;1;4;2404;
9;1;129;2829;
10;1;66;3066;
11;1;96;3396;
12;1;37;3637;
13;1;147;4047;
14;1;7;4207;
15;1;50;4550;
16;1;99;4899;
17;1;16;5116;
18;1;86;5486;
19;1;116;5816;
