****14****
100
339;314;1;2;0;
321;299;1;2;0;
286;336;1;2;0;
312;289;1;2;0;
273;280;1;2;0;
339;267;1;2;0;
348;252;1;2;0;
339;255;1;2;0;
291;305;1;2;0;
256;259;1;2;0;
298;268;1;2;0;
291;303;1;2;0;
278;334;1;2;0;
332;251;1;2;0;
332;306;1;2;0;
310;274;1;2;0;
322;333;1;2;0;
323;258;1;2;0;
319;337;1;2;0;
349;295;1;2;0;
267;338;1;2;0;
264;266;1;2;0;
292;254;1;2;0;
271;333;1;2;0;
309;330;1;2;0;
294;309;1;2;0;
348;335;1;2;0;
263;328;1;2;0;
319;345;1;2;0;
281;254;1;2;0;
253;341;1;2;0;
278;325;1;2;0;
325;303;1;2;0;
285;294;1;2;0;
291;336;1;2;0;
291;308;1;2;0;
324;306;1;2;0;
276;318;1;2;0;
310;250;1;2;0;
302;321;1;2;0;
330;346;1;2;0;
281;280;1;2;0;
284;294;1;2;0;
259;305;1;2;0;
341;290;1;2;0;
309;296;1;2;0;
334;289;1;2;0;
323;309;1;2;0;
343;258;1;2;0;
305;284;1;2;0;
344;347;1;2;1296;
270;303;1;2;3982;
290;315;1;2;575;
342;286;1;2;3160;
291;317;1;2;4924;
277;313;1;2;4930;
332;256;1;2;593;
344;302;1;2;2514;
283;275;1;2;2672;
328;335;1;2;6100;
262;281;1;2;3290;
259;253;1;2;1966;
282;294;1;2;6893;
305;286;1;2;4586;
312;279;1;2;518;
349;306;1;2;133;
348;341;1;2;1022;
291;335;1;2;6500;
266;320;1;2;1143;
300;299;1;2;3669;
293;311;1;2;391;
332;272;1;2;84;
327;304;1;2;4021;
288;311;1;2;4528;
285;273;1;2;2252;
253;325;1;2;4626;
285;275;1;2;4979;
324;316;1;2;1323;
315;332;1;2;2928;
283;334;1;2;2234;
337;329;1;2;960;
323;311;1;2;404;
264;341;1;2;4691;
297;279;1;2;6752;
270;266;1;2;2534;
273;269;1;2;4464;
333;305;1;2;2325;
335;279;1;2;4501;
275;296;1;2;5860;
285;329;1;2;1718;
296;317;1;2;5677;
268;342;1;2;6169;
315;256;1;2;5162;
317;255;1;2;2338;
280;275;1;2;2138;
270;299;1;2;5371;
336;334;1;2;4523;
278;271;1;2;907;
339;348;1;2;878;
281;335;1;2;5724;
0;1;13;13;
1;1;82;382;
2;1;112;712;
3;1;121;1021;
4;1;53;1253;
5;1;104;1604;
6;1;144;1944;
7;1;118;2218;
8;1;112;2512;
9;1;9;2709;
10;1;135;3135;
11;1;69;3369;
12;1;52;3652;
13;1;117;4017;
14;1;95;4295;
15;1;114;4614;
16;1;88;4888;
17;1;96;5196;
18;1;95;5495;
19;1;124;5824;
