****19****
100
251;260;1;2;0;
341;261;1;2;0;
325;349;1;2;0;
321;345;1;2;0;
336;251;1;2;0;
316;334;1;2;0;
260;277;1;2;0;
274;341;1;2;0;
313;324;1;2;0;
264;279;1;2;0;
344;277;1;2;0;
333;300;1;2;0;
272;325;1;2;0;
282;305;1;2;0;
291;349;1;2;0;
335;293;1;2;0;
259;327;1;2;0;
256;286;1;2;0;
278;327;1;2;0;
281;264;1;2;0;
281;300;1;2;0;
301;343;1;2;0;
327;325;1;2;0;
335;342;1;2;0;
252;301;1;2;0;
271;346;1;2;0;
328;255;1;2;0;
296;250;1;2;0;
282;328;1;2;0;
258;324;1;2;0;
280;343;1;2;0;
319;341;1;2;0;
272;325;1;2;0;
278;301;1;2;0;
254;261;1;2;0;
315;285;1;2;0;
311;266;1;2;0;
279;340;1;2;0;
294;316;1;2;0;
332;296;1;2;0;
267;306;1;2;0;
292;298;1;2;0;
263;290;1;2;0;
250;295;1;2;0;
321;310;1;2;0;
269;251;1;2;0;
256;290;1;2;0;
342;278;1;2;0;
317;322;1;2;0;
329;322;1;2;0;
334;347;1;2;1205;
347;315;1;2;5129;
338;259;1;2;5554;
272;257;1;2;2328;
328;251;1;2;5657;
293;292;1;2;5629;
339;263;1;2;2921;
310;264;1;2;7272;
251;308;1;2;4637;
318;281;1;2;2366;
342;317;1;2;2336;
302;314;1;2;4303;
342;254;1;2;5517;
349;277;1;2;5064;
277;307;1;2;2212;
253;251;1;2;5712;
281;292;1;2;2301;
270;252;1;2;1354;
265;305;1;2;2250;
289;326;1;2;2346;
344;318;1;2;4601;
296;270;1;2;1058;
265;315;1;2;7246;
296;266;1;2;6193;
335;293;1;2;1701;
327;348;1;2;5282;
309;279;1;2;5346;
256;252;1;2;1843;
269;267;1;2;5701;
288;306;1;2;1606;
343;300;1;2;7040;
312;298;1;2;852;
346;266;1;2;3172;
337;312;1;2;4698;
254;349;1;2;402;
281;326;1;2;3297;
261;337;1;2;4300;
331;295;1;2;6333;
256;314;1;2;1811;
288;305;1;2;3016;
344;298;1;2;4815;
320;260;1;2;2041;
269;309;1;2;6790;
331;348;1;2;2221;
261;304;1;2;898;
334;336;1;2;5035;
257;347;1;2;5485;
262;281;1;2;4551;
316;339;1;2;3875;
340;277;1;2;5709;
0;1;24;24;
1;1;24;324;
2;1;51;651;
3;1;57;957;
4;1;44;1244;
5;1;64;1564;
6;1;88;1888;
7;1;14;2114;
8;1;23;2423;
9;1;38;2738;
10;1;97;3097;
11;1;123;3423;
12;1;52;3652;
13;1;109;4009;
14;1;127;4327;
15;1;15;4515;
16;1;95;4895;
17;1;13;5113;
18;1;59;5459;
19;1;103;5803;
