****15****
100
279;332;1;2;0;
301;252;1;2;0;
299;290;1;2;0;
251;312;1;2;0;
274;336;1;2;0;
256;336;1;2;0;
268;268;1;2;0;
308;270;1;2;0;
323;251;1;2;0;
289;337;1;2;0;
309;324;1;2;0;
255;263;1;2;0;
340;299;1;2;0;
276;277;1;2;0;
296;320;1;2;0;
300;325;1;2;0;
302;304;1;2;0;
328;303;1;2;0;
296;281;1;2;0;
265;320;1;2;0;
267;323;1;2;0;
258;337;1;2;0;
341;316;1;2;0;
309;267;1;2;0;
270;349;1;2;0;
254;281;1;2;0;
323;311;1;2;0;
294;265;1;2;0;
313;320;1;2;0;
293;259;1;2;0;
342;295;1;2;0;
287;346;1;2;0;
301;317;1;2;0;
299;300;1;2;0;
348;266;1;2;0;
270;317;1;2;0;
340;331;1;2;0;
305;283;1;2;0;
349;264;1;2;0;
300;321;1;2;0;
315;256;1;2;0;
253;340;1;2;0;
318;297;1;2;0;
256;281;1;2;0;
320;251;1;2;0;
290;312;1;2;0;
348;327;1;2;0;
309;300;1;2;0;
294;258;1;2;0;
250;344;1;2;0;
275;322;1;2;6387;
317;255;1;2;3671;
250;255;1;2;7298;
301;326;1;2;4886;
259;281;1;2;5727;
327;329;1;2;1098;
310;299;1;2;654;
303;313;1;2;24;
332;272;1;2;2074;
329;333;1;2;5752;
323;310;1;2;1078;
285;277;1;2;3073;
254;277;1;2;1925;
290;280;1;2;1120;
291;290;1;2;1593;
334;319;1;2;2925;
284;332;1;2;7123;
286;285;1;2;4390;
287;267;1;2;2379;
290;346;1;2;2679;
293;272;1;2;1272;
321;259;1;2;2643;
306;316;1;2;66;
296;256;1;2;5126;
314;349;1;2;1888;
264;285;1;2;3831;
345;271;1;2;6904;
327;308;1;2;6042;
273;297;1;2;1207;
341;338;1;2;4126;
344;333;1;2;6612;
259;304;1;2;7406;
349;260;1;2;2967;
318;258;1;2;739;
270;323;1;2;5608;
262;289;1;2;798;
324;337;1;2;2556;
319;314;1;2;4179;
250;337;1;2;5691;
298;280;1;2;1956;
346;274;1;2;6082;
317;283;1;2;4289;
349;334;1;2;7153;
295;255;1;2;1740;
251;275;1;2;3884;
306;288;1;2;611;
296;314;1;2;2201;
260;283;1;2;1065;
282;283;1;2;1450;
304;283;1;2;6023;
0;1;64;64;
1;1;31;331;
2;1;136;736;
3;1;59;959;
4;1;100;1300;
5;1;71;1571;
6;1;111;1911;
7;1;49;2149;
8;1;8;2408;
9;1;75;2775;
10;1;44;3044;
11;1;63;3363;
12;1;47;3647;
13;1;45;3945;
14;1;140;4340;
15;1;43;4543;
16;1;103;4903;
17;1;80;5180;
18;1;82;5482;
19;1;149;5849;
