****6****
100
349;269;1;2;0;
309;312;1;2;0;
263;346;1;2;0;
310;250;1;2;0;
346;278;1;2;0;
299;340;1;2;0;
314;341;1;2;0;
257;334;1;2;0;
338;286;1;2;0;
307;337;1;2;0;
270;312;1;2;0;
326;265;1;2;0;
323;308;1;2;0;
264;343;1;2;0;
292;283;1;2;0;
317;343;1;2;0;
302;276;1;2;0;
305;267;1;2;0;
273;318;1;2;0;
319;269;1;2;0;
298;269;1;2;0;
312;262;1;2;0;
260;319;1;2;0;
298;300;1;2;0;
307;256;1;2;0;
288;327;1;2;0;
318;316;1;2;0;
343;343;1;2;0;
326;257;1;2;0;
336;269;1;2;0;
343;303;1;2;0;
314;347;1;2;0;
282;270;1;2;0;
265;257;1;2;0;
290;334;1;2;0;
276;338;1;2;0;
305;338;1;2;0;
250;315;1;2;0;
259;299;1;2;0;
318;269;1;2;0;
305;308;1;2;0;
298;325;1;2;0;
274;291;1;2;0;
271;251;1;2;0;
251;257;1;2;0;
322;296;1;2;0;
263;286;1;2;0;
293;347;1;2;0;
258;260;1;2;0;
254;298;1;2;0;
297;332;1;2;7360;
252;273;1;2;6839;
270;334;1;2;1380;
338;253;1;2;7129;
296;302;1;2;6185;
272;295;1;2;4352;
325;348;1;2;5155;
297;294;1;2;4722;
334;290;1;2;462;
342;300;1;2;3349;
291;299;1;2;2922;
327;302;1;2;1564;
316;274;1;2;3828;
306;314;1;2;803;
303;312;1;2;803;
276;334;1;2;5859;
321;310;1;2;5128;
274;309;1;2;2689;
292;293;1;2;2091;
307;338;1;2;5897;
278;279;1;2;858;
332;308;1;2;1621;
308;327;1;2;319;
269;335;1;2;1613;
286;289;1;2;6021;
254;267;1;2;4399;
320;290;1;2;3929;
285;315;1;2;341;
294;309;1;2;799;
347;319;1;2;671;
250;347;1;2;6003;
303;281;1;2;2088;
260;340;1;2;3265;
293;311;1;2;3413;
290;299;1;2;2451;
349;304;1;2;6564;
345;326;1;2;5103;
252;261;1;2;3367;
319;257;1;2;6078;
282;254;1;2;6343;
332;255;1;2;155;
264;308;1;2;5437;
306;319;1;2;1397;
325;314;1;2;6720;
281;255;1;2;7496;
277;254;1;2;4530;
341;301;1;2;3681;
346;256;1;2;2720;
268;325;1;2;4483;
302;309;1;2;3558;
0;1;55;55;
1;1;95;395;
2;1;146;746;
3;1;5;905;
4;1;109;1309;
5;1;7;1507;
6;1;89;1889;
7;1;67;2167;
8;1;78;2478;
9;1;62;2762;
10;1;142;3142;
11;1;142;3442;
12;1;147;3747;
13;1;23;3923;
14;1;97;4297;
15;1;34;4534;
16;1;102;4902;
17;1;4;5104;
18;1;124;5524;
19;1;44;5744;
