****7****
100
306;342;1;2;0;
291;312;1;2;0;
321;262;1;2;0;
340;259;1;2;0;
266;299;1;2;0;
301;320;1;2;0;
293;349;1;2;0;
275;253;1;2;0;
255;313;1;2;0;
269;334;1;2;0;
324;312;1;2;0;
325;323;1;2;0;
287;274;1;2;0;
306;288;1;2;0;
279;331;1;2;0;
333;335;1;2;0;
324;275;1;2;0;
298;347;1;2;0;
339;288;1;2;0;
256;255;1;2;0;
337;259;1;2;0;
325;333;1;2;0;
258;302;1;2;0;
288;315;1;2;0;
317;260;1;2;0;
299;344;1;2;0;
274;275;1;2;0;
317;311;1;2;0;
251;325;1;2;0;
250;280;1;2;0;
258;333;1;2;0;
265;284;1;2;0;
310;265;1;2;0;
281;299;1;2;0;
303;339;1;2;0;
256;343;1;2;0;
349;284;1;2;0;
278;309;1;2;0;
336;268;1;2;0;
275;256;1;2;0;
278;324;1;2;0;
250;255;1;2;0;
301;269;1;2;0;
316;254;1;2;0;
296;268;1;2;0;
284;304;1;2;0;
252;252;1;2;0;
339;264;1;2;0;
319;322;1;2;0;
266;273;1;2;0;
264;272;1;2;2875;
263;306;1;2;1783;
274;345;1;2;4139;
299;251;1;2;4967;
326;303;1;2;1445;
277;322;1;2;1749;
334;268;1;2;7210;
268;274;1;2;7372;
322;315;1;2;4405;
292;288;1;2;2215;
267;302;1;2;1921;
335;267;1;2;3677;
283;291;1;2;1733;
349;293;1;2;6702;
296;321;1;2;3028;
348;300;1;2;1008;
319;284;1;2;1843;
308;255;1;2;1970;
251;327;1;2;3247;
260;321;1;2;2203;
286;290;1;2;6699;
334;275;1;2;3938;
342;260;1;2;2261;
346;260;1;2;1759;
302;258;1;2;5440;
312;257;1;2;5757;
345;278;1;2;2331;
297;288;1;2;1610;
325;289;1;2;3768;
318;299;1;2;4958;
250;287;1;2;5496;
285;323;1;2;758;
290;316;1;2;461;
288;264;1;2;810;
281;268;1;2;7062;
293;330;1;2;5659;
307;326;1;2;5997;
256;325;1;2;139;
310;300;1;2;2958;
342;268;1;2;4147;
297;320;1;2;6068;
344;256;1;2;2994;
265;348;1;2;6250;
349;338;1;2;2857;
294;269;1;2;6874;
348;264;1;2;6326;
261;321;1;2;2513;
302;328;1;2;4779;
281;288;1;2;92;
251;332;1;2;6702;
0;1;124;124;
1;1;132;432;
2;1;10;610;
3;1;83;983;
4;1;27;1227;
5;1;118;1618;
6;1;65;1865;
7;1;44;2144;
8;1;68;2468;
9;1;116;2816;
10;1;95;3095;
11;1;56;3356;
12;1;30;3630;
13;1;42;3942;
14;1;125;4325;
15;1;13;4513;
16;1;140;4940;
17;1;139;5239;
18;1;79;5479;
19;1;2;5702;
