****9****
100
349;255;1;2;0;
252;304;1;2;0;
298;322;1;2;0;
263;275;1;2;0;
339;308;1;2;0;
253;259;1;2;0;
313;290;1;2;0;
253;329;1;2;0;
291;338;1;2;0;
255;253;1;2;0;
295;320;1;2;0;
303;288;1;2;0;
307;315;1;2;0;
326;273;1;2;0;
285;343;1;2;0;
308;337;1;2;0;
300;310;1;2;0;
291;349;1;2;0;
334;256;1;2;0;
326;275;1;2;0;
266;330;1;2;0;
284;329;1;2;0;
270;287;1;2;0;
260;263;1;2;0;
327;265;1;2;0;
319;272;1;2;0;
336;272;1;2;0;
262;345;1;2;0;
290;338;1;2;0;
268;325;1;2;0;
283;278;1;2;0;
312;334;1;2;0;
338;253;1;2;0;
285;274;1;2;0;
312;261;1;2;0;
299;328;1;2;0;
341;286;1;2;0;
260;314;1;2;0;
323;270;1;2;0;
279;253;1;2;0;
286;348;1;2;0;
327;324;1;2;0;
323;340;1;2;0;
319;263;1;2;0;
280;290;1;2;0;
290;266;1;2;0;
318;253;1;2;0;
250;259;1;2;0;
308;285;1;2;0;
283;270;1;2;0;
348;333;1;2;6388;
292;321;1;2;1646;
256;346;1;2;214;
337;349;1;2;7122;
288;279;1;2;48;
313;321;1;2;906;
278;251;1;2;4850;
318;267;1;2;727;
273;319;1;2;1272;
332;306;1;2;3303;
304;305;1;2;3491;
307;347;1;2;5147;
268;305;1;2;4649;
254;292;1;2;6500;
275;282;1;2;4092;
271;345;1;2;5104;
288;325;1;2;2009;
345;294;1;2;6323;
322;317;1;2;3691;
309;251;1;2;4790;
281;258;1;2;4570;
336;315;1;2;4898;
314;286;1;2;5644;
288;290;1;2;3115;
262;315;1;2;2523;
317;288;1;2;4016;
343;326;1;2;2181;
323;321;1;2;3615;
272;294;1;2;5590;
290;305;1;2;5338;
265;336;1;2;3833;
347;274;1;2;107;
326;338;1;2;3453;
260;276;1;2;6729;
289;341;1;2;1911;
250;260;1;2;4338;
258;254;1;2;7417;
294;279;1;2;1139;
274;301;1;2;1235;
274;341;1;2;1621;
275;309;1;2;5455;
284;306;1;2;1516;
310;283;1;2;2597;
273;293;1;2;5702;
275;332;1;2;2763;
343;284;1;2;5228;
302;345;1;2;3490;
337;289;1;2;7059;
295;314;1;2;7401;
298;338;1;2;852;
0;1;58;58;
1;1;66;366;
2;1;129;729;
3;1;56;956;
4;1;2;1202;
5;1;37;1537;
6;1;77;1877;
7;1;112;2212;
8;1;22;2422;
9;1;137;2837;
10;1;135;3135;
11;1;18;3318;
12;1;75;3675;
13;1;111;4011;
14;1;150;4350;
15;1;104;4604;
16;1;6;4806;
17;1;87;5187;
18;1;145;5545;
19;1;58;5758;
