****0****
100
304;323;1;2;0;
339;290;1;2;0;
264;345;1;2;0;
282;285;1;2;0;
343;322;1;2;0;
309;298;1;2;0;
293;295;1;2;0;
348;344;1;2;0;
338;252;1;2;0;
328;302;1;2;0;
300;299;1;2;0;
278;345;1;2;0;
273;290;1;2;0;
260;260;1;2;0;
286;304;1;2;0;
297;340;1;2;0;
330;338;1;2;0;
280;344;1;2;0;
334;264;1;2;0;
331;279;1;2;0;
288;290;1;2;0;
327;332;1;2;0;
336;325;1;2;0;
326;276;1;2;0;
280;257;1;2;0;
280;282;1;2;0;
258;309;1;2;0;
278;333;1;2;0;
301;340;1;2;0;
343;337;1;2;0;
346;290;1;2;0;
279;326;1;2;0;
279;261;1;2;0;
272;315;1;2;0;
275;253;1;2;0;
296;266;1;2;0;
346;326;1;2;0;
348;284;1;2;0;
253;276;1;2;0;
310;283;1;2;0;
335;340;1;2;0;
316;295;1;2;0;
251;344;1;2;0;
279;302;1;2;0;
286;324;1;2;0;
341;282;1;2;0;
317;270;1;2;0;
259;298;1;2;0;
333;281;1;2;0;
315;311;1;2;0;
337;261;1;2;2408;
333;289;1;2;1865;
267;293;1;2;6293;
327;326;1;2;1848;
269;344;1;2;6383;
271;290;1;2;6565;
323;326;1;2;2560;
267;259;1;2;4798;
339;320;1;2;4478;
323;303;1;2;1682;
284;290;1;2;3697;
261;273;1;2;5088;
288;290;1;2;4724;
293;319;1;2;5988;
336;339;1;2;4350;
325;312;1;2;1747;
294;337;1;2;7413;
338;254;1;2;2937;
301;344;1;2;1725;
260;269;1;2;2423;
288;303;1;2;5207;
276;266;1;2;1542;
255;256;1;2;3055;
277;251;1;2;316;
279;290;1;2;6347;
324;265;1;2;7407;
262;261;1;2;3853;
328;250;1;2;1158;
255;301;1;2;3989;
252;264;1;2;2684;
302;302;1;2;3210;
345;280;1;2;474;
312;337;1;2;3697;
271;316;1;2;4316;
299;346;1;2;4468;
321;272;1;2;2746;
252;284;1;2;6150;
323;314;1;2;2239;
299;271;1;2;3167;
320;273;1;2;6345;
261;278;1;2;5664;
254;273;1;2;5258;
316;335;1;2;2567;
335;308;1;2;2462;
256;310;1;2;3574;
317;281;1;2;2607;
345;335;1;2;1455;
285;309;1;2;28;
324;310;1;2;1700;
267;280;1;2;258;
0;1;125;125;
1;1;42;342;
2;1;45;645;
3;1;37;937;
4;1;99;1299;
5;1;19;1519;
6;1;79;1879;
7;1;17;2117;
8;1;6;2406;
9;1;60;2760;
10;1;52;3052;
11;1;115;3415;
12;1;8;3608;
13;1;109;4009;
14;1;25;4225;
15;1;102;4602;
16;1;128;4928;
17;1;108;5208;
18;1;69;5469;
19;1;24;5724;
