****8****
100
262;321;1;2;0;
255;292;1;2;0;
290;287;1;2;0;
330;260;1;2;0;
340;265;1;2;0;
301;313;1;2;0;
298;313;1;2;0;
347;274;1;2;0;
282;312;1;2;0;
270;250;1;2;0;
329;316;1;2;0;
305;308;1;2;0;
307;332;1;2;0;
321;349;1;2;0;
272;251;1;2;0;
302;284;1;2;0;
322;307;1;2;0;
326;314;1;2;0;
296;259;1;2;0;
277;339;1;2;0;
274;280;1;2;0;
254;274;1;2;0;
343;252;1;2;0;
299;276;1;2;0;
266;271;1;2;0;
328;345;1;2;0;
337;283;1;2;0;
255;347;1;2;0;
317;278;1;2;0;
346;340;1;2;0;
279;298;1;2;0;
274;304;1;2;0;
307;251;1;2;0;
268;254;1;2;0;
260;347;1;2;0;
295;336;1;2;0;
278;299;1;2;0;
260;323;1;2;0;
301;261;1;2;0;
349;317;1;2;0;
334;327;1;2;0;
264;274;1;2;0;
313;270;1;2;0;
271;332;1;2;0;
298;267;1;2;0;
322;328;1;2;0;
267;299;1;2;0;
334;276;1;2;0;
300;304;1;2;0;
332;262;1;2;0;
302;277;1;2;5554;
282;327;1;2;5240;
255;278;1;2;2125;
307;298;1;2;538;
336;312;1;2;4546;
251;284;1;2;3648;
334;333;1;2;3044;
306;263;1;2;1147;
255;299;1;2;632;
257;253;1;2;6939;
321;257;1;2;6079;
323;289;1;2;7163;
336;295;1;2;999;
264;304;1;2;3899;
324;290;1;2;3011;
261;292;1;2;2893;
318;276;1;2;1781;
345;284;1;2;6788;
340;342;1;2;5168;
310;349;1;2;1090;
315;273;1;2;7351;
347;346;1;2;6294;
256;332;1;2;5324;
293;298;1;2;3631;
331;273;1;2;1765;
283;336;1;2;4724;
321;256;1;2;4415;
343;251;1;2;6264;
329;342;1;2;4603;
317;254;1;2;7500;
256;271;1;2;6033;
254;268;1;2;5466;
344;274;1;2;3827;
279;270;1;2;3243;
268;303;1;2;4396;
298;336;1;2;4332;
321;307;1;2;6844;
271;252;1;2;121;
255;284;1;2;311;
283;251;1;2;690;
310;257;1;2;698;
261;313;1;2;6557;
308;308;1;2;3219;
289;289;1;2;6539;
271;308;1;2;5560;
276;308;1;2;3438;
267;331;1;2;3066;
317;252;1;2;6227;
320;309;1;2;4851;
267;342;1;2;4107;
0;1;69;69;
1;1;104;404;
2;1;36;636;
3;1;42;942;
4;1;67;1267;
5;1;51;1551;
6;1;136;1936;
7;1;125;2225;
8;1;111;2511;
9;1;106;2806;
10;1;66;3066;
11;1;51;3351;
12;1;94;3694;
13;1;88;3988;
14;1;111;4311;
15;1;37;4537;
16;1;114;4914;
17;1;19;5119;
18;1;18;5418;
19;1;34;5734;
