****18****
100
251;295;1;2;0;
311;284;1;2;0;
271;268;1;2;0;
267;291;1;2;0;
318;296;1;2;0;
317;273;1;2;0;
270;339;1;2;0;
310;280;1;2;0;
253;277;1;2;0;
285;259;1;2;0;
305;302;1;2;0;
304;341;1;2;0;
348;312;1;2;0;
292;348;1;2;0;
278;328;1;2;0;
266;279;1;2;0;
273;327;1;2;0;
314;294;1;2;0;
298;283;1;2;0;
287;266;1;2;0;
281;255;1;2;0;
341;302;1;2;0;
344;253;1;2;0;
284;299;1;2;0;
280;319;1;2;0;
308;288;1;2;0;
324;315;1;2;0;
331;274;1;2;0;
277;274;1;2;0;
273;257;1;2;0;
304;289;1;2;0;
339;279;1;2;0;
318;255;1;2;0;
276;266;1;2;0;
288;313;1;2;0;
335;320;1;2;0;
318;326;1;2;0;
324;264;1;2;0;
330;310;1;2;0;
314;312;1;2;0;
280;324;1;2;0;
302;306;1;2;0;
289;284;1;2;0;
330;269;1;2;0;
260;253;1;2;0;
276;314;1;2;0;
344;265;1;2;0;
295;313;1;2;0;
322;321;1;2;0;
281;313;1;2;0;
337;266;1;2;4206;
257;343;1;2;5370;
272;275;1;2;1967;
288;337;1;2;4442;
262;290;1;2;440;
254;276;1;2;1891;
273;286;1;2;7259;
299;302;1;2;6545;
267;347;1;2;4771;
339;271;1;2;1161;
302;258;1;2;1849;
287;317;1;2;4223;
298;291;1;2;4567;
318;329;1;2;6215;
319;294;1;2;1642;
329;298;1;2;535;
267;321;1;2;4397;
312;322;1;2;3606;
252;291;1;2;1837;
255;333;1;2;2010;
290;337;1;2;6073;
341;327;1;2;6807;
337;275;1;2;1646;
258;343;1;2;3763;
318;265;1;2;3362;
271;344;1;2;4295;
297;313;1;2;7375;
312;327;1;2;1850;
330;330;1;2;5969;
298;335;1;2;6279;
335;275;1;2;2937;
284;318;1;2;3;
301;257;1;2;2992;
259;317;1;2;6517;
348;338;1;2;17;
282;259;1;2;6291;
315;306;1;2;5162;
320;320;1;2;3744;
349;253;1;2;1372;
271;301;1;2;2527;
277;339;1;2;1158;
270;325;1;2;6617;
292;276;1;2;622;
339;337;1;2;3034;
280;288;1;2;4920;
288;272;1;2;567;
342;337;1;2;5657;
311;307;1;2;2086;
258;258;1;2;960;
284;280;1;2;4261;
0;1;99;99;
1;1;110;410;
2;1;111;711;
3;1;139;1039;
4;1;30;1230;
5;1;37;1537;
6;1;149;1949;
7;1;122;2222;
8;1;65;2465;
9;1;18;2718;
10;1;11;3011;
11;1;105;3405;
12;1;5;3605;
13;1;94;3994;
14;1;143;4343;
15;1;132;4632;
16;1;134;4934;
17;1;65;5165;
18;1;66;5466;
19;1;129;5829;
