****1****
100
342;273;1;2;0;
308;253;1;2;0;
292;282;1;2;0;
313;333;1;2;0;
300;344;1;2;0;
298;326;1;2;0;
337;294;1;2;0;
262;287;1;2;0;
262;342;1;2;0;
303;320;1;2;0;
302;257;1;2;0;
336;259;1;2;0;
265;312;1;2;0;
311;344;1;2;0;
319;331;1;2;0;
267;311;1;2;0;
254;325;1;2;0;
315;348;1;2;0;
310;278;1;2;0;
332;312;1;2;0;
324;332;1;2;0;
288;264;1;2;0;
276;253;1;2;0;
301;289;1;2;0;
345;307;1;2;0;
311;297;1;2;0;
314;297;1;2;0;
307;281;1;2;0;
259;320;1;2;0;
275;328;1;2;0;
253;345;1;2;0;
341;309;1;2;0;
272;258;1;2;0;
307;332;1;2;0;
339;289;1;2;0;
346;313;1;2;0;
271;285;1;2;0;
279;250;1;2;0;
340;283;1;2;0;
289;335;1;2;0;
340;302;1;2;0;
335;256;1;2;0;
349;344;1;2;0;
287;258;1;2;0;
266;264;1;2;0;
288;269;1;2;0;
259;279;1;2;0;
280;282;1;2;0;
288;337;1;2;0;
264;277;1;2;0;
329;261;1;2;4546;
302;348;1;2;1599;
302;290;1;2;4483;
293;275;1;2;5736;
345;312;1;2;443;
296;306;1;2;3963;
304;322;1;2;6759;
294;293;1;2;66;
276;323;1;2;7122;
314;263;1;2;4568;
293;294;1;2;4386;
287;346;1;2;96;
311;251;1;2;843;
268;346;1;2;3666;
267;342;1;2;5402;
272;288;1;2;2783;
266;295;1;2;3305;
323;339;1;2;1360;
341;265;1;2;813;
339;281;1;2;7474;
255;276;1;2;1769;
283;314;1;2;530;
260;327;1;2;5552;
330;298;1;2;6046;
325;315;1;2;161;
334;290;1;2;775;
348;306;1;2;3525;
287;331;1;2;7174;
269;322;1;2;4280;
276;263;1;2;4036;
345;269;1;2;1512;
309;254;1;2;1543;
270;316;1;2;5728;
336;296;1;2;3404;
347;323;1;2;597;
301;260;1;2;5250;
346;258;1;2;6614;
288;347;1;2;3949;
272;318;1;2;4675;
271;345;1;2;1349;
305;292;1;2;5894;
266;251;1;2;194;
291;324;1;2;6993;
346;310;1;2;4778;
300;259;1;2;4714;
320;311;1;2;4704;
332;259;1;2;175;
301;298;1;2;2077;
303;272;1;2;4271;
329;293;1;2;213;
0;1;70;70;
1;1;49;349;
2;1;132;732;
3;1;31;931;
4;1;66;1266;
5;1;85;1585;
6;1;98;1898;
7;1;59;2159;
8;1;59;2459;
9;1;132;2832;
10;1;7;3007;
11;1;22;3322;
12;1;112;3712;
13;1;58;3958;
14;1;131;4331;
15;1;119;4619;
16;1;28;4828;
17;1;144;5244;
18;1;87;5487;
19;1;111;5811;
