****13****
100
264;299;1;2;0;
310;272;1;2;0;
306;324;1;2;0;
251;271;1;2;0;
340;295;1;2;0;
341;289;1;2;0;
341;305;1;2;0;
255;287;1;2;0;
284;251;1;2;0;
289;315;1;2;0;
264;323;1;2;0;
256;344;1;2;0;
285;345;1;2;0;
313;329;1;2;0;
261;258;1;2;0;
340;275;1;2;0;
259;252;1;2;0;
349;315;1;2;0;
326;250;1;2;0;
288;269;1;2;0;
295;279;1;2;0;
260;287;1;2;0;
287;265;1;2;0;
276;321;1;2;0;
318;315;1;2;0;
338;285;1;2;0;
341;345;1;2;0;
279;328;1;2;0;
292;294;1;2;0;
308;304;1;2;0;
302;250;1;2;0;
329;263;1;2;0;
305;329;1;2;0;
328;333;1;2;0;
329;267;1;2;0;
252;327;1;2;0;
348;262;1;2;0;
316;285;1;2;0;
330;342;1;2;0;
308;298;1;2;0;
260;297;1;2;0;
333;251;1;2;0;
344;315;1;2;0;
329;286;1;2;0;
311;339;1;2;0;
340;316;1;2;0;
292;272;1;2;0;
329;347;1;2;0;
251;260;1;2;0;
330;282;1;2;0;
329;333;1;2;6751;
327;297;1;2;815;
315;277;1;2;3817;
273;278;1;2;5797;
272;313;1;2;1574;
318;330;1;2;1558;
255;292;1;2;4482;
297;258;1;2;668;
319;289;1;2;4321;
272;299;1;2;4240;
305;278;1;2;574;
266;308;1;2;3342;
294;273;1;2;3924;
266;348;1;2;5282;
348;323;1;2;2139;
283;291;1;2;5848;
349;348;1;2;1236;
257;296;1;2;2663;
307;317;1;2;4907;
306;340;1;2;5329;
286;347;1;2;6019;
348;263;1;2;1982;
262;307;1;2;6057;
304;323;1;2;3255;
273;273;1;2;571;
258;306;1;2;7151;
324;258;1;2;7016;
283;265;1;2;3139;
251;275;1;2;4947;
310;331;1;2;7089;
270;267;1;2;6193;
259;318;1;2;1654;
306;330;1;2;2080;
328;284;1;2;3785;
349;260;1;2;5067;
294;320;1;2;142;
281;294;1;2;5572;
319;280;1;2;3336;
302;333;1;2;1602;
305;293;1;2;4981;
298;313;1;2;2713;
288;323;1;2;2872;
344;331;1;2;1589;
309;310;1;2;2500;
347;261;1;2;3820;
261;257;1;2;42;
284;289;1;2;4662;
314;258;1;2;3913;
312;262;1;2;604;
287;318;1;2;7288;
0;1;45;45;
1;1;67;367;
2;1;114;714;
3;1;21;921;
4;1;108;1308;
5;1;87;1587;
6;1;15;1815;
7;1;52;2152;
8;1;119;2519;
9;1;43;2743;
10;1;111;3111;
11;1;81;3381;
12;1;104;3704;
13;1;10;3910;
14;1;142;4342;
15;1;129;4629;
16;1;24;4824;
17;1;49;5149;
18;1;75;5475;
19;1;58;5758;
