****12****
100
276;349;1;2;0;
318;329;1;2;0;
332;333;1;2;0;
305;281;1;2;0;
287;291;1;2;0;
261;342;1;2;0;
339;322;1;2;0;
274;331;1;2;0;
310;250;1;2;0;
280;294;1;2;0;
324;311;1;2;0;
336;272;1;2;0;
297;293;1;2;0;
312;280;1;2;0;
251;295;1;2;0;
328;329;1;2;0;
294;296;1;2;0;
309;329;1;2;0;
280;264;1;2;0;
312;269;1;2;0;
258;323;1;2;0;
313;299;1;2;0;
295;337;1;2;0;
280;255;1;2;0;
338;262;1;2;0;
251;264;1;2;0;
275;290;1;2;0;
338;322;1;2;0;
333;253;1;2;0;
253;287;1;2;0;
298;283;1;2;0;
266;342;1;2;0;
330;277;1;2;0;
273;312;1;2;0;
344;335;1;2;0;
283;252;1;2;0;
308;346;1;2;0;
301;306;1;2;0;
286;284;1;2;0;
263;326;1;2;0;
296;317;1;2;0;
292;322;1;2;0;
257;280;1;2;0;
346;292;1;2;0;
283;301;1;2;0;
329;283;1;2;0;
335;298;1;2;0;
328;315;1;2;0;
325;251;1;2;0;
329;271;1;2;0;
289;262;1;2;5839;
347;310;1;2;512;
255;298;1;2;3357;
321;274;1;2;6850;
288;268;1;2;1654;
347;299;1;2;6135;
341;284;1;2;4454;
273;318;1;2;3498;
321;348;1;2;775;
348;349;1;2;1287;
270;288;1;2;3549;
293;338;1;2;966;
272;295;1;2;727;
333;266;1;2;1355;
293;304;1;2;4583;
276;253;1;2;2591;
256;345;1;2;2212;
288;268;1;2;5024;
304;339;1;2;6789;
290;337;1;2;1190;
302;309;1;2;3564;
331;305;1;2;1128;
320;327;1;2;3571;
309;263;1;2;1455;
275;306;1;2;4542;
260;284;1;2;3610;
345;343;1;2;6489;
317;281;1;2;6846;
257;287;1;2;1049;
347;327;1;2;7095;
337;332;1;2;3908;
269;265;1;2;4682;
289;335;1;2;2573;
254;346;1;2;1084;
288;324;1;2;7065;
277;334;1;2;7314;
321;281;1;2;464;
260;349;1;2;6117;
317;256;1;2;5268;
315;254;1;2;6195;
252;293;1;2;2683;
349;312;1;2;6218;
301;303;1;2;2329;
283;307;1;2;7325;
277;298;1;2;7415;
280;325;1;2;7327;
317;348;1;2;2152;
299;258;1;2;1747;
312;277;1;2;3780;
266;342;1;2;39;
0;1;49;49;
1;1;147;447;
2;1;65;665;
3;1;115;1015;
4;1;47;1247;
5;1;77;1577;
6;1;96;1896;
7;1;50;2150;
8;1;132;2532;
9;1;114;2814;
10;1;135;3135;
11;1;40;3340;
12;1;129;3729;
13;1;63;3963;
14;1;138;4338;
15;1;119;4619;
16;1;93;4893;
17;1;15;5115;
18;1;44;5444;
19;1;12;5712;
