****11****
100
25;30;1;2;0;
46;60;1;2;0;
6;76;1;2;0;
30;16;1;2;0;
1;77;1;2;0;
44;68;1;2;0;
28;70;1;2;0;
31;38;1;2;0;
7;50;1;2;0;
87;19;1;2;0;
38;54;1;2;0;
12;39;1;2;0;
70;8;1;2;0;
7;33;1;2;0;
19;16;1;2;0;
38;43;1;2;0;
98;83;1;2;0;
54;3;1;2;0;
11;83;1;2;0;
71;63;1;2;0;
12;14;1;2;0;
31;39;1;2;0;
35;13;1;2;0;
76;93;1;2;0;
62;14;1;2;0;
12;52;1;2;0;
67;75;1;2;0;
90;36;1;2;0;
83;49;1;2;0;
20;53;1;2;0;
64;57;1;2;0;
95;61;1;2;0;
92;48;1;2;0;
64;54;1;2;0;
82;34;1;2;0;
16;93;1;2;0;
99;98;1;2;0;
31;85;1;2;0;
63;58;1;2;0;
77;76;1;2;0;
71;40;1;2;0;
27;89;1;2;0;
67;69;1;2;0;
76;49;1;2;0;
17;95;1;2;0;
1;32;1;2;0;
4;47;1;2;0;
93;47;1;2;0;
46;8;1;2;0;
100;27;1;2;0;
93;67;1;2;2040;
43;17;1;2;413;
27;79;1;2;783;
55;54;1;2;1681;
47;81;1;2;562;
13;1;1;2;883;
13;69;1;2;802;
65;100;1;2;881;
11;44;1;2;2374;
56;51;1;2;452;
34;95;1;2;438;
53;37;1;2;1201;
7;15;1;2;403;
18;70;1;2;1875;
99;16;1;2;2186;
69;80;1;2;2377;
67;92;1;2;1018;
59;56;1;2;1467;
54;66;1;2;1406;
47;73;1;2;1392;
39;6;1;2;18;
97;11;1;2;1734;
24;17;1;2;659;
28;86;1;2;1665;
86;84;1;2;455;
76;5;1;2;1674;
18;23;1;2;2104;
76;81;1;2;1294;
86;86;1;2;2440;
39;32;1;2;2090;
42;70;1;2;1826;
92;18;1;2;1186;
79;41;1;2;587;
80;21;1;2;812;
2;58;1;2;1042;
91;34;1;2;1842;
59;51;1;2;1593;
70;79;1;2;1101;
84;64;1;2;1245;
67;2;1;2;1902;
70;95;1;2;1021;
30;87;1;2;1541;
53;17;1;2;2168;
91;96;1;2;803;
15;49;1;2;1826;
74;91;1;2;2418;
37;1;1;2;2461;
74;70;1;2;469;
91;5;1;2;415;
45;71;1;2;1204;
0;1;582;561;
1;1;522;257;
2;1;573;335;
3;1;511;358;
4;1;576;602;
5;1;516;638;
6;1;567;994;
7;1;523;824;
8;1;555;1082;
9;1;543;1332;
10;1;565;1333;
11;1;516;1421;
12;1;535;1442;
13;1;538;1364;
14;1;554;1569;
15;1;588;1682;
16;1;551;1812;
17;1;522;1955;
18;1;521;1906;
19;1;548;2088;
20;1;515;2359;
21;1;571;2505;
22;1;596;2681;
23;1;593;2423;
24;1;558;2701;
25;1;544;2546;
26;1;511;2734;
27;1;508;3113;
28;1;568;3005;
29;1;558;2924;
30;1;557;3240;
31;1;507;3512;
32;1;507;3584;
33;1;531;3769;
34;1;516;3433;
35;1;527;3793;
36;1;545;4059;
37;1;510;4199;
38;1;595;4074;
39;1;542;4389;
40;1;590;4564;
41;1;578;4611;
42;1;596;4773;
43;1;549;4784;
44;1;535;4791;
45;1;536;4958;
46;1;504;5013;
47;1;598;5063;
48;1;526;4881;
49;1;592;5164;
