****18****
100
502;25;1;2;0;
54;157;1;2;0;
937;387;1;2;0;
730;765;1;2;0;
365;6;1;2;0;
630;158;1;2;0;
493;76;1;2;0;
119;197;1;2;0;
239;258;1;2;0;
453;242;1;2;0;
29;808;1;2;0;
862;538;1;2;0;
170;323;1;2;0;
60;640;1;2;0;
554;810;1;2;0;
510;407;1;2;0;
834;563;1;2;0;
564;123;1;2;0;
302;645;1;2;0;
887;18;1;2;0;
650;516;1;2;0;
527;143;1;2;0;
592;646;1;2;0;
691;182;1;2;0;
255;495;1;2;0;
775;635;1;2;0;
302;637;1;2;0;
172;823;1;2;0;
311;231;1;2;0;
462;216;1;2;0;
41;972;1;2;0;
623;226;1;2;0;
886;538;1;2;0;
348;539;1;2;0;
182;235;1;2;0;
909;832;1;2;0;
102;435;1;2;0;
326;45;1;2;0;
432;16;1;2;0;
578;38;1;2;0;
862;353;1;2;0;
673;163;1;2;0;
341;844;1;2;0;
985;651;1;2;0;
427;798;1;2;0;
866;819;1;2;0;
121;488;1;2;0;
44;359;1;2;0;
25;744;1;2;0;
897;559;1;2;0;
330;157;1;2;18515;
783;944;1;2;11895;
828;375;1;2;4633;
405;413;1;2;3990;
109;437;1;2;1801;
449;280;1;2;8111;
99;58;1;2;9449;
317;876;1;2;1211;
156;272;1;2;23541;
181;367;1;2;23963;
91;696;1;2;10475;
480;478;1;2;19812;
898;657;1;2;17913;
331;414;1;2;7074;
625;522;1;2;16888;
433;323;1;2;24722;
225;421;1;2;13159;
166;737;1;2;14905;
228;893;1;2;11443;
648;425;1;2;19665;
317;515;1;2;2957;
142;346;1;2;1838;
910;595;1;2;20498;
756;925;1;2;17465;
15;549;1;2;5498;
709;981;1;2;20663;
35;557;1;2;14029;
771;722;1;2;14916;
382;950;1;2;4515;
616;949;1;2;12912;
568;265;1;2;10755;
215;406;1;2;18807;
691;667;1;2;23962;
176;423;1;2;5852;
74;789;1;2;20717;
846;497;1;2;20356;
939;884;1;2;12880;
805;654;1;2;12235;
760;35;1;2;19631;
606;2;1;2;8607;
581;569;1;2;5376;
421;135;1;2;22659;
607;177;1;2;3019;
738;353;1;2;18866;
794;778;1;2;24;
397;623;1;2;15631;
685;914;1;2;13159;
176;718;1;2;8015;
93;829;1;2;17352;
959;787;1;2;2611;
0;1;274;567;
1;1;109;555;
2;1;287;593;
3;1;41;595;
4;1;272;596;
5;1;483;576;
6;1;173;576;
7;1;253;590;
8;1;172;578;
9;1;4;558;
10;1;493;600;
11;1;384;562;
12;1;102;578;
13;1;391;587;
14;1;287;577;
15;1;126;562;
16;1;43;586;
17;1;468;581;
18;1;329;558;
19;1;426;552;
