****15****
100
82;57;1;2;0;
92;42;1;2;0;
91;44;1;2;0;
60;89;1;2;0;
37;81;1;2;0;
49;82;1;2;0;
43;75;1;2;0;
18;29;1;2;0;
34;32;1;2;0;
52;44;1;2;0;
56;4;1;2;0;
23;15;1;2;0;
46;99;1;2;0;
72;25;1;2;0;
83;24;1;2;0;
86;16;1;2;0;
32;30;1;2;0;
9;23;1;2;0;
25;68;1;2;0;
63;13;1;2;0;
1;11;1;2;0;
46;95;1;2;0;
38;63;1;2;0;
75;23;1;2;0;
46;26;1;2;0;
66;1;1;2;0;
81;40;1;2;0;
68;26;1;2;0;
38;91;1;2;0;
50;72;1;2;0;
14;88;1;2;0;
87;97;1;2;0;
69;96;1;2;0;
19;93;1;2;0;
15;33;1;2;0;
58;67;1;2;0;
44;3;1;2;0;
61;33;1;2;0;
18;35;1;2;0;
55;63;1;2;0;
13;20;1;2;0;
16;93;1;2;0;
59;83;1;2;0;
71;96;1;2;0;
25;72;1;2;0;
19;38;1;2;0;
11;5;1;2;0;
34;79;1;2;0;
52;5;1;2;0;
24;19;1;2;0;
37;33;1;2;855;
32;35;1;2;748;
64;52;1;2;1645;
18;67;1;2;951;
37;82;1;2;1122;
47;16;1;2;1270;
42;40;1;2;20;
12;29;1;2;2477;
69;62;1;2;551;
20;18;1;2;2075;
90;7;1;2;997;
27;38;1;2;1756;
24;54;1;2;2159;
7;71;1;2;1621;
3;60;1;2;957;
43;6;1;2;70;
5;100;1;2;305;
90;63;1;2;1904;
38;31;1;2;2002;
65;3;1;2;1483;
66;92;1;2;1974;
52;18;1;2;137;
72;93;1;2;1038;
95;100;1;2;2408;
85;54;1;2;711;
7;48;1;2;804;
45;52;1;2;1991;
21;93;1;2;144;
26;31;1;2;319;
44;47;1;2;1783;
31;12;1;2;31;
25;15;1;2;926;
56;86;1;2;210;
92;33;1;2;2035;
50;69;1;2;2348;
68;75;1;2;2273;
43;19;1;2;579;
69;40;1;2;2291;
57;17;1;2;2382;
76;60;1;2;1404;
97;42;1;2;1434;
62;66;1;2;970;
96;73;1;2;1768;
22;64;1;2;987;
48;14;1;2;250;
78;33;1;2;515;
56;75;1;2;1855;
84;95;1;2;2074;
9;3;1;2;575;
64;79;1;2;1863;
0;1;565;1;
1;1;522;311;
2;1;540;666;
3;1;561;668;
4;1;560;796;
5;1;557;1014;
6;1;526;621;
7;1;540;1053;
8;1;533;1294;
9;1;537;1074;
10;1;598;1122;
11;1;524;1227;
12;1;503;1537;
13;1;595;1431;
14;1;596;1800;
15;1;503;1676;
16;1;503;2002;
17;1;541;2040;
18;1;563;1889;
19;1;577;1905;
20;1;530;2172;
21;1;548;2374;
22;1;588;2435;
23;1;600;2472;
24;1;511;2804;
25;1;560;3008;
26;1;539;2881;
27;1;552;2820;
28;1;567;3029;
29;1;564;3425;
30;1;574;3282;
31;1;525;3601;
32;1;594;3455;
33;1;519;3591;
34;1;570;3686;
35;1;529;3976;
36;1;532;3652;
37;1;505;3885;
38;1;568;3840;
39;1;543;4065;
40;1;545;4269;
41;1;538;4298;
42;1;589;4377;
43;1;527;4414;
44;1;591;4518;
45;1;568;4568;
46;1;561;5060;
47;1;593;4785;
48;1;562;5304;
49;1;562;5210;
