****14****
100
604;265;1;2;0;
187;103;1;2;0;
452;410;1;2;0;
332;710;1;2;0;
545;489;1;2;0;
195;197;1;2;0;
67;681;1;2;0;
102;945;1;2;0;
865;778;1;2;0;
416;924;1;2;0;
434;618;1;2;0;
587;596;1;2;0;
610;864;1;2;0;
620;379;1;2;0;
801;813;1;2;0;
738;404;1;2;0;
77;924;1;2;0;
506;528;1;2;0;
686;189;1;2;0;
589;230;1;2;0;
29;783;1;2;0;
427;95;1;2;0;
815;880;1;2;0;
391;31;1;2;0;
10;806;1;2;0;
955;443;1;2;0;
423;893;1;2;0;
390;384;1;2;0;
757;362;1;2;0;
763;557;1;2;0;
526;852;1;2;0;
312;602;1;2;0;
776;169;1;2;0;
481;461;1;2;0;
357;69;1;2;0;
42;385;1;2;0;
203;468;1;2;0;
831;17;1;2;0;
700;221;1;2;0;
400;709;1;2;0;
378;706;1;2;0;
151;152;1;2;0;
598;893;1;2;0;
888;354;1;2;0;
606;2;1;2;0;
262;131;1;2;0;
853;573;1;2;0;
732;628;1;2;0;
741;564;1;2;0;
440;449;1;2;0;
632;834;1;2;24408;
834;653;1;2;18347;
202;352;1;2;24918;
601;60;1;2;23485;
658;563;1;2;1012;
256;455;1;2;24169;
961;412;1;2;13722;
223;542;1;2;2009;
147;625;1;2;2034;
888;188;1;2;2062;
688;171;1;2;18683;
873;4;1;2;16083;
887;557;1;2;11239;
474;510;1;2;13920;
437;167;1;2;8793;
552;422;1;2;6115;
906;735;1;2;22001;
909;957;1;2;3216;
117;103;1;2;16604;
952;342;1;2;13813;
578;30;1;2;13751;
390;902;1;2;5740;
502;140;1;2;14539;
317;613;1;2;15870;
192;50;1;2;15996;
629;953;1;2;8526;
872;859;1;2;11346;
878;119;1;2;381;
425;235;1;2;15582;
948;186;1;2;8841;
10;116;1;2;11468;
242;505;1;2;20622;
829;358;1;2;9145;
325;674;1;2;4202;
977;866;1;2;24784;
500;846;1;2;3644;
445;70;1;2;10456;
123;947;1;2;13436;
110;372;1;2;16843;
551;671;1;2;18213;
333;33;1;2;1353;
497;274;1;2;5451;
913;455;1;2;1084;
469;779;1;2;1740;
990;755;1;2;21338;
207;607;1;2;18669;
81;51;1;2;2097;
461;173;1;2;20872;
312;634;1;2;23711;
397;536;1;2;8961;
0;1;19;569;
1;1;480;557;
2;1;217;554;
3;1;350;581;
4;1;60;551;
5;1;302;588;
6;1;425;591;
7;1;444;566;
8;1;349;600;
9;1;304;580;
10;1;100;562;
11;1;242;575;
12;1;466;553;
13;1;110;593;
14;1;301;596;
15;1;190;570;
16;1;366;572;
17;1;428;584;
18;1;275;577;
19;1;414;586;
