****3****
100
79;36;1;2;0;
39;22;1;2;0;
77;71;1;2;0;
56;37;1;2;0;
9;36;1;2;0;
27;22;1;2;0;
97;75;1;2;0;
67;42;1;2;0;
12;43;1;2;0;
85;34;1;2;0;
91;54;1;2;0;
59;50;1;2;0;
48;20;1;2;0;
45;84;1;2;0;
31;63;1;2;0;
78;9;1;2;0;
98;16;1;2;0;
31;26;1;2;0;
39;38;1;2;0;
62;47;1;2;0;
25;41;1;2;0;
20;21;1;2;0;
15;87;1;2;0;
62;26;1;2;0;
29;98;1;2;0;
11;71;1;2;0;
51;70;1;2;0;
73;51;1;2;0;
89;69;1;2;0;
86;19;1;2;0;
31;64;1;2;0;
80;81;1;2;0;
31;62;1;2;0;
6;69;1;2;0;
99;68;1;2;0;
67;23;1;2;0;
60;87;1;2;0;
43;74;1;2;0;
73;56;1;2;0;
51;53;1;2;0;
6;61;1;2;0;
76;56;1;2;0;
82;48;1;2;0;
6;23;1;2;0;
16;92;1;2;0;
93;99;1;2;0;
55;72;1;2;0;
79;85;1;2;0;
33;84;1;2;0;
6;83;1;2;0;
3;72;1;2;415;
62;58;1;2;801;
87;82;1;2;2219;
37;35;1;2;2046;
50;62;1;2;703;
83;9;1;2;1388;
5;76;1;2;1942;
98;74;1;2;110;
69;52;1;2;400;
54;88;1;2;2173;
36;42;1;2;1750;
45;56;1;2;777;
95;94;1;2;1084;
53;83;1;2;225;
16;84;1;2;2422;
35;66;1;2;1061;
11;71;1;2;1254;
78;68;1;2;1280;
3;88;1;2;2172;
12;41;1;2;1970;
27;29;1;2;205;
13;73;1;2;953;
8;19;1;2;2036;
37;72;1;2;1736;
100;87;1;2;1028;
24;73;1;2;2473;
8;83;1;2;665;
20;12;1;2;1520;
5;14;1;2;1748;
93;26;1;2;1718;
73;4;1;2;354;
94;68;1;2;577;
22;75;1;2;685;
43;64;1;2;399;
99;63;1;2;1769;
37;39;1;2;493;
89;46;1;2;466;
63;17;1;2;1125;
56;21;1;2;85;
37;66;1;2;246;
58;38;1;2;1281;
59;31;1;2;2441;
32;4;1;2;2004;
75;46;1;2;1055;
90;44;1;2;2320;
91;81;1;2;719;
16;21;1;2;2315;
24;36;1;2;861;
96;43;1;2;138;
81;79;1;2;2320;
0;1;543;461;
1;1;515;129;
2;1;594;466;
3;1;544;400;
4;1;600;701;
5;1;504;961;
6;1;576;636;
7;1;541;1178;
8;1;583;1146;
9;1;534;927;
10;1;546;1166;
11;1;574;1608;
12;1;593;1429;
13;1;575;1728;
14;1;549;1861;
15;1;531;1812;
16;1;541;1722;
17;1;554;1992;
18;1;542;2180;
19;1;563;2434;
20;1;598;2141;
21;1;591;2307;
22;1;510;2640;
23;1;584;2443;
24;1;556;2548;
25;1;594;2812;
26;1;526;2756;
27;1;585;3234;
28;1;535;2843;
29;1;523;3169;
30;1;512;3049;
31;1;529;3514;
32;1;599;3435;
33;1;591;3723;
34;1;578;3698;
35;1;585;3981;
36;1;523;4119;
37;1;552;3927;
38;1;558;4180;
39;1;576;4036;
40;1;508;4276;
41;1;517;4100;
42;1;587;4601;
43;1;554;4748;
44;1;511;4903;
45;1;507;4513;
46;1;582;4966;
47;1;579;5246;
48;1;568;5152;
49;1;523;5186;
