****17****
100
92;86;1;2;0;
42;12;1;2;0;
6;52;1;2;0;
4;99;1;2;0;
67;79;1;2;0;
92;48;1;2;0;
46;46;1;2;0;
27;59;1;2;0;
48;11;1;2;0;
78;8;1;2;0;
54;82;1;2;0;
63;99;1;2;0;
70;86;1;2;0;
80;38;1;2;0;
48;53;1;2;0;
33;91;1;2;0;
39;75;1;2;0;
2;96;1;2;0;
26;5;1;2;0;
94;44;1;2;0;
84;37;1;2;0;
92;81;1;2;0;
34;18;1;2;0;
39;33;1;2;0;
80;68;1;2;0;
41;85;1;2;0;
1;55;1;2;0;
36;70;1;2;0;
92;67;1;2;0;
60;91;1;2;0;
19;92;1;2;0;
82;9;1;2;0;
18;83;1;2;0;
5;43;1;2;0;
40;98;1;2;0;
39;75;1;2;0;
35;82;1;2;0;
55;68;1;2;0;
99;45;1;2;0;
1;31;1;2;0;
64;93;1;2;0;
67;65;1;2;0;
99;2;1;2;0;
86;91;1;2;0;
20;97;1;2;0;
33;39;1;2;0;
41;14;1;2;0;
47;58;1;2;0;
49;51;1;2;0;
53;40;1;2;0;
1;91;1;2;1675;
35;72;1;2;1854;
54;22;1;2;1646;
6;4;1;2;1267;
98;23;1;2;1670;
97;24;1;2;951;
39;96;1;2;2242;
23;34;1;2;556;
89;32;1;2;1763;
37;35;1;2;1536;
28;35;1;2;766;
41;21;1;2;501;
12;74;1;2;301;
27;80;1;2;2185;
57;29;1;2;1777;
52;77;1;2;494;
84;67;1;2;1846;
64;90;1;2;2232;
85;78;1;2;771;
63;66;1;2;747;
93;93;1;2;1917;
65;85;1;2;1382;
60;96;1;2;1200;
76;22;1;2;480;
100;78;1;2;414;
94;81;1;2;1515;
64;16;1;2;2085;
80;80;1;2;1926;
30;64;1;2;1655;
63;26;1;2;1967;
30;70;1;2;887;
79;34;1;2;96;
52;93;1;2;1444;
46;20;1;2;1579;
24;20;1;2;1768;
30;13;1;2;1182;
12;28;1;2;772;
61;60;1;2;283;
51;41;1;2;271;
70;3;1;2;0;
54;32;1;2;1006;
82;62;1;2;1556;
94;13;1;2;2155;
53;10;1;2;602;
33;33;1;2;1584;
95;62;1;2;1878;
85;74;1;2;1980;
42;86;1;2;1236;
79;89;1;2;1877;
30;58;1;2;2175;
0;1;559;174;
1;1;594;261;
2;1;597;424;
3;1;539;379;
4;1;519;421;
5;1;595;1007;
6;1;559;1061;
7;1;513;1090;
8;1;574;807;
9;1;502;1147;
10;1;599;1481;
11;1;551;1456;
12;1;579;1372;
13;1;525;1738;
14;1;563;1754;
15;1;549;1818;
16;1;597;1914;
17;1;580;2073;
18;1;548;2185;
19;1;536;2169;
20;1;535;2234;
21;1;545;2549;
22;1;561;2636;
23;1;569;2594;
24;1;583;2669;
25;1;543;2765;
26;1;584;2757;
27;1;517;2970;
28;1;574;3022;
29;1;600;3387;
30;1;527;3265;
31;1;560;3574;
32;1;593;3615;
33;1;520;3651;
34;1;561;3437;
35;1;509;3867;
36;1;537;3871;
37;1;540;4056;
38;1;562;4039;
39;1;583;4041;
40;1;581;4315;
41;1;524;4423;
42;1;570;4542;
43;1;577;4514;
44;1;585;4925;
45;1;583;4789;
46;1;527;5060;
47;1;538;5118;
48;1;534;5324;
49;1;562;5405;
