****8****
100
18;57;1;2;0;
3;56;1;2;0;
39;32;1;2;0;
36;95;1;2;0;
16;30;1;2;0;
42;68;1;2;0;
18;22;1;2;0;
42;73;1;2;0;
73;71;1;2;0;
56;39;1;2;0;
99;36;1;2;0;
51;13;1;2;0;
28;24;1;2;0;
38;74;1;2;0;
85;27;1;2;0;
65;54;1;2;0;
35;67;1;2;0;
9;25;1;2;0;
50;97;1;2;0;
19;65;1;2;0;
26;13;1;2;0;
33;95;1;2;0;
86;26;1;2;0;
67;10;1;2;0;
48;74;1;2;0;
48;46;1;2;0;
9;98;1;2;0;
11;37;1;2;0;
21;100;1;2;0;
62;57;1;2;0;
26;78;1;2;0;
10;13;1;2;0;
45;70;1;2;0;
37;46;1;2;0;
66;8;1;2;0;
11;43;1;2;0;
72;95;1;2;0;
37;9;1;2;0;
20;55;1;2;0;
18;67;1;2;0;
28;65;1;2;0;
65;37;1;2;0;
14;75;1;2;0;
25;34;1;2;0;
74;38;1;2;0;
90;52;1;2;0;
16;51;1;2;0;
64;60;1;2;0;
20;52;1;2;0;
5;86;1;2;0;
11;67;1;2;922;
82;61;1;2;1239;
90;32;1;2;2450;
7;99;1;2;2286;
23;15;1;2;2107;
36;89;1;2;2201;
21;14;1;2;2485;
62;65;1;2;641;
12;80;1;2;2068;
32;84;1;2;1551;
69;94;1;2;293;
100;76;1;2;1777;
16;17;1;2;2055;
39;76;1;2;1169;
89;98;1;2;940;
27;86;1;2;1012;
41;6;1;2;1977;
40;68;1;2;1142;
7;79;1;2;946;
32;62;1;2;1479;
66;82;1;2;1559;
15;82;1;2;327;
76;49;1;2;2369;
20;87;1;2;148;
63;27;1;2;1955;
19;5;1;2;1113;
68;45;1;2;285;
30;37;1;2;1307;
56;43;1;2;1869;
66;74;1;2;1497;
59;92;1;2;798;
46;6;1;2;698;
59;33;1;2;2438;
41;52;1;2;966;
98;66;1;2;1071;
5;85;1;2;2357;
96;4;1;2;2029;
93;33;1;2;68;
57;40;1;2;2120;
52;6;1;2;251;
60;64;1;2;1015;
97;61;1;2;2206;
68;72;1;2;599;
87;64;1;2;751;
44;14;1;2;1329;
28;18;1;2;776;
69;65;1;2;104;
6;58;1;2;1292;
27;66;1;2;483;
42;69;1;2;1125;
0;1;582;209;
1;1;573;372;
2;1;525;508;
3;1;550;843;
4;1;505;785;
5;1;530;689;
6;1;547;1131;
7;1;533;965;
8;1;553;965;
9;1;514;916;
10;1;515;1096;
11;1;578;1569;
12;1;555;1253;
13;1;589;1405;
14;1;545;1877;
15;1;564;1953;
16;1;537;1618;
17;1;539;2082;
18;1;521;2091;
19;1;556;2316;
20;1;563;2510;
21;1;597;2203;
22;1;510;2358;
23;1;544;2669;
24;1;531;2608;
25;1;534;2502;
26;1;551;2613;
27;1;520;2716;
28;1;566;3229;
29;1;563;2905;
30;1;569;3566;
31;1;539;3352;
32;1;513;3529;
33;1;566;3777;
34;1;570;3641;
35;1;510;3761;
36;1;558;3943;
37;1;540;4106;
38;1;535;4219;
39;1;580;4104;
40;1;544;4276;
41;1;561;4336;
42;1;575;4604;
43;1;502;4309;
44;1;539;4516;
45;1;501;4500;
46;1;541;5082;
47;1;565;4972;
48;1;569;5036;
49;1;586;5007;
