****0****
100
32;14;1;2;0;
12;56;1;2;0;
60;83;1;2;0;
2;35;1;2;0;
33;28;1;2;0;
65;16;1;2;0;
25;40;1;2;0;
45;14;1;2;0;
91;81;1;2;0;
70;3;1;2;0;
72;35;1;2;0;
19;9;1;2;0;
30;33;1;2;0;
75;11;1;2;0;
4;61;1;2;0;
74;35;1;2;0;
74;85;1;2;0;
90;85;1;2;0;
19;43;1;2;0;
71;51;1;2;0;
22;87;1;2;0;
19;98;1;2;0;
26;63;1;2;0;
11;68;1;2;0;
96;80;1;2;0;
70;67;1;2;0;
67;41;1;2;0;
75;96;1;2;0;
73;50;1;2;0;
6;77;1;2;0;
62;31;1;2;0;
63;36;1;2;0;
15;5;1;2;0;
72;85;1;2;0;
99;43;1;2;0;
36;21;1;2;0;
81;6;1;2;0;
18;7;1;2;0;
68;29;1;2;0;
26;63;1;2;0;
60;96;1;2;0;
82;26;1;2;0;
36;56;1;2;0;
73;60;1;2;0;
57;79;1;2;0;
88;71;1;2;0;
9;51;1;2;0;
6;76;1;2;0;
7;29;1;2;0;
60;5;1;2;0;
23;47;1;2;74;
4;52;1;2;2227;
10;72;1;2;2173;
35;86;1;2;229;
82;67;1;2;2179;
69;75;1;2;520;
29;83;1;2;1372;
68;53;1;2;1462;
70;10;1;2;420;
76;39;1;2;56;
33;61;1;2;136;
9;64;1;2;374;
3;25;1;2;1638;
25;12;1;2;1081;
11;45;1;2;1455;
22;14;1;2;1902;
5;94;1;2;471;
19;13;1;2;2149;
93;83;1;2;419;
94;58;1;2;1609;
54;42;1;2;1225;
65;51;1;2;1783;
80;53;1;2;1823;
65;30;1;2;899;
36;40;1;2;1952;
78;61;1;2;1360;
41;17;1;2;1964;
91;35;1;2;1404;
94;27;1;2;1568;
6;72;1;2;1646;
8;78;1;2;1442;
70;42;1;2;1034;
100;21;1;2;144;
55;86;1;2;948;
72;73;1;2;1175;
86;2;1;2;505;
13;95;1;2;1957;
33;85;1;2;1903;
18;78;1;2;1807;
84;35;1;2;2091;
60;42;1;2;311;
78;64;1;2;1607;
45;63;1;2;1353;
17;69;1;2;1186;
66;41;1;2;2189;
6;26;1;2;817;
6;91;1;2;1474;
23;23;1;2;2130;
26;92;1;2;2439;
7;28;1;2;315;
0;1;560;118;
1;1;592;677;
2;1;568;706;
3;1;562;770;
4;1;569;679;
5;1;581;572;
6;1;539;672;
7;1;530;763;
8;1;504;1018;
9;1;551;1078;
10;1;597;1254;
11;1;536;1539;
12;1;590;1350;
13;1;515;1331;
14;1;519;1722;
15;1;506;1760;
16;1;533;1974;
17;1;520;2039;
18;1;555;2155;
19;1;516;2187;
20;1;538;2532;
21;1;513;2212;
22;1;595;2748;
23;1;572;2457;
24;1;600;2821;
25;1;511;2708;
26;1;526;3091;
27;1;568;2722;
28;1;558;3131;
29;1;571;2942;
30;1;576;3295;
31;1;507;3443;
32;1;577;3441;
33;1;559;3834;
34;1;559;3464;
35;1;558;3505;
36;1;523;3983;
37;1;576;4204;
38;1;515;4026;
39;1;570;4134;
40;1;568;4108;
41;1;511;4388;
42;1;578;4653;
43;1;559;4498;
44;1;563;4714;
45;1;564;4589;
46;1;561;4655;
47;1;549;4753;
48;1;547;4835;
49;1;571;5028;
