****19****
100
58;88;1;2;0;
91;88;1;2;0;
80;37;1;2;0;
24;64;1;2;0;
11;94;1;2;0;
84;65;1;2;0;
29;41;1;2;0;
36;75;1;2;0;
54;73;1;2;0;
95;65;1;2;0;
72;99;1;2;0;
27;33;1;2;0;
11;39;1;2;0;
91;84;1;2;0;
85;39;1;2;0;
3;94;1;2;0;
78;93;1;2;0;
82;9;1;2;0;
30;57;1;2;0;
24;40;1;2;0;
50;7;1;2;0;
57;78;1;2;0;
47;92;1;2;0;
52;52;1;2;0;
16;98;1;2;0;
68;87;1;2;0;
49;94;1;2;0;
72;59;1;2;0;
33;62;1;2;0;
42;69;1;2;0;
100;96;1;2;0;
63;29;1;2;0;
89;96;1;2;0;
37;70;1;2;0;
52;60;1;2;0;
61;1;1;2;0;
66;17;1;2;0;
30;64;1;2;0;
8;34;1;2;0;
67;23;1;2;0;
83;34;1;2;0;
62;31;1;2;0;
28;33;1;2;0;
42;12;1;2;0;
94;83;1;2;0;
80;46;1;2;0;
31;94;1;2;0;
26;19;1;2;0;
89;63;1;2;0;
40;40;1;2;0;
22;100;1;2;1771;
40;17;1;2;673;
55;76;1;2;1946;
22;99;1;2;121;
7;12;1;2;602;
86;44;1;2;1932;
97;89;1;2;495;
29;86;1;2;715;
22;12;1;2;918;
63;74;1;2;2186;
2;47;1;2;2145;
46;86;1;2;2073;
67;93;1;2;1275;
25;14;1;2;1433;
13;72;1;2;6;
84;58;1;2;2451;
96;6;1;2;2495;
91;34;1;2;2007;
67;8;1;2;1289;
14;22;1;2;1341;
99;23;1;2;1825;
84;20;1;2;440;
37;86;1;2;1411;
66;10;1;2;779;
44;75;1;2;1154;
34;58;1;2;1566;
18;54;1;2;149;
91;96;1;2;646;
50;14;1;2;342;
19;27;1;2;1347;
62;78;1;2;1192;
3;61;1;2;1652;
81;98;1;2;897;
52;15;1;2;879;
87;58;1;2;1718;
46;43;1;2;1513;
62;61;1;2;2203;
84;51;1;2;1782;
91;100;1;2;966;
57;19;1;2;676;
44;32;1;2;599;
5;86;1;2;379;
86;18;1;2;2092;
5;21;1;2;2010;
85;60;1;2;1568;
39;5;1;2;772;
2;67;1;2;2076;
19;50;1;2;470;
82;92;1;2;470;
11;100;1;2;861;
0;1;567;448;
1;1;524;362;
2;1;599;262;
3;1;596;732;
4;1;578;441;
5;1;541;653;
6;1;598;904;
7;1;558;865;
8;1;567;925;
9;1;524;911;
10;1;580;1015;
11;1;538;1436;
12;1;566;1295;
13;1;572;1839;
14;1;582;1578;
15;1;532;1755;
16;1;565;1906;
17;1;503;2186;
18;1;567;2007;
19;1;600;2144;
20;1;588;2383;
21;1;543;2548;
22;1;520;2699;
23;1;600;2885;
24;1;513;2703;
25;1;505;2674;
26;1;570;2952;
27;1;525;2787;
28;1;566;3092;
29;1;527;3033;
30;1;571;3523;
31;1;599;3481;
32;1;517;3513;
33;1;551;3471;
34;1;502;3501;
35;1;528;3992;
36;1;545;3951;
37;1;578;3751;
38;1;573;4133;
39;1;501;4330;
40;1;504;4208;
41;1;581;4593;
42;1;599;4658;
43;1;512;4311;
44;1;506;4586;
45;1;563;4677;
46;1;501;4911;
47;1;515;5053;
48;1;565;5044;
49;1;552;5417;
