****13****
100
333;48;1;2;0;
565;422;1;2;0;
503;347;1;2;0;
525;381;1;2;0;
848;185;1;2;0;
186;724;1;2;0;
76;845;1;2;0;
874;634;1;2;0;
829;473;1;2;0;
856;190;1;2;0;
790;923;1;2;0;
745;530;1;2;0;
528;355;1;2;0;
846;680;1;2;0;
745;174;1;2;0;
443;429;1;2;0;
573;360;1;2;0;
202;75;1;2;0;
706;726;1;2;0;
807;905;1;2;0;
263;345;1;2;0;
629;338;1;2;0;
189;854;1;2;0;
323;369;1;2;0;
678;530;1;2;0;
558;467;1;2;0;
804;654;1;2;0;
348;331;1;2;0;
9;194;1;2;0;
362;105;1;2;0;
719;157;1;2;0;
885;291;1;2;0;
868;86;1;2;0;
717;573;1;2;0;
163;523;1;2;0;
830;425;1;2;0;
219;810;1;2;0;
114;759;1;2;0;
663;788;1;2;0;
128;340;1;2;0;
669;37;1;2;0;
159;472;1;2;0;
691;506;1;2;0;
155;699;1;2;0;
51;868;1;2;0;
155;769;1;2;0;
24;39;1;2;0;
59;243;1;2;0;
476;775;1;2;0;
168;638;1;2;0;
650;997;1;2;6078;
220;806;1;2;5060;
979;820;1;2;161;
458;511;1;2;24007;
494;21;1;2;19697;
184;879;1;2;20416;
234;929;1;2;2955;
388;698;1;2;19650;
778;756;1;2;3875;
253;883;1;2;9661;
891;884;1;2;13248;
305;103;1;2;2297;
184;433;1;2;11189;
203;890;1;2;2232;
891;384;1;2;14753;
402;567;1;2;7095;
419;801;1;2;9338;
303;540;1;2;21870;
563;318;1;2;24436;
66;922;1;2;12290;
735;812;1;2;420;
401;468;1;2;20653;
223;4;1;2;1724;
217;206;1;2;15090;
721;448;1;2;19074;
597;849;1;2;22573;
1000;267;1;2;23157;
683;570;1;2;6730;
63;132;1;2;24148;
198;549;1;2;891;
920;284;1;2;12355;
524;36;1;2;21358;
231;610;1;2;5713;
723;826;1;2;20079;
104;898;1;2;11211;
220;495;1;2;3304;
902;846;1;2;14524;
89;528;1;2;4570;
815;590;1;2;18093;
210;139;1;2;8965;
526;410;1;2;14098;
6;934;1;2;19491;
954;516;1;2;4689;
256;238;1;2;8129;
764;693;1;2;4796;
720;912;1;2;13938;
876;166;1;2;15402;
650;254;1;2;23022;
346;420;1;2;8666;
525;629;1;2;24019;
0;1;252;556;
1;1;142;565;
2;1;12;575;
3;1;160;567;
4;1;90;565;
5;1;72;580;
6;1;500;588;
7;1;372;580;
8;1;259;586;
9;1;306;586;
10;1;301;579;
11;1;487;556;
12;1;379;584;
13;1;177;570;
14;1;208;555;
15;1;351;562;
16;1;162;592;
17;1;426;573;
18;1;418;587;
19;1;341;558;
