****4****
100
304;409;1;2;0;
636;853;1;2;0;
675;950;1;2;0;
938;15;1;2;0;
441;488;1;2;0;
981;101;1;2;0;
936;970;1;2;0;
747;730;1;2;0;
874;305;1;2;0;
739;435;1;2;0;
787;629;1;2;0;
349;43;1;2;0;
517;336;1;2;0;
260;657;1;2;0;
59;871;1;2;0;
625;362;1;2;0;
631;612;1;2;0;
566;657;1;2;0;
562;503;1;2;0;
23;354;1;2;0;
342;3;1;2;0;
806;277;1;2;0;
972;553;1;2;0;
358;198;1;2;0;
857;97;1;2;0;
632;996;1;2;0;
77;332;1;2;0;
38;593;1;2;0;
667;649;1;2;0;
602;725;1;2;0;
871;226;1;2;0;
438;853;1;2;0;
837;3;1;2;0;
509;750;1;2;0;
857;531;1;2;0;
103;198;1;2;0;
885;909;1;2;0;
827;856;1;2;0;
813;184;1;2;0;
53;669;1;2;0;
632;37;1;2;0;
16;60;1;2;0;
720;405;1;2;0;
5;387;1;2;0;
53;606;1;2;0;
463;275;1;2;0;
831;901;1;2;0;
479;19;1;2;0;
255;987;1;2;0;
769;112;1;2;0;
869;223;1;2;10195;
753;131;1;2;13281;
961;295;1;2;11175;
365;964;1;2;8871;
753;331;1;2;5232;
473;736;1;2;23427;
859;140;1;2;4300;
673;415;1;2;1002;
925;893;1;2;13603;
180;232;1;2;1213;
643;452;1;2;3341;
303;557;1;2;14539;
142;517;1;2;5319;
516;881;1;2;21059;
873;986;1;2;4957;
290;458;1;2;13811;
711;316;1;2;19429;
737;340;1;2;13773;
945;265;1;2;22582;
172;444;1;2;23629;
518;438;1;2;13202;
735;740;1;2;19789;
787;233;1;2;6269;
133;748;1;2;18116;
442;973;1;2;24655;
433;262;1;2;24492;
160;325;1;2;16114;
378;61;1;2;2629;
10;358;1;2;1293;
886;881;1;2;19375;
346;398;1;2;20048;
609;485;1;2;15755;
428;271;1;2;17531;
115;755;1;2;13796;
682;196;1;2;20167;
587;980;1;2;10131;
948;491;1;2;11610;
977;868;1;2;3903;
345;877;1;2;15262;
977;115;1;2;7040;
756;812;1;2;9948;
972;772;1;2;77;
927;199;1;2;21464;
115;665;1;2;4425;
403;698;1;2;22269;
662;284;1;2;4950;
535;584;1;2;18531;
380;560;1;2;9684;
990;904;1;2;14937;
956;232;1;2;6869;
0;1;155;589;
1;1;199;551;
2;1;310;570;
3;1;331;586;
4;1;20;585;
5;1;351;584;
6;1;193;555;
7;1;381;596;
8;1;118;567;
9;1;30;553;
10;1;100;553;
11;1;384;559;
12;1;48;573;
13;1;414;569;
14;1;329;597;
15;1;4;583;
16;1;335;554;
17;1;85;594;
18;1;23;565;
19;1;379;594;
