****10****
100
38;427;1;2;0;
622;816;1;2;0;
902;938;1;2;0;
14;770;1;2;0;
386;399;1;2;0;
432;547;1;2;0;
1000;394;1;2;0;
567;52;1;2;0;
990;183;1;2;0;
277;152;1;2;0;
446;119;1;2;0;
805;956;1;2;0;
981;949;1;2;0;
602;350;1;2;0;
249;127;1;2;0;
716;287;1;2;0;
553;338;1;2;0;
102;806;1;2;0;
627;467;1;2;0;
927;12;1;2;0;
217;358;1;2;0;
911;568;1;2;0;
751;477;1;2;0;
620;93;1;2;0;
12;896;1;2;0;
244;457;1;2;0;
367;48;1;2;0;
412;347;1;2;0;
348;365;1;2;0;
48;596;1;2;0;
491;764;1;2;0;
882;395;1;2;0;
453;336;1;2;0;
552;79;1;2;0;
802;478;1;2;0;
443;371;1;2;0;
836;353;1;2;0;
938;938;1;2;0;
181;557;1;2;0;
30;192;1;2;0;
805;625;1;2;0;
648;523;1;2;0;
24;411;1;2;0;
869;371;1;2;0;
775;916;1;2;0;
967;617;1;2;0;
31;200;1;2;0;
11;483;1;2;0;
535;914;1;2;0;
562;689;1;2;0;
392;4;1;2;550;
579;708;1;2;9904;
516;888;1;2;3836;
898;432;1;2;250;
874;79;1;2;6248;
898;842;1;2;21092;
620;616;1;2;7092;
586;233;1;2;791;
786;595;1;2;13610;
672;509;1;2;19276;
360;252;1;2;17544;
418;182;1;2;1452;
414;49;1;2;13073;
318;946;1;2;2269;
378;172;1;2;23512;
960;421;1;2;9800;
410;40;1;2;18766;
479;978;1;2;10960;
579;115;1;2;7763;
162;786;1;2;2280;
657;146;1;2;6757;
508;563;1;2;16418;
65;328;1;2;16812;
510;645;1;2;4674;
738;374;1;2;763;
45;333;1;2;11293;
544;94;1;2;6741;
307;925;1;2;24193;
6;503;1;2;8344;
300;16;1;2;13926;
101;25;1;2;23763;
506;532;1;2;15652;
91;596;1;2;22249;
725;458;1;2;24639;
657;547;1;2;317;
111;591;1;2;5535;
634;135;1;2;11381;
548;793;1;2;6692;
439;151;1;2;12764;
444;450;1;2;24949;
234;550;1;2;8027;
522;407;1;2;6791;
372;850;1;2;2189;
901;926;1;2;7293;
427;934;1;2;24372;
327;45;1;2;4185;
911;30;1;2;6533;
940;577;1;2;180;
894;15;1;2;2831;
702;810;1;2;17753;
0;1;25;595;
1;1;256;573;
2;1;416;564;
3;1;103;589;
4;1;363;581;
5;1;40;591;
6;1;416;568;
7;1;74;598;
8;1;144;570;
9;1;74;554;
10;1;351;584;
11;1;346;577;
12;1;438;589;
13;1;293;593;
14;1;440;552;
15;1;196;566;
16;1;497;551;
17;1;40;564;
18;1;465;593;
19;1;403;579;
