****6****
100
3;96;1;2;0;
15;72;1;2;0;
21;39;1;2;0;
5;76;1;2;0;
33;59;1;2;0;
45;9;1;2;0;
90;44;1;2;0;
91;61;1;2;0;
11;56;1;2;0;
68;46;1;2;0;
61;32;1;2;0;
62;23;1;2;0;
35;55;1;2;0;
49;9;1;2;0;
53;2;1;2;0;
11;7;1;2;0;
97;25;1;2;0;
30;17;1;2;0;
64;87;1;2;0;
92;96;1;2;0;
45;36;1;2;0;
56;34;1;2;0;
31;98;1;2;0;
46;41;1;2;0;
53;13;1;2;0;
87;66;1;2;0;
96;100;1;2;0;
88;31;1;2;0;
55;89;1;2;0;
39;59;1;2;0;
90;50;1;2;0;
17;39;1;2;0;
26;99;1;2;0;
55;41;1;2;0;
85;99;1;2;0;
88;29;1;2;0;
86;96;1;2;0;
14;17;1;2;0;
45;60;1;2;0;
57;98;1;2;0;
24;95;1;2;0;
15;20;1;2;0;
95;54;1;2;0;
50;1;1;2;0;
94;40;1;2;0;
11;84;1;2;0;
41;27;1;2;0;
22;67;1;2;0;
77;28;1;2;0;
59;61;1;2;0;
26;99;1;2;1689;
12;94;1;2;2268;
28;38;1;2;529;
36;87;1;2;1654;
83;1;1;2;2109;
77;7;1;2;317;
29;100;1;2;576;
39;35;1;2;450;
17;56;1;2;2028;
94;36;1;2;983;
6;61;1;2;733;
95;24;1;2;1329;
49;3;1;2;150;
14;91;1;2;386;
2;73;1;2;1005;
10;1;1;2;996;
18;29;1;2;2358;
18;19;1;2;674;
7;35;1;2;1210;
13;80;1;2;107;
30;86;1;2;1805;
97;32;1;2;1530;
5;32;1;2;1318;
55;45;1;2;1719;
39;98;1;2;2242;
27;7;1;2;589;
70;77;1;2;752;
64;94;1;2;2266;
92;52;1;2;1775;
28;17;1;2;1642;
51;98;1;2;2338;
35;95;1;2;548;
94;51;1;2;1047;
55;5;1;2;1861;
7;43;1;2;2146;
82;70;1;2;1511;
58;91;1;2;275;
61;6;1;2;1513;
83;49;1;2;678;
91;77;1;2;2297;
30;79;1;2;2353;
55;13;1;2;1578;
62;6;1;2;1303;
1;61;1;2;1682;
87;19;1;2;594;
19;52;1;2;1553;
10;9;1;2;553;
28;22;1;2;2453;
92;4;1;2;427;
60;46;1;2;686;
0;1;591;246;
1;1;596;691;
2;1;533;467;
3;1;595;744;
4;1;566;924;
5;1;547;812;
6;1;551;1119;
7;1;548;1130;
8;1;504;1091;
9;1;521;1205;
10;1;560;1315;
11;1;544;1244;
12;1;549;1463;
13;1;536;1657;
14;1;547;1758;
15;1;507;1721;
16;1;560;1853;
17;1;509;2106;
18;1;514;2224;
19;1;586;2187;
20;1;575;2133;
21;1;561;2303;
22;1;569;2643;
23;1;552;2535;
24;1;512;2623;
25;1;588;2762;
26;1;579;2946;
27;1;504;2790;
28;1;518;2956;
29;1;516;3039;
30;1;572;3349;
31;1;553;3566;
32;1;580;3220;
33;1;522;3678;
34;1;515;3904;
35;1;576;3773;
36;1;595;3893;
37;1;518;4120;
38;1;549;4279;
39;1;538;3909;
40;1;544;4476;
41;1;582;4134;
42;1;556;4752;
43;1;501;4490;
44;1;576;4536;
45;1;541;4528;
46;1;594;4744;
47;1;529;5192;
48;1;505;4921;
49;1;518;4976;
