****12****
100
500;112;1;2;0;
723;410;1;2;0;
776;804;1;2;0;
26;448;1;2;0;
967;967;1;2;0;
823;435;1;2;0;
459;190;1;2;0;
391;105;1;2;0;
256;101;1;2;0;
997;761;1;2;0;
563;228;1;2;0;
607;626;1;2;0;
965;919;1;2;0;
387;587;1;2;0;
221;983;1;2;0;
829;720;1;2;0;
95;551;1;2;0;
482;222;1;2;0;
354;507;1;2;0;
21;672;1;2;0;
473;196;1;2;0;
458;931;1;2;0;
385;849;1;2;0;
387;641;1;2;0;
301;384;1;2;0;
753;863;1;2;0;
611;359;1;2;0;
840;927;1;2;0;
630;579;1;2;0;
865;202;1;2;0;
561;693;1;2;0;
921;7;1;2;0;
595;402;1;2;0;
228;300;1;2;0;
261;249;1;2;0;
972;733;1;2;0;
444;429;1;2;0;
16;180;1;2;0;
629;402;1;2;0;
172;929;1;2;0;
137;924;1;2;0;
143;99;1;2;0;
635;983;1;2;0;
378;264;1;2;0;
913;242;1;2;0;
465;825;1;2;0;
287;737;1;2;0;
832;881;1;2;0;
491;411;1;2;0;
533;751;1;2;0;
11;504;1;2;21843;
454;932;1;2;3311;
986;561;1;2;6010;
157;841;1;2;2427;
81;984;1;2;3919;
715;318;1;2;12080;
330;230;1;2;16257;
146;406;1;2;11671;
234;589;1;2;3828;
724;1000;1;2;14149;
826;10;1;2;6723;
661;816;1;2;11088;
862;801;1;2;12718;
465;957;1;2;20981;
557;389;1;2;19487;
747;455;1;2;2209;
314;784;1;2;3853;
474;281;1;2;24464;
273;515;1;2;279;
952;590;1;2;8044;
163;768;1;2;15481;
229;428;1;2;866;
226;641;1;2;801;
488;106;1;2;4945;
238;14;1;2;12573;
675;760;1;2;4282;
429;425;1;2;17312;
764;250;1;2;2882;
856;522;1;2;21325;
185;473;1;2;13425;
865;987;1;2;7422;
907;215;1;2;2406;
763;793;1;2;1689;
772;280;1;2;13528;
89;869;1;2;15350;
442;543;1;2;11074;
602;323;1;2;17276;
898;438;1;2;22964;
826;645;1;2;17058;
620;830;1;2;5632;
3;46;1;2;589;
506;304;1;2;13146;
435;67;1;2;2143;
357;190;1;2;7547;
384;278;1;2;2585;
424;71;1;2;8992;
575;25;1;2;1728;
502;274;1;2;14143;
327;99;1;2;18452;
25;718;1;2;17181;
0;1;195;572;
1;1;391;554;
2;1;77;595;
3;1;428;562;
4;1;113;593;
5;1;220;552;
6;1;90;554;
7;1;431;552;
8;1;379;551;
9;1;161;556;
10;1;25;589;
11;1;307;600;
12;1;59;585;
13;1;248;571;
14;1;9;567;
15;1;216;556;
16;1;389;556;
17;1;111;565;
18;1;300;588;
19;1;328;564;
