****2****
100
16;43;1;2;0;
62;29;1;2;0;
88;41;1;2;0;
7;51;1;2;0;
18;57;1;2;0;
35;21;1;2;0;
5;8;1;2;0;
85;33;1;2;0;
58;90;1;2;0;
17;37;1;2;0;
92;85;1;2;0;
51;48;1;2;0;
20;77;1;2;0;
71;85;1;2;0;
2;49;1;2;0;
46;69;1;2;0;
92;8;1;2;0;
98;31;1;2;0;
48;56;1;2;0;
33;18;1;2;0;
12;68;1;2;0;
90;69;1;2;0;
27;26;1;2;0;
1;85;1;2;0;
15;69;1;2;0;
73;58;1;2;0;
53;75;1;2;0;
6;24;1;2;0;
4;76;1;2;0;
8;57;1;2;0;
24;54;1;2;0;
77;67;1;2;0;
13;26;1;2;0;
49;12;1;2;0;
82;82;1;2;0;
81;45;1;2;0;
1;70;1;2;0;
13;79;1;2;0;
95;65;1;2;0;
63;62;1;2;0;
33;87;1;2;0;
19;37;1;2;0;
14;24;1;2;0;
61;17;1;2;0;
51;20;1;2;0;
25;27;1;2;0;
25;1;1;2;0;
45;37;1;2;0;
27;46;1;2;0;
1;8;1;2;0;
27;81;1;2;1889;
79;3;1;2;1325;
57;97;1;2;923;
72;10;1;2;2006;
10;29;1;2;1808;
23;4;1;2;1640;
91;7;1;2;1741;
15;33;1;2;1529;
16;29;1;2;863;
42;74;1;2;38;
1;52;1;2;456;
4;30;1;2;1804;
20;39;1;2;1987;
53;10;1;2;876;
18;71;1;2;2416;
19;94;1;2;499;
33;84;1;2;1973;
18;99;1;2;1367;
75;66;1;2;1044;
73;59;1;2;243;
71;59;1;2;263;
2;62;1;2;2022;
34;34;1;2;2223;
15;86;1;2;1025;
6;3;1;2;1421;
76;73;1;2;1397;
50;57;1;2;2459;
30;74;1;2;226;
94;1;1;2;734;
39;73;1;2;2309;
5;96;1;2;2101;
74;97;1;2;2005;
25;82;1;2;846;
14;97;1;2;2046;
64;54;1;2;110;
85;29;1;2;1853;
50;79;1;2;1407;
99;60;1;2;517;
98;54;1;2;713;
14;44;1;2;359;
88;48;1;2;1993;
72;73;1;2;1073;
70;98;1;2;1903;
100;63;1;2;1471;
16;27;1;2;654;
85;63;1;2;1872;
27;12;1;2;621;
26;11;1;2;1375;
50;60;1;2;500;
22;74;1;2;1542;
0;1;570;500;
1;1;540;321;
2;1;585;616;
3;1;501;520;
4;1;509;599;
5;1;553;945;
6;1;595;1102;
7;1;550;718;
8;1;505;1096;
9;1;572;1198;
10;1;523;1237;
11;1;508;1180;
12;1;548;1700;
13;1;545;1309;
14;1;530;1427;
15;1;585;1899;
16;1;530;2083;
17;1;513;2018;
18;1;588;2092;
19;1;519;2122;
20;1;591;2326;
21;1;519;2343;
22;1;591;2223;
23;1;554;2522;
24;1;531;2606;
25;1;578;2693;
26;1;532;2920;
27;1;590;2769;
28;1;546;3293;
29;1;524;3242;
30;1;503;3099;
31;1;526;3436;
32;1;584;3481;
33;1;550;3620;
34;1;507;3475;
35;1;519;3646;
36;1;592;3832;
37;1;581;4040;
38;1;509;4281;
39;1;581;4101;
40;1;514;4381;
41;1;596;4421;
42;1;546;4587;
43;1;525;4640;
44;1;571;4730;
45;1;518;4987;
46;1;508;4894;
47;1;510;5043;
48;1;537;5098;
49;1;566;5184;
