****5****
100
651;81;1;2;0;
77;343;1;2;0;
537;309;1;2;0;
38;655;1;2;0;
825;67;1;2;0;
307;924;1;2;0;
922;690;1;2;0;
934;469;1;2;0;
63;847;1;2;0;
937;743;1;2;0;
343;792;1;2;0;
577;529;1;2;0;
845;161;1;2;0;
672;219;1;2;0;
927;51;1;2;0;
112;577;1;2;0;
483;540;1;2;0;
919;20;1;2;0;
848;308;1;2;0;
674;673;1;2;0;
726;332;1;2;0;
948;999;1;2;0;
21;882;1;2;0;
467;435;1;2;0;
80;755;1;2;0;
177;775;1;2;0;
898;105;1;2;0;
303;94;1;2;0;
265;975;1;2;0;
664;543;1;2;0;
377;127;1;2;0;
471;859;1;2;0;
666;741;1;2;0;
230;514;1;2;0;
48;903;1;2;0;
186;126;1;2;0;
234;133;1;2;0;
124;607;1;2;0;
366;943;1;2;0;
41;798;1;2;0;
49;570;1;2;0;
572;299;1;2;0;
674;226;1;2;0;
392;291;1;2;0;
200;408;1;2;0;
185;928;1;2;0;
534;656;1;2;0;
139;200;1;2;0;
396;368;1;2;0;
713;444;1;2;0;
271;250;1;2;3345;
856;734;1;2;7594;
462;100;1;2;10015;
503;249;1;2;17225;
424;820;1;2;3683;
97;45;1;2;301;
739;597;1;2;17789;
924;876;1;2;20793;
931;14;1;2;6622;
326;382;1;2;8761;
121;4;1;2;21723;
41;859;1;2;2569;
85;321;1;2;22777;
70;175;1;2;22011;
456;598;1;2;152;
140;46;1;2;17558;
568;137;1;2;18054;
402;412;1;2;18969;
770;342;1;2;11477;
689;667;1;2;3615;
672;788;1;2;8237;
904;828;1;2;4552;
222;264;1;2;10472;
990;686;1;2;19464;
655;493;1;2;17289;
842;633;1;2;20098;
74;552;1;2;3017;
254;953;1;2;18496;
662;75;1;2;1540;
731;115;1;2;23243;
533;787;1;2;3485;
338;42;1;2;109;
353;263;1;2;20708;
689;253;1;2;23049;
550;259;1;2;3852;
713;452;1;2;19049;
921;878;1;2;18940;
265;483;1;2;21314;
372;144;1;2;1459;
172;226;1;2;13751;
638;758;1;2;19196;
244;447;1;2;16764;
29;152;1;2;11274;
77;840;1;2;501;
811;741;1;2;8705;
389;453;1;2;11037;
599;373;1;2;2303;
360;989;1;2;557;
425;712;1;2;2014;
565;883;1;2;15905;
0;1;319;571;
1;1;52;561;
2;1;116;551;
3;1;144;594;
4;1;2;590;
5;1;220;593;
6;1;492;582;
7;1;285;552;
8;1;122;588;
9;1;264;570;
10;1;462;554;
11;1;431;553;
12;1;427;556;
13;1;14;594;
14;1;272;597;
15;1;438;590;
16;1;269;589;
17;1;152;584;
18;1;191;595;
19;1;379;592;
