54821	55551
54764	55551
54738	55551
54734	55551
54718	55551
54718	55551
54508	55551
54508	55551
54508	55551
54508	55551
54508	55551
54508	55551
54508	55551
54508	55551
54508	55551
54508	55551
54508	55551
54508	55551
54508	55551
54508	55551
54508	55551
54508	55551
54508	55551
54508	55551
54508	55551
54508	55551
54508	55551
54508	55551
54508	55551
54508	55551
54508	55551
54508	55551
54508	55551
54508	55551
54508	55551
54508	55551
54508	55551
54508	55551
54508	55551
54508	55551
54508	55551
54508	55551
54508	55551
54508	55551
54508	55551
54508	55551
54508	55551
54508	55551
54508	55551
54508	55551
54508	55551
54508	55551
54508	55551
54508	55551
54508	55551
54508	55551
54508	55551
54508	55551
54508	55551
54508	55551
