****8****
100
10;89;1;2;0;
39;6;1;2;0;
58;76;1;2;0;
69;78;1;2;0;
10;95;1;2;0;
93;9;1;2;0;
14;42;1;2;0;
91;85;1;2;0;
30;3;1;2;0;
83;2;1;2;0;
61;46;1;2;0;
94;33;1;2;0;
60;99;1;2;0;
15;82;1;2;0;
11;48;1;2;0;
11;72;1;2;0;
88;1;1;2;0;
77;45;1;2;0;
76;46;1;2;0;
75;37;1;2;0;
40;19;1;2;0;
45;5;1;2;0;
60;88;1;2;0;
89;42;1;2;0;
42;24;1;2;0;
43;55;1;2;0;
69;89;1;2;0;
87;28;1;2;0;
39;53;1;2;0;
62;49;1;2;0;
100;24;1;2;0;
21;88;1;2;0;
24;97;1;2;0;
84;51;1;2;0;
94;10;1;2;0;
87;33;1;2;0;
29;84;1;2;0;
89;40;1;2;0;
71;78;1;2;0;
81;64;1;2;0;
1;76;1;2;0;
18;69;1;2;0;
64;57;1;2;0;
49;2;1;2;0;
9;10;1;2;0;
50;61;1;2;0;
33;22;1;2;0;
48;8;1;2;0;
71;83;1;2;0;
58;64;1;2;0;
93;44;1;2;2171;
21;27;1;2;519;
60;49;1;2;275;
93;65;1;2;2079;
68;82;1;2;2322;
31;38;1;2;1315;
84;99;1;2;1074;
85;59;1;2;58;
7;58;1;2;1403;
29;40;1;2;2494;
92;32;1;2;661;
40;4;1;2;1439;
29;64;1;2;1454;
94;56;1;2;795;
12;75;1;2;2238;
98;5;1;2;1566;
84;40;1;2;85;
79;24;1;2;2067;
58;82;1;2;1342;
44;62;1;2;1161;
87;54;1;2;2159;
25;45;1;2;1748;
90;73;1;2;1973;
4;19;1;2;288;
33;30;1;2;1972;
44;27;1;2;267;
45;62;1;2;837;
95;40;1;2;1299;
4;49;1;2;952;
21;92;1;2;176;
30;30;1;2;2105;
71;54;1;2;1405;
15;44;1;2;1099;
74;99;1;2;1462;
40;31;1;2;2074;
80;27;1;2;257;
76;71;1;2;2328;
63;65;1;2;1860;
73;20;1;2;1412;
69;93;1;2;2389;
75;22;1;2;2281;
85;92;1;2;1754;
92;6;1;2;2242;
72;31;1;2;202;
21;70;1;2;1433;
100;1;1;2;669;
4;28;1;2;1977;
22;42;1;2;445;
78;67;1;2;640;
35;35;1;2;1407;
0;1;32;24;
1;1;6;104;
2;1;46;220;
3;1;43;313;
4;1;5;402;
5;1;10;506;
6;1;43;610;
7;1;9;700;
8;1;30;820;
9;1;30;904;
10;1;39;1032;
11;1;6;1105;
12;1;3;1201;
13;1;48;1330;
14;1;20;1402;
