****17****
100
26;44;1;2;0;
55;52;1;2;0;
74;26;1;2;0;
67;87;1;2;0;
7;55;1;2;0;
84;63;1;2;0;
72;51;1;2;0;
48;59;1;2;0;
46;20;1;2;0;
21;73;1;2;0;
28;96;1;2;0;
81;44;1;2;0;
64;6;1;2;0;
50;15;1;2;0;
27;1;1;2;0;
21;53;1;2;0;
44;28;1;2;0;
56;69;1;2;0;
53;74;1;2;0;
7;11;1;2;0;
80;90;1;2;0;
25;52;1;2;0;
41;72;1;2;0;
10;38;1;2;0;
43;82;1;2;0;
11;23;1;2;0;
77;43;1;2;0;
18;92;1;2;0;
48;67;1;2;0;
58;74;1;2;0;
19;31;1;2;0;
78;14;1;2;0;
58;85;1;2;0;
35;62;1;2;0;
11;41;1;2;0;
73;90;1;2;0;
31;97;1;2;0;
93;23;1;2;0;
21;54;1;2;0;
12;15;1;2;0;
35;22;1;2;0;
37;12;1;2;0;
16;55;1;2;0;
55;63;1;2;0;
73;13;1;2;0;
89;44;1;2;0;
43;18;1;2;0;
57;100;1;2;0;
55;91;1;2;0;
61;65;1;2;0;
32;85;1;2;1385;
14;82;1;2;336;
88;54;1;2;1115;
99;68;1;2;276;
73;5;1;2;280;
88;11;1;2;1058;
3;35;1;2;2125;
43;78;1;2;2417;
60;87;1;2;2463;
66;77;1;2;1440;
82;60;1;2;2452;
40;73;1;2;1028;
90;12;1;2;2015;
45;11;1;2;77;
83;35;1;2;2309;
36;22;1;2;360;
92;76;1;2;2372;
11;18;1;2;1291;
73;30;1;2;709;
33;95;1;2;1062;
58;77;1;2;175;
16;68;1;2;2481;
58;57;1;2;1573;
54;1;1;2;684;
17;36;1;2;1769;
36;71;1;2;2310;
17;14;1;2;754;
32;77;1;2;2261;
25;49;1;2;997;
56;33;1;2;2417;
64;91;1;2;146;
31;58;1;2;572;
74;15;1;2;1532;
77;20;1;2;1638;
94;36;1;2;1173;
45;23;1;2;413;
18;39;1;2;421;
70;23;1;2;821;
87;47;1;2;1531;
86;55;1;2;17;
31;18;1;2;215;
52;48;1;2;2083;
92;21;1;2;1645;
88;50;1;2;920;
36;43;1;2;2484;
20;88;1;2;1149;
74;57;1;2;2271;
45;26;1;2;729;
41;64;1;2;309;
36;1;1;2;1725;
0;1;14;0;
1;1;6;103;
2;1;36;220;
3;1;11;306;
4;1;27;404;
5;1;14;509;
6;1;20;611;
7;1;21;708;
8;1;21;807;
9;1;43;919;
10;1;18;1006;
11;1;40;1132;
12;1;42;1221;
13;1;8;1305;
14;1;18;1412;
