****13****
100
28;64;1;2;0;
28;25;1;2;0;
55;90;1;2;0;
72;11;1;2;0;
63;7;1;2;0;
85;33;1;2;0;
97;64;1;2;0;
91;69;1;2;0;
30;26;1;2;0;
34;72;1;2;0;
33;10;1;2;0;
2;27;1;2;0;
3;21;1;2;0;
85;59;1;2;0;
29;32;1;2;0;
75;56;1;2;0;
96;54;1;2;0;
33;2;1;2;0;
43;4;1;2;0;
65;58;1;2;0;
10;49;1;2;0;
90;58;1;2;0;
65;32;1;2;0;
26;46;1;2;0;
57;59;1;2;0;
17;90;1;2;0;
20;19;1;2;0;
16;74;1;2;0;
91;52;1;2;0;
33;20;1;2;0;
36;7;1;2;0;
27;83;1;2;0;
60;59;1;2;0;
84;55;1;2;0;
14;48;1;2;0;
12;75;1;2;0;
49;1;1;2;0;
32;13;1;2;0;
84;57;1;2;0;
58;41;1;2;0;
67;26;1;2;0;
82;87;1;2;0;
44;49;1;2;0;
60;35;1;2;0;
1;92;1;2;0;
6;88;1;2;0;
50;32;1;2;0;
70;62;1;2;0;
91;53;1;2;0;
16;56;1;2;0;
1;27;1;2;893;
1;79;1;2;2272;
13;62;1;2;1799;
22;54;1;2;2471;
47;35;1;2;1517;
43;84;1;2;240;
29;36;1;2;319;
34;23;1;2;1526;
65;92;1;2;1238;
7;96;1;2;659;
63;48;1;2;85;
45;48;1;2;1505;
58;12;1;2;2411;
80;85;1;2;1923;
69;84;1;2;1223;
95;26;1;2;299;
81;54;1;2;2221;
63;39;1;2;202;
94;3;1;2;1720;
86;62;1;2;590;
45;76;1;2;2095;
30;20;1;2;2382;
93;77;1;2;1358;
69;57;1;2;2265;
99;77;1;2;2457;
16;71;1;2;938;
63;4;1;2;1376;
98;66;1;2;2357;
6;11;1;2;1206;
6;48;1;2;1200;
53;92;1;2;1105;
47;73;1;2;1818;
41;65;1;2;608;
99;85;1;2;1780;
93;36;1;2;303;
70;51;1;2;193;
24;65;1;2;1695;
31;62;1;2;128;
28;20;1;2;2020;
79;25;1;2;1104;
44;29;1;2;544;
31;75;1;2;425;
90;68;1;2;2254;
77;18;1;2;940;
72;62;1;2;904;
43;31;1;2;871;
84;54;1;2;1142;
81;36;1;2;1441;
94;15;1;2;1969;
18;45;1;2;1948;
0;1;38;25;
1;1;25;103;
2;1;19;218;
3;1;41;339;
4;1;20;404;
5;1;36;502;
6;1;33;614;
7;1;50;705;
8;1;1;800;
9;1;31;922;
10;1;35;1004;
11;1;18;1105;
12;1;21;1205;
13;1;36;1334;
14;1;29;1408;
