****5****
100
27;77;1;2;0;
68;94;1;2;0;
5;33;1;2;0;
28;82;1;2;0;
46;35;1;2;0;
45;57;1;2;0;
48;86;1;2;0;
3;62;1;2;0;
14;60;1;2;0;
47;92;1;2;0;
71;83;1;2;0;
19;60;1;2;0;
12;54;1;2;0;
13;79;1;2;0;
66;16;1;2;0;
59;44;1;2;0;
44;78;1;2;0;
89;48;1;2;0;
10;17;1;2;0;
81;7;1;2;0;
3;77;1;2;0;
15;2;1;2;0;
63;17;1;2;0;
63;76;1;2;0;
28;10;1;2;0;
19;99;1;2;0;
44;38;1;2;0;
58;55;1;2;0;
43;70;1;2;0;
33;8;1;2;0;
38;43;1;2;0;
3;81;1;2;0;
72;92;1;2;0;
81;81;1;2;0;
60;13;1;2;0;
39;62;1;2;0;
90;54;1;2;0;
16;52;1;2;0;
22;78;1;2;0;
79;50;1;2;0;
39;97;1;2;0;
48;34;1;2;0;
34;5;1;2;0;
88;76;1;2;0;
26;73;1;2;0;
35;15;1;2;0;
67;38;1;2;0;
48;39;1;2;0;
81;80;1;2;0;
71;40;1;2;0;
92;10;1;2;525;
81;63;1;2;1243;
84;84;1;2;2107;
62;85;1;2;336;
59;32;1;2;189;
92;88;1;2;1004;
20;66;1;2;2328;
54;80;1;2;1267;
43;27;1;2;1261;
23;6;1;2;830;
62;50;1;2;1562;
67;30;1;2;1658;
34;66;1;2;2017;
31;27;1;2;254;
71;85;1;2;1977;
92;29;1;2;2334;
52;48;1;2;724;
37;53;1;2;2047;
40;96;1;2;252;
81;70;1;2;637;
44;32;1;2;380;
17;50;1;2;1099;
3;83;1;2;2229;
73;66;1;2;2073;
80;36;1;2;1494;
18;79;1;2;2021;
43;30;1;2;2400;
86;66;1;2;159;
8;5;1;2;942;
56;37;1;2;842;
62;81;1;2;311;
17;97;1;2;2375;
54;51;1;2;777;
55;24;1;2;122;
83;55;1;2;751;
100;72;1;2;350;
44;66;1;2;2426;
88;3;1;2;1804;
84;10;1;2;2250;
27;66;1;2;31;
39;79;1;2;974;
87;96;1;2;1644;
31;1;1;2;1198;
10;55;1;2;1656;
6;90;1;2;771;
89;41;1;2;522;
50;84;1;2;743;
41;71;1;2;2159;
49;6;1;2;1815;
13;84;1;2;2467;
0;1;14;0;
1;1;9;106;
2;1;11;205;
3;1;26;306;
4;1;6;401;
5;1;3;500;
6;1;12;601;
7;1;4;702;
8;1;49;816;
9;1;6;903;
10;1;27;1009;
11;1;40;1109;
12;1;11;1209;
13;1;5;1303;
14;1;3;1402;
