****0****
100
8;3;1;2;0;
34;97;1;2;0;
89;63;1;2;0;
65;41;1;2;0;
65;82;1;2;0;
94;92;1;2;0;
61;24;1;2;0;
54;3;1;2;0;
53;55;1;2;0;
13;62;1;2;0;
97;48;1;2;0;
88;85;1;2;0;
94;57;1;2;0;
34;58;1;2;0;
91;43;1;2;0;
8;51;1;2;0;
45;41;1;2;0;
47;85;1;2;0;
3;11;1;2;0;
25;19;1;2;0;
44;70;1;2;0;
11;56;1;2;0;
93;64;1;2;0;
59;46;1;2;0;
19;23;1;2;0;
7;67;1;2;0;
70;47;1;2;0;
51;16;1;2;0;
55;37;1;2;0;
73;45;1;2;0;
79;80;1;2;0;
47;23;1;2;0;
72;93;1;2;0;
60;75;1;2;0;
55;84;1;2;0;
93;99;1;2;0;
6;55;1;2;0;
54;98;1;2;0;
19;64;1;2;0;
95;89;1;2;0;
39;54;1;2;0;
55;60;1;2;0;
52;57;1;2;0;
75;6;1;2;0;
93;47;1;2;0;
2;71;1;2;0;
78;49;1;2;0;
46;50;1;2;0;
93;5;1;2;0;
76;48;1;2;0;
40;20;1;2;839;
45;75;1;2;1160;
95;45;1;2;752;
41;33;1;2;849;
94;39;1;2;1881;
97;95;1;2;1785;
2;88;1;2;1016;
56;58;1;2;2392;
4;55;1;2;379;
96;59;1;2;1174;
95;99;1;2;1139;
92;95;1;2;1550;
95;41;1;2;93;
65;82;1;2;1054;
21;27;1;2;931;
88;24;1;2;593;
30;77;1;2;537;
71;32;1;2;2482;
41;87;1;2;135;
60;35;1;2;644;
6;29;1;2;547;
71;73;1;2;1481;
11;19;1;2;1453;
46;83;1;2;1556;
14;55;1;2;1908;
19;42;1;2;2134;
71;24;1;2;1334;
10;46;1;2;1378;
59;86;1;2;1811;
62;97;1;2;1831;
75;54;1;2;1917;
39;24;1;2;412;
97;86;1;2;974;
47;32;1;2;1858;
79;45;1;2;1410;
37;15;1;2;1513;
22;86;1;2;1454;
83;47;1;2;2251;
28;5;1;2;1290;
60;18;1;2;1457;
77;45;1;2;1423;
75;35;1;2;2332;
97;83;1;2;729;
37;29;1;2;1713;
59;7;1;2;1338;
35;95;1;2;536;
5;16;1;2;2400;
97;99;1;2;2465;
35;26;1;2;716;
9;37;1;2;2288;
0;1;30;25;
1;1;34;108;
2;1;40;237;
3;1;4;300;
4;1;50;438;
5;1;25;503;
6;1;6;605;
7;1;37;701;
8;1;20;801;
9;1;48;925;
10;1;49;1020;
11;1;25;1121;
12;1;26;1222;
13;1;25;1320;
14;1;19;1408;
