****4****
100
10;30;1;2;0;
9;89;1;2;0;
14;37;1;2;0;
42;77;1;2;0;
56;80;1;2;0;
59;52;1;2;0;
30;71;1;2;0;
23;51;1;2;0;
60;71;1;2;0;
59;25;1;2;0;
4;45;1;2;0;
2;77;1;2;0;
78;63;1;2;0;
19;37;1;2;0;
97;82;1;2;0;
23;58;1;2;0;
63;31;1;2;0;
46;77;1;2;0;
19;39;1;2;0;
5;74;1;2;0;
71;63;1;2;0;
78;100;1;2;0;
33;52;1;2;0;
50;93;1;2;0;
22;9;1;2;0;
69;78;1;2;0;
53;70;1;2;0;
54;82;1;2;0;
32;25;1;2;0;
70;80;1;2;0;
6;92;1;2;0;
37;68;1;2;0;
74;34;1;2;0;
96;45;1;2;0;
25;100;1;2;0;
18;95;1;2;0;
14;47;1;2;0;
94;47;1;2;0;
98;43;1;2;0;
91;20;1;2;0;
3;59;1;2;0;
49;7;1;2;0;
80;2;1;2;0;
41;63;1;2;0;
26;10;1;2;0;
43;83;1;2;0;
54;31;1;2;0;
3;79;1;2;0;
65;98;1;2;0;
23;89;1;2;0;
98;93;1;2;843;
11;39;1;2;295;
9;89;1;2;1846;
51;60;1;2;2164;
61;8;1;2;2170;
40;9;1;2;2372;
55;87;1;2;783;
97;69;1;2;78;
79;23;1;2;661;
95;21;1;2;1893;
35;18;1;2;1281;
69;80;1;2;1509;
48;89;1;2;1850;
70;91;1;2;53;
98;52;1;2;1695;
80;43;1;2;1438;
55;97;1;2;1556;
91;45;1;2;2388;
80;24;1;2;978;
95;18;1;2;2361;
85;53;1;2;2442;
19;73;1;2;2150;
92;21;1;2;533;
52;42;1;2;2373;
72;39;1;2;545;
50;70;1;2;2024;
37;76;1;2;51;
62;66;1;2;842;
56;45;1;2;154;
24;92;1;2;1678;
60;28;1;2;1085;
17;47;1;2;1719;
5;38;1;2;1377;
82;89;1;2;1907;
49;12;1;2;473;
19;62;1;2;1745;
31;98;1;2;593;
40;60;1;2;305;
46;67;1;2;955;
74;90;1;2;709;
24;1;1;2;1462;
26;69;1;2;1989;
1;73;1;2;1303;
47;54;1;2;1254;
35;2;1;2;1901;
60;20;1;2;2433;
55;51;1;2;1791;
78;42;1;2;1530;
66;87;1;2;1543;
98;13;1;2;303;
0;1;24;23;
1;1;15;101;
2;1;14;208;
3;1;26;311;
4;1;8;407;
5;1;10;500;
6;1;40;625;
7;1;15;712;
8;1;6;803;
9;1;27;908;
10;1;36;1003;
11;1;39;1114;
12;1;35;1218;
13;1;16;1308;
14;1;4;1403;
