****7****
100
53;98;1;2;0;
20;60;1;2;0;
87;1;1;2;0;
68;29;1;2;0;
80;20;1;2;0;
74;88;1;2;0;
64;98;1;2;0;
56;47;1;2;0;
50;100;1;2;0;
67;50;1;2;0;
69;95;1;2;0;
23;22;1;2;0;
74;47;1;2;0;
6;49;1;2;0;
58;17;1;2;0;
97;11;1;2;0;
14;68;1;2;0;
22;1;1;2;0;
20;42;1;2;0;
81;100;1;2;0;
61;54;1;2;0;
39;76;1;2;0;
4;95;1;2;0;
22;53;1;2;0;
46;89;1;2;0;
3;15;1;2;0;
35;25;1;2;0;
36;60;1;2;0;
23;93;1;2;0;
8;80;1;2;0;
9;56;1;2;0;
42;75;1;2;0;
75;64;1;2;0;
75;94;1;2;0;
57;55;1;2;0;
45;17;1;2;0;
60;84;1;2;0;
44;63;1;2;0;
30;65;1;2;0;
68;75;1;2;0;
5;70;1;2;0;
41;39;1;2;0;
46;29;1;2;0;
98;68;1;2;0;
21;57;1;2;0;
99;30;1;2;0;
64;41;1;2;0;
4;38;1;2;0;
56;30;1;2;0;
32;64;1;2;0;
36;76;1;2;523;
47;11;1;2;2151;
10;40;1;2;1253;
29;15;1;2;911;
98;55;1;2;235;
95;35;1;2;1684;
14;56;1;2;1063;
12;37;1;2;2097;
4;92;1;2;36;
11;21;1;2;1112;
74;56;1;2;50;
5;2;1;2;1577;
79;63;1;2;425;
70;43;1;2;580;
65;40;1;2;862;
98;86;1;2;1218;
81;99;1;2;2456;
21;63;1;2;650;
24;66;1;2;1404;
16;29;1;2;2391;
88;2;1;2;1220;
39;59;1;2;415;
48;37;1;2;2081;
49;58;1;2;928;
64;22;1;2;1599;
86;72;1;2;1458;
94;52;1;2;752;
5;24;1;2;1105;
4;99;1;2;2389;
94;15;1;2;1483;
56;54;1;2;414;
73;92;1;2;2203;
43;91;1;2;1500;
80;40;1;2;2061;
8;55;1;2;2298;
27;92;1;2;2446;
83;85;1;2;1692;
90;41;1;2;1098;
7;96;1;2;260;
94;41;1;2;1716;
8;96;1;2;1579;
24;68;1;2;2402;
98;63;1;2;758;
13;42;1;2;2079;
85;1;1;2;1943;
78;79;1;2;1209;
95;62;1;2;1101;
15;51;1;2;1572;
58;10;1;2;775;
100;3;1;2;112;
0;1;8;5;
1;1;45;141;
2;1;36;203;
3;1;21;304;
4;1;26;411;
5;1;47;501;
6;1;47;632;
7;1;20;708;
8;1;11;803;
9;1;23;904;
10;1;12;1008;
11;1;23;1101;
12;1;3;1202;
13;1;23;1303;
14;1;32;1404;
