****1****
100
86;100;1;2;0;
26;69;1;2;0;
55;18;1;2;0;
87;60;1;2;0;
6;38;1;2;0;
50;30;1;2;0;
18;56;1;2;0;
65;5;1;2;0;
77;87;1;2;0;
38;76;1;2;0;
12;86;1;2;0;
90;86;1;2;0;
85;17;1;2;0;
46;61;1;2;0;
63;15;1;2;0;
21;48;1;2;0;
66;99;1;2;0;
68;72;1;2;0;
68;6;1;2;0;
32;73;1;2;0;
44;81;1;2;0;
54;13;1;2;0;
88;71;1;2;0;
17;16;1;2;0;
57;6;1;2;0;
91;68;1;2;0;
44;80;1;2;0;
6;28;1;2;0;
97;3;1;2;0;
40;11;1;2;0;
69;60;1;2;0;
58;35;1;2;0;
10;25;1;2;0;
6;77;1;2;0;
31;89;1;2;0;
1;26;1;2;0;
22;7;1;2;0;
38;61;1;2;0;
77;7;1;2;0;
77;85;1;2;0;
12;67;1;2;0;
52;7;1;2;0;
99;9;1;2;0;
86;95;1;2;0;
12;25;1;2;0;
5;80;1;2;0;
37;14;1;2;0;
66;46;1;2;0;
90;24;1;2;0;
75;72;1;2;0;
12;27;1;2;975;
33;33;1;2;770;
46;61;1;2;267;
22;45;1;2;2224;
88;49;1;2;1716;
38;9;1;2;1993;
32;20;1;2;1092;
88;52;1;2;1011;
53;69;1;2;1310;
43;92;1;2;1521;
66;56;1;2;282;
63;40;1;2;2210;
1;85;1;2;1816;
93;6;1;2;912;
100;46;1;2;1013;
14;83;1;2;2187;
14;67;1;2;586;
38;6;1;2;1008;
98;59;1;2;876;
55;53;1;2;2091;
39;18;1;2;610;
49;32;1;2;1948;
43;32;1;2;1818;
98;76;1;2;775;
50;28;1;2;876;
1;41;1;2;1774;
61;54;1;2;1185;
93;43;1;2;478;
27;40;1;2;157;
82;47;1;2;568;
29;85;1;2;694;
30;33;1;2;1518;
23;75;1;2;1303;
1;25;1;2;324;
36;26;1;2;802;
68;26;1;2;1956;
34;39;1;2;777;
67;31;1;2;860;
57;9;1;2;717;
5;91;1;2;1657;
5;19;1;2;204;
74;100;1;2;1640;
75;75;1;2;678;
8;27;1;2;1634;
20;14;1;2;420;
7;33;1;2;553;
86;66;1;2;1716;
71;84;1;2;1997;
99;40;1;2;2406;
66;44;1;2;1317;
0;1;31;10;
1;1;25;104;
2;1;24;222;
3;1;13;301;
4;1;1;400;
5;1;7;505;
6;1;4;601;
7;1;42;741;
8;1;34;817;
9;1;46;915;
10;1;41;1021;
11;1;42;1124;
12;1;26;1209;
13;1;16;1314;
14;1;9;1401;
