****9****
100
28;1;1;2;0;
43;83;1;2;0;
11;88;1;2;0;
82;3;1;2;0;
77;38;1;2;0;
20;88;1;2;0;
24;64;1;2;0;
20;32;1;2;0;
62;51;1;2;0;
93;43;1;2;0;
86;33;1;2;0;
25;93;1;2;0;
14;30;1;2;0;
78;62;1;2;0;
24;97;1;2;0;
96;51;1;2;0;
98;38;1;2;0;
34;60;1;2;0;
78;67;1;2;0;
63;6;1;2;0;
4;34;1;2;0;
93;79;1;2;0;
98;65;1;2;0;
63;11;1;2;0;
15;55;1;2;0;
53;100;1;2;0;
39;29;1;2;0;
93;4;1;2;0;
10;70;1;2;0;
17;33;1;2;0;
67;12;1;2;0;
84;16;1;2;0;
50;69;1;2;0;
75;79;1;2;0;
87;89;1;2;0;
36;90;1;2;0;
23;80;1;2;0;
20;72;1;2;0;
44;82;1;2;0;
34;59;1;2;0;
88;86;1;2;0;
58;26;1;2;0;
66;2;1;2;0;
30;76;1;2;0;
72;46;1;2;0;
60;90;1;2;0;
10;95;1;2;0;
57;11;1;2;0;
63;83;1;2;0;
89;49;1;2;0;
72;24;1;2;2012;
46;3;1;2;1171;
17;47;1;2;1139;
50;57;1;2;2143;
87;14;1;2;1350;
4;68;1;2;1396;
79;39;1;2;1177;
91;80;1;2;2373;
85;88;1;2;1878;
48;70;1;2;2239;
48;41;1;2;1504;
90;86;1;2;1094;
99;54;1;2;656;
41;3;1;2;1950;
19;41;1;2;2070;
27;45;1;2;792;
63;75;1;2;1435;
97;65;1;2;1621;
40;50;1;2;1349;
45;49;1;2;653;
38;48;1;2;1099;
6;37;1;2;847;
29;35;1;2;1032;
49;28;1;2;2322;
26;98;1;2;2390;
68;24;1;2;1242;
77;87;1;2;2363;
24;35;1;2;298;
54;27;1;2;1126;
19;71;1;2;2161;
5;61;1;2;1243;
32;18;1;2;388;
97;46;1;2;763;
63;47;1;2;1010;
35;72;1;2;773;
96;39;1;2;1401;
53;15;1;2;1793;
85;90;1;2;623;
33;43;1;2;267;
30;13;1;2;100;
75;69;1;2;2362;
19;53;1;2;1056;
100;49;1;2;2279;
20;63;1;2;1687;
14;97;1;2;1232;
58;45;1;2;487;
74;49;1;2;242;
79;33;1;2;1938;
19;17;1;2;2192;
85;46;1;2;2355;
0;1;24;15;
1;1;3;101;
2;1;41;219;
3;1;40;321;
4;1;7;404;
5;1;13;510;
6;1;13;606;
7;1;17;709;
8;1;34;810;
9;1;16;904;
10;1;12;1008;
11;1;40;1115;
12;1;28;1213;
13;1;13;1311;
14;1;45;1419;
