****14****
100
91;18;1;2;0;
68;67;1;2;0;
23;38;1;2;0;
18;14;1;2;0;
97;39;1;2;0;
10;84;1;2;0;
78;92;1;2;0;
42;77;1;2;0;
99;94;1;2;0;
59;29;1;2;0;
82;93;1;2;0;
50;1;1;2;0;
15;21;1;2;0;
62;50;1;2;0;
15;92;1;2;0;
82;58;1;2;0;
62;50;1;2;0;
24;84;1;2;0;
87;41;1;2;0;
49;36;1;2;0;
80;58;1;2;0;
19;9;1;2;0;
1;13;1;2;0;
37;99;1;2;0;
6;95;1;2;0;
79;39;1;2;0;
40;29;1;2;0;
40;6;1;2;0;
1;1;1;2;0;
7;67;1;2;0;
45;89;1;2;0;
24;6;1;2;0;
90;48;1;2;0;
41;28;1;2;0;
40;42;1;2;0;
63;19;1;2;0;
99;82;1;2;0;
79;52;1;2;0;
94;16;1;2;0;
2;51;1;2;0;
10;81;1;2;0;
90;1;1;2;0;
61;29;1;2;0;
6;13;1;2;0;
81;65;1;2;0;
79;77;1;2;0;
53;3;1;2;0;
82;94;1;2;0;
2;75;1;2;0;
21;41;1;2;0;
16;84;1;2;443;
66;17;1;2;2317;
17;10;1;2;510;
19;60;1;2;580;
51;1;1;2;1272;
63;81;1;2;290;
75;62;1;2;315;
53;38;1;2;1528;
7;72;1;2;1796;
8;46;1;2;663;
49;13;1;2;1431;
60;78;1;2;1972;
1;47;1;2;1023;
6;17;1;2;290;
24;19;1;2;41;
42;81;1;2;2399;
66;55;1;2;2433;
6;59;1;2;1613;
50;18;1;2;2197;
87;77;1;2;611;
45;25;1;2;246;
37;36;1;2;924;
94;37;1;2;993;
63;94;1;2;413;
92;17;1;2;760;
74;58;1;2;737;
84;76;1;2;1179;
59;81;1;2;1487;
71;83;1;2;1967;
55;69;1;2;1526;
87;65;1;2;2351;
32;2;1;2;2386;
6;47;1;2;1444;
26;9;1;2;42;
62;1;1;2;1257;
16;26;1;2;1365;
2;9;1;2;655;
94;67;1;2;1947;
44;37;1;2;1768;
64;43;1;2;1914;
8;82;1;2;549;
80;13;1;2;1606;
88;18;1;2;2060;
84;43;1;2;429;
73;56;1;2;2010;
30;23;1;2;1842;
97;76;1;2;2326;
38;69;1;2;891;
60;12;1;2;1656;
68;27;1;2;1815;
0;1;45;28;
1;1;16;105;
2;1;16;203;
3;1;30;322;
4;1;47;421;
5;1;39;528;
6;1;20;612;
7;1;46;744;
8;1;45;824;
9;1;46;904;
10;1;45;1043;
11;1;28;1118;
12;1;37;1226;
13;1;27;1306;
14;1;7;1402;
