****12****
100
51;43;1;2;0;
25;70;1;2;0;
75;19;1;2;0;
97;42;1;2;0;
19;18;1;2;0;
8;25;1;2;0;
11;4;1;2;0;
75;1;1;2;0;
13;91;1;2;0;
26;86;1;2;0;
71;75;1;2;0;
10;47;1;2;0;
71;38;1;2;0;
72;65;1;2;0;
25;9;1;2;0;
47;75;1;2;0;
51;23;1;2;0;
96;77;1;2;0;
41;93;1;2;0;
19;11;1;2;0;
10;26;1;2;0;
87;73;1;2;0;
29;61;1;2;0;
73;42;1;2;0;
51;98;1;2;0;
79;73;1;2;0;
25;88;1;2;0;
19;47;1;2;0;
26;42;1;2;0;
11;2;1;2;0;
50;9;1;2;0;
76;52;1;2;0;
31;71;1;2;0;
28;23;1;2;0;
15;46;1;2;0;
33;25;1;2;0;
24;19;1;2;0;
97;52;1;2;0;
31;21;1;2;0;
45;33;1;2;0;
70;23;1;2;0;
5;46;1;2;0;
63;75;1;2;0;
92;40;1;2;0;
16;55;1;2;0;
41;17;1;2;0;
63;16;1;2;0;
20;46;1;2;0;
38;100;1;2;0;
68;53;1;2;0;
45;53;1;2;1719;
20;23;1;2;240;
72;6;1;2;1439;
68;38;1;2;1717;
43;43;1;2;2318;
5;17;1;2;144;
44;85;1;2;360;
36;53;1;2;420;
51;73;1;2;264;
40;72;1;2;105;
44;68;1;2;2419;
72;40;1;2;1945;
100;11;1;2;2308;
48;30;1;2;1749;
18;72;1;2;1343;
85;28;1;2;2138;
91;23;1;2;401;
4;58;1;2;2156;
31;60;1;2;2153;
55;100;1;2;2045;
46;43;1;2;2027;
42;67;1;2;626;
12;66;1;2;1308;
35;66;1;2;2018;
47;35;1;2;2432;
54;19;1;2;73;
77;61;1;2;2442;
36;16;1;2;1775;
99;46;1;2;2400;
35;52;1;2;437;
93;98;1;2;2359;
71;91;1;2;2383;
88;2;1;2;753;
67;36;1;2;1408;
28;34;1;2;1062;
60;87;1;2;2035;
19;63;1;2;1974;
53;50;1;2;1237;
97;49;1;2;246;
48;83;1;2;1768;
2;27;1;2;907;
98;98;1;2;83;
13;37;1;2;1243;
45;56;1;2;1695;
42;83;1;2;687;
73;42;1;2;2069;
74;12;1;2;470;
35;65;1;2;1301;
64;13;1;2;1711;
39;60;1;2;1355;
0;1;17;14;
1;1;48;123;
2;1;10;204;
3;1;7;300;
4;1;34;400;
5;1;18;508;
6;1;28;618;
7;1;23;712;
8;1;33;814;
9;1;41;929;
10;1;27;1011;
11;1;45;1137;
12;1;20;1217;
13;1;5;1301;
14;1;46;1413;
