****18****
100
14;31;1;2;0;
43;19;1;2;0;
17;29;1;2;0;
75;77;1;2;0;
57;52;1;2;0;
35;73;1;2;0;
29;54;1;2;0;
24;49;1;2;0;
26;94;1;2;0;
60;20;1;2;0;
89;27;1;2;0;
76;28;1;2;0;
71;20;1;2;0;
60;31;1;2;0;
45;27;1;2;0;
91;11;1;2;0;
9;85;1;2;0;
81;25;1;2;0;
13;56;1;2;0;
54;22;1;2;0;
59;88;1;2;0;
94;87;1;2;0;
42;17;1;2;0;
88;19;1;2;0;
10;47;1;2;0;
38;50;1;2;0;
26;66;1;2;0;
77;96;1;2;0;
85;88;1;2;0;
26;81;1;2;0;
14;68;1;2;0;
43;23;1;2;0;
53;24;1;2;0;
47;17;1;2;0;
31;52;1;2;0;
38;89;1;2;0;
40;31;1;2;0;
75;33;1;2;0;
99;14;1;2;0;
51;8;1;2;0;
61;88;1;2;0;
57;38;1;2;0;
53;86;1;2;0;
33;89;1;2;0;
73;11;1;2;0;
70;39;1;2;0;
78;12;1;2;0;
13;82;1;2;0;
87;11;1;2;0;
51;17;1;2;0;
63;88;1;2;1681;
2;71;1;2;108;
34;69;1;2;1129;
36;29;1;2;679;
75;37;1;2;799;
80;74;1;2;1638;
68;47;1;2;852;
89;37;1;2;1432;
53;49;1;2;329;
39;59;1;2;564;
56;73;1;2;2385;
12;74;1;2;2486;
95;59;1;2;449;
40;94;1;2;1071;
48;69;1;2;494;
42;100;1;2;1550;
20;67;1;2;1660;
60;56;1;2;2310;
77;8;1;2;110;
28;98;1;2;2192;
81;5;1;2;463;
22;17;1;2;1436;
36;11;1;2;2498;
19;2;1;2;2127;
82;50;1;2;226;
82;43;1;2;791;
7;62;1;2;189;
30;21;1;2;1363;
89;49;1;2;636;
96;29;1;2;714;
65;61;1;2;773;
7;82;1;2;2495;
23;70;1;2;986;
1;88;1;2;2381;
72;70;1;2;2354;
64;3;1;2;1711;
54;61;1;2;2084;
11;90;1;2;1830;
75;78;1;2;2381;
50;25;1;2;1564;
71;89;1;2;2448;
48;96;1;2;2415;
93;70;1;2;1452;
48;70;1;2;10;
57;41;1;2;1658;
67;56;1;2;1895;
19;10;1;2;2269;
84;20;1;2;1941;
69;47;1;2;722;
7;96;1;2;1221;
0;1;20;17;
1;1;30;125;
2;1;15;211;
3;1;6;302;
4;1;48;413;
5;1;7;506;
6;1;50;614;
7;1;12;706;
8;1;32;814;
9;1;26;915;
10;1;26;1016;
11;1;36;1131;
12;1;17;1207;
13;1;44;1309;
14;1;12;1404;
