****19****
100
75;84;1;2;0;
59;57;1;2;0;
29;75;1;2;0;
85;86;1;2;0;
84;35;1;2;0;
20;40;1;2;0;
53;69;1;2;0;
4;16;1;2;0;
56;87;1;2;0;
35;33;1;2;0;
89;10;1;2;0;
10;26;1;2;0;
9;26;1;2;0;
83;2;1;2;0;
12;95;1;2;0;
95;86;1;2;0;
30;53;1;2;0;
42;10;1;2;0;
79;27;1;2;0;
96;62;1;2;0;
61;15;1;2;0;
1;65;1;2;0;
83;57;1;2;0;
33;90;1;2;0;
43;67;1;2;0;
75;83;1;2;0;
28;84;1;2;0;
8;37;1;2;0;
61;43;1;2;0;
90;72;1;2;0;
37;84;1;2;0;
10;18;1;2;0;
88;51;1;2;0;
27;67;1;2;0;
29;22;1;2;0;
80;41;1;2;0;
36;33;1;2;0;
58;71;1;2;0;
89;90;1;2;0;
12;83;1;2;0;
8;86;1;2;0;
66;35;1;2;0;
69;25;1;2;0;
71;82;1;2;0;
67;13;1;2;0;
5;55;1;2;0;
96;14;1;2;0;
72;36;1;2;0;
17;51;1;2;0;
54;97;1;2;0;
72;33;1;2;1290;
60;65;1;2;2088;
30;5;1;2;834;
41;88;1;2;2081;
79;5;1;2;160;
47;29;1;2;1317;
80;48;1;2;1333;
85;54;1;2;1829;
50;26;1;2;906;
66;28;1;2;1443;
15;99;1;2;2004;
4;58;1;2;1396;
50;39;1;2;1702;
37;32;1;2;2180;
83;10;1;2;730;
11;8;1;2;6;
14;40;1;2;11;
77;76;1;2;2051;
40;25;1;2;620;
85;43;1;2;662;
88;57;1;2;113;
23;60;1;2;1707;
22;61;1;2;1509;
78;49;1;2;896;
21;31;1;2;1323;
16;93;1;2;1679;
44;59;1;2;158;
18;35;1;2;1388;
46;74;1;2;2493;
3;11;1;2;1284;
35;50;1;2;952;
18;72;1;2;284;
10;45;1;2;1370;
40;23;1;2;40;
6;43;1;2;880;
80;11;1;2;1550;
66;54;1;2;865;
39;23;1;2;160;
39;21;1;2;1266;
68;23;1;2;88;
86;58;1;2;571;
65;75;1;2;2222;
54;84;1;2;1433;
4;75;1;2;2410;
53;80;1;2;2335;
85;12;1;2;1935;
61;77;1;2;1219;
95;68;1;2;202;
63;58;1;2;932;
9;25;1;2;1530;
0;1;17;6;
1;1;27;126;
2;1;27;205;
3;1;2;301;
4;1;36;422;
5;1;35;506;
6;1;21;609;
7;1;42;717;
8;1;24;816;
9;1;11;904;
10;1;31;1014;
11;1;28;1111;
12;1;42;1219;
13;1;6;1305;
14;1;3;1401;
