****6****
100
6;66;1;2;0;
13;14;1;2;0;
65;73;1;2;0;
70;92;1;2;0;
15;77;1;2;0;
51;67;1;2;0;
39;13;1;2;0;
77;42;1;2;0;
87;75;1;2;0;
37;44;1;2;0;
74;64;1;2;0;
51;14;1;2;0;
13;61;1;2;0;
53;19;1;2;0;
36;5;1;2;0;
9;41;1;2;0;
23;21;1;2;0;
6;87;1;2;0;
45;27;1;2;0;
30;60;1;2;0;
56;81;1;2;0;
78;94;1;2;0;
45;54;1;2;0;
88;31;1;2;0;
80;24;1;2;0;
26;6;1;2;0;
39;76;1;2;0;
19;3;1;2;0;
88;71;1;2;0;
22;75;1;2;0;
76;30;1;2;0;
67;50;1;2;0;
3;73;1;2;0;
36;47;1;2;0;
51;65;1;2;0;
58;6;1;2;0;
97;36;1;2;0;
52;41;1;2;0;
41;39;1;2;0;
71;73;1;2;0;
14;49;1;2;0;
78;53;1;2;0;
24;48;1;2;0;
7;64;1;2;0;
18;28;1;2;0;
38;45;1;2;0;
10;5;1;2;0;
94;12;1;2;0;
29;81;1;2;0;
10;79;1;2;0;
98;68;1;2;753;
94;55;1;2;209;
35;95;1;2;1633;
57;67;1;2;277;
5;44;1;2;2369;
81;43;1;2;929;
44;61;1;2;114;
33;57;1;2;1472;
89;3;1;2;480;
17;35;1;2;1166;
48;32;1;2;1197;
84;78;1;2;700;
23;12;1;2;2456;
100;20;1;2;1702;
42;77;1;2;895;
37;57;1;2;1888;
90;52;1;2;2276;
70;84;1;2;719;
12;25;1;2;1219;
64;41;1;2;2363;
78;40;1;2;666;
59;23;1;2;1719;
46;97;1;2;766;
76;96;1;2;1036;
76;38;1;2;313;
19;26;1;2;1506;
5;15;1;2;1863;
3;36;1;2;174;
58;47;1;2;1893;
66;63;1;2;1951;
61;92;1;2;1811;
36;3;1;2;2230;
39;48;1;2;914;
54;75;1;2;2001;
40;50;1;2;765;
2;69;1;2;2077;
20;25;1;2;1868;
41;28;1;2;252;
97;37;1;2;1204;
26;54;1;2;203;
99;15;1;2;916;
59;2;1;2;2042;
46;40;1;2;1782;
30;45;1;2;88;
9;36;1;2;1169;
29;37;1;2;915;
22;8;1;2;1214;
33;100;1;2;1844;
31;97;1;2;1027;
76;74;1;2;2480;
0;1;37;29;
1;1;8;101;
2;1;32;212;
3;1;42;323;
4;1;50;443;
5;1;7;500;
6;1;23;614;
7;1;32;720;
8;1;45;830;
9;1;49;947;
10;1;28;1024;
11;1;2;1101;
12;1;23;1209;
13;1;26;1301;
14;1;12;1408;
