****2****
100
47;89;1;2;0;
11;74;1;2;0;
20;36;1;2;0;
52;32;1;2;0;
84;4;1;2;0;
4;90;1;2;0;
82;59;1;2;0;
68;73;1;2;0;
70;51;1;2;0;
48;68;1;2;0;
72;88;1;2;0;
89;16;1;2;0;
12;65;1;2;0;
57;80;1;2;0;
7;16;1;2;0;
91;5;1;2;0;
56;1;1;2;0;
30;76;1;2;0;
37;81;1;2;0;
59;72;1;2;0;
84;14;1;2;0;
13;17;1;2;0;
72;80;1;2;0;
41;94;1;2;0;
83;88;1;2;0;
61;6;1;2;0;
28;1;1;2;0;
21;39;1;2;0;
65;30;1;2;0;
70;23;1;2;0;
97;60;1;2;0;
80;52;1;2;0;
13;9;1;2;0;
79;1;1;2;0;
90;90;1;2;0;
72;25;1;2;0;
55;36;1;2;0;
94;27;1;2;0;
68;34;1;2;0;
72;50;1;2;0;
74;84;1;2;0;
55;1;1;2;0;
84;28;1;2;0;
91;1;1;2;0;
9;61;1;2;0;
23;5;1;2;0;
72;2;1;2;0;
8;84;1;2;0;
11;39;1;2;0;
84;52;1;2;0;
28;7;1;2;1669;
82;43;1;2;1807;
60;10;1;2;250;
31;11;1;2;1933;
14;17;1;2;1473;
98;44;1;2;2390;
98;52;1;2;1360;
72;8;1;2;230;
74;16;1;2;1294;
36;54;1;2;1572;
39;33;1;2;101;
66;66;1;2;2018;
39;26;1;2;2294;
97;8;1;2;2391;
28;74;1;2;1828;
59;23;1;2;403;
84;72;1;2;1962;
70;43;1;2;403;
27;68;1;2;2107;
67;3;1;2;2471;
43;93;1;2;691;
26;11;1;2;988;
2;49;1;2;1896;
88;45;1;2;1538;
35;72;1;2;1951;
99;82;1;2;1669;
7;65;1;2;1063;
70;34;1;2;349;
40;60;1;2;1571;
78;79;1;2;413;
20;21;1;2;1841;
95;46;1;2;25;
87;48;1;2;1776;
56;87;1;2;2342;
32;21;1;2;1155;
34;20;1;2;2189;
57;78;1;2;336;
52;47;1;2;1957;
89;38;1;2;2284;
45;15;1;2;109;
4;35;1;2;2010;
8;81;1;2;585;
21;67;1;2;354;
83;22;1;2;1111;
92;5;1;2;249;
73;38;1;2;2096;
34;95;1;2;2059;
64;46;1;2;2098;
28;86;1;2;116;
3;30;1;2;722;
0;1;8;1;
1;1;15;107;
2;1;43;202;
3;1;6;302;
4;1;13;411;
5;1;47;518;
6;1;38;620;
7;1;41;740;
8;1;11;800;
9;1;20;915;
10;1;24;1014;
11;1;10;1100;
12;1;25;1213;
13;1;6;1302;
14;1;41;1418;
