****10****
100
33;68;1;2;0;
82;37;1;2;0;
93;24;1;2;0;
93;33;1;2;0;
17;1;1;2;0;
88;30;1;2;0;
19;52;1;2;0;
8;38;1;2;0;
49;91;1;2;0;
52;65;1;2;0;
52;63;1;2;0;
69;91;1;2;0;
11;46;1;2;0;
48;75;1;2;0;
47;42;1;2;0;
84;80;1;2;0;
61;17;1;2;0;
68;54;1;2;0;
40;13;1;2;0;
38;57;1;2;0;
13;77;1;2;0;
38;84;1;2;0;
28;45;1;2;0;
21;77;1;2;0;
87;72;1;2;0;
93;38;1;2;0;
87;61;1;2;0;
80;49;1;2;0;
58;28;1;2;0;
23;5;1;2;0;
21;58;1;2;0;
36;34;1;2;0;
75;3;1;2;0;
39;66;1;2;0;
67;28;1;2;0;
74;80;1;2;0;
4;11;1;2;0;
63;83;1;2;0;
7;35;1;2;0;
11;94;1;2;0;
58;55;1;2;0;
83;96;1;2;0;
15;63;1;2;0;
44;25;1;2;0;
42;18;1;2;0;
81;14;1;2;0;
76;16;1;2;0;
47;2;1;2;0;
70;37;1;2;0;
19;89;1;2;0;
16;93;1;2;1686;
19;55;1;2;1661;
54;14;1;2;1038;
64;7;1;2;1012;
71;89;1;2;533;
85;51;1;2;219;
61;44;1;2;956;
41;58;1;2;750;
8;4;1;2;2064;
30;93;1;2;824;
18;8;1;2;5;
37;79;1;2;1075;
18;32;1;2;1778;
85;47;1;2;1061;
61;17;1;2;26;
81;54;1;2;701;
97;14;1;2;766;
82;7;1;2;2005;
42;66;1;2;59;
3;95;1;2;375;
86;64;1;2;1377;
62;100;1;2;2173;
44;69;1;2;1443;
39;5;1;2;1277;
92;66;1;2;1428;
85;98;1;2;1749;
29;46;1;2;2214;
69;27;1;2;247;
65;68;1;2;212;
65;22;1;2;631;
9;8;1;2;2107;
13;69;1;2;1328;
94;64;1;2;2452;
7;54;1;2;1519;
18;45;1;2;2043;
97;29;1;2;2054;
30;10;1;2;1779;
28;30;1;2;2170;
32;94;1;2;1476;
1;59;1;2;1765;
17;19;1;2;1358;
97;31;1;2;264;
76;77;1;2;2059;
75;35;1;2;1016;
79;52;1;2;701;
48;100;1;2;1141;
67;29;1;2;535;
31;8;1;2;2155;
25;39;1;2;505;
35;92;1;2;643;
0;1;19;6;
1;1;18;114;
2;1;4;201;
3;1;24;322;
4;1;26;404;
5;1;6;503;
6;1;28;607;
7;1;13;700;
8;1;34;814;
9;1;7;902;
10;1;43;1031;
11;1;32;1110;
12;1;18;1207;
13;1;41;1303;
14;1;43;1414;
