****16****
100
63;75;1;2;0;
67;48;1;2;0;
10;82;1;2;0;
82;52;1;2;0;
53;97;1;2;0;
59;46;1;2;0;
97;6;1;2;0;
25;75;1;2;0;
73;28;1;2;0;
21;99;1;2;0;
38;32;1;2;0;
46;74;1;2;0;
56;87;1;2;0;
93;100;1;2;0;
36;9;1;2;0;
95;99;1;2;0;
35;61;1;2;0;
98;96;1;2;0;
42;31;1;2;0;
99;47;1;2;0;
27;57;1;2;0;
92;24;1;2;0;
62;16;1;2;0;
50;34;1;2;0;
95;22;1;2;0;
85;85;1;2;0;
53;30;1;2;0;
58;61;1;2;0;
68;2;1;2;0;
60;4;1;2;0;
62;54;1;2;0;
54;96;1;2;0;
67;51;1;2;0;
91;60;1;2;0;
33;89;1;2;0;
6;59;1;2;0;
45;49;1;2;0;
34;58;1;2;0;
16;36;1;2;0;
92;63;1;2;0;
57;28;1;2;0;
99;62;1;2;0;
57;8;1;2;0;
22;76;1;2;0;
9;33;1;2;0;
79;22;1;2;0;
87;84;1;2;0;
17;5;1;2;0;
34;59;1;2;0;
64;18;1;2;0;
99;70;1;2;2216;
95;70;1;2;631;
52;38;1;2;77;
95;100;1;2;1342;
22;50;1;2;968;
30;57;1;2;2221;
58;17;1;2;1032;
36;38;1;2;1806;
72;6;1;2;2373;
5;16;1;2;1446;
23;14;1;2;2267;
51;60;1;2;2155;
64;11;1;2;996;
13;58;1;2;1874;
18;31;1;2;1777;
36;13;1;2;1000;
75;70;1;2;1157;
46;57;1;2;524;
56;28;1;2;2318;
21;85;1;2;1485;
98;59;1;2;1040;
48;61;1;2;1227;
68;24;1;2;2105;
24;88;1;2;2338;
32;5;1;2;2213;
88;92;1;2;1456;
1;18;1;2;932;
81;64;1;2;1474;
99;71;1;2;2190;
73;43;1;2;2092;
15;41;1;2;65;
17;40;1;2;824;
31;7;1;2;3;
7;31;1;2;179;
92;62;1;2;197;
55;49;1;2;1023;
35;1;1;2;2381;
83;34;1;2;300;
88;32;1;2;1589;
73;56;1;2;1118;
93;70;1;2;336;
72;39;1;2;1510;
10;21;1;2;1796;
76;79;1;2;2188;
78;70;1;2;2065;
36;76;1;2;702;
37;10;1;2;1599;
56;93;1;2;917;
90;32;1;2;1681;
94;56;1;2;1210;
0;1;43;35;
1;1;26;100;
2;1;20;215;
3;1;11;305;
4;1;36;413;
5;1;7;506;
6;1;16;601;
7;1;37;727;
8;1;21;809;
9;1;26;924;
10;1;24;1015;
11;1;15;1112;
12;1;24;1209;
13;1;2;1301;
14;1;50;1406;
