5757	5799
5751	5799
5750	5799
5743	5799
5740	5799
5740	5799
5740	5799
5740	5799
5740	5799
5740	5799
5740	5799
5740	5799
5740	5799
5740	5799
5740	5799
5740	5799
5740	5799
5740	5799
5740	5799
5740	5799
5740	5799
5740	5799
5740	5799
5740	5799
5740	5799
5740	5799
5740	5799
5740	5799
5740	5799
5740	5799
5740	5799
5740	5799
5740	5799
5740	5799
5740	5799
5739	5799
5737	5799
5737	5799
5737	5799
5737	5799
5737	5799
5737	5799
5737	5799
5737	5799
5737	5799
5737	5799
5737	5799
5737	5799
5737	5799
5737	5799
5737	5799
5737	5799
5737	5799
5737	5799
5737	5799
5737	5799
5737	5799
5736	5799
5736	5799
5736	5799
