6005,6045
5992,6045
5992,6045
5990,6045
5990,6045
5988,6045
5984,6045
5978,6045
5978,6045
5977,6045
5977,6045
5977,6045
5975,6045
5975,6045
5975,6045
5975,6045
5975,6045
5975,6045
5975,6045
5975,6045
5973,6045
5973,6045
5973,6045
5973,6045
5973,6045
5973,6045
5973,6045
5973,6045
5973,6045
5973,6045
5973,6045
5973,6045
5973,6045
5973,6045
5973,6045
5973,6045
5971,6045
5971,6045
5971,6045
5969,6045
5969,6045
5968,6045
5966,6045
5966,6045
5965,6045
5965,6045
5965,6045
5965,6045
5964,6045
5964,6045
5964,6045
5964,6045
5964,6045
5964,6045
5964,6045
5964,6045
5964,6045
5964,6045
5964,6045
5964,6045
