****12****
100
893;905;1;2;0;
895;887;1;2;0;
909;878;1;2;0;
948;879;1;2;0;
859;866;1;2;0;
935;864;1;2;0;
937;907;1;2;0;
861;899;1;2;0;
890;852;1;2;0;
929;892;1;2;0;
871;906;1;2;0;
851;872;1;2;0;
900;880;1;2;0;
917;926;1;2;0;
877;899;1;2;0;
880;872;1;2;0;
907;877;1;2;0;
862;866;1;2;0;
905;860;1;2;0;
947;866;1;2;0;
929;933;1;2;0;
880;916;1;2;0;
942;892;1;2;0;
865;934;1;2;0;
894;897;1;2;0;
928;867;1;2;0;
853;930;1;2;0;
890;855;1;2;0;
912;857;1;2;0;
931;891;1;2;0;
859;913;1;2;0;
866;916;1;2;0;
940;878;1;2;0;
884;896;1;2;0;
940;933;1;2;0;
912;919;1;2;0;
868;895;1;2;0;
885;860;1;2;0;
937;901;1;2;0;
945;881;1;2;0;
900;875;1;2;0;
898;855;1;2;0;
855;890;1;2;0;
860;917;1;2;0;
850;894;1;2;0;
859;859;1;2;0;
857;875;1;2;0;
877;948;1;2;0;
855;863;1;2;0;
946;945;1;2;0;
946;860;1;2;18818;
865;905;1;2;21725;
927;892;1;2;3004;
874;875;1;2;894;
900;876;1;2;12240;
857;916;1;2;2541;
925;916;1;2;5709;
886;877;1;2;1460;
863;856;1;2;22361;
920;869;1;2;3836;
867;918;1;2;2029;
884;885;1;2;17885;
889;862;1;2;12019;
944;939;1;2;1324;
902;941;1;2;7689;
916;948;1;2;6702;
941;875;1;2;16121;
862;863;1;2;10633;
891;876;1;2;20697;
869;898;1;2;6358;
944;916;1;2;18282;
881;850;1;2;17977;
873;889;1;2;12177;
860;936;1;2;11092;
925;940;1;2;9813;
863;906;1;2;9544;
872;850;1;2;3888;
900;862;1;2;20715;
855;855;1;2;21449;
916;875;1;2;15247;
949;869;1;2;8938;
902;852;1;2;10631;
938;875;1;2;20635;
891;938;1;2;19452;
880;913;1;2;18686;
913;878;1;2;9159;
896;901;1;2;15914;
904;851;1;2;22159;
926;856;1;2;6852;
927;874;1;2;4148;
876;926;1;2;7174;
891;878;1;2;7250;
858;919;1;2;21179;
917;860;1;2;18143;
862;942;1;2;20885;
897;857;1;2;15676;
893;855;1;2;21011;
888;910;1;2;8009;
948;886;1;2;9804;
914;863;1;2;2092;
0;1;257;257;
1;1;242;1142;
2;1;90;1890;
3;1;271;2971;
4;1;83;3683;
5;1;170;4670;
6;1;36;5436;
7;1;144;6444;
8;1;341;7541;
9;1;179;8279;
10;1;61;9061;
11;1;153;10053;
12;1;360;11160;
13;1;74;11774;
14;1;48;12648;
15;1;406;13906;
16;1;23;14423;
17;1;57;15357;
18;1;31;16231;
19;1;266;17366;
