****2****
100
859;867;1;2;0;
901;861;1;2;0;
906;947;1;2;0;
921;907;1;2;0;
867;906;1;2;0;
860;885;1;2;0;
943;937;1;2;0;
879;898;1;2;0;
900;866;1;2;0;
942;928;1;2;0;
944;939;1;2;0;
926;896;1;2;0;
907;947;1;2;0;
926;928;1;2;0;
921;938;1;2;0;
891;882;1;2;0;
856;894;1;2;0;
893;864;1;2;0;
943;916;1;2;0;
873;912;1;2;0;
925;884;1;2;0;
948;918;1;2;0;
871;929;1;2;0;
866;873;1;2;0;
945;858;1;2;0;
852;891;1;2;0;
899;880;1;2;0;
938;908;1;2;0;
877;914;1;2;0;
886;900;1;2;0;
854;879;1;2;0;
932;860;1;2;0;
924;927;1;2;0;
927;869;1;2;0;
893;850;1;2;0;
932;920;1;2;0;
884;882;1;2;0;
888;858;1;2;0;
861;856;1;2;0;
881;908;1;2;0;
916;935;1;2;0;
949;865;1;2;0;
865;889;1;2;0;
875;944;1;2;0;
853;911;1;2;0;
894;858;1;2;0;
893;928;1;2;0;
920;867;1;2;0;
905;949;1;2;0;
938;901;1;2;0;
850;920;1;2;8193;
936;904;1;2;20421;
896;867;1;2;5214;
880;925;1;2;11987;
917;877;1;2;15522;
933;916;1;2;4059;
879;872;1;2;15080;
924;932;1;2;966;
854;902;1;2;762;
910;854;1;2;16412;
913;854;1;2;6549;
886;892;1;2;10899;
850;939;1;2;21686;
873;921;1;2;17619;
862;888;1;2;18349;
918;923;1;2;3902;
852;853;1;2;1427;
948;927;1;2;5238;
886;931;1;2;12869;
894;943;1;2;13784;
942;858;1;2;19415;
860;947;1;2;9109;
885;899;1;2;1872;
876;922;1;2;10426;
894;886;1;2;8143;
891;907;1;2;15727;
902;909;1;2;17124;
888;859;1;2;16775;
855;896;1;2;16687;
879;892;1;2;10721;
855;884;1;2;648;
887;946;1;2;16078;
862;882;1;2;11012;
877;860;1;2;1375;
916;856;1;2;21653;
941;897;1;2;20950;
891;901;1;2;2242;
893;939;1;2;4192;
875;897;1;2;5267;
939;926;1;2;6229;
949;932;1;2;989;
867;921;1;2;7889;
934;933;1;2;3534;
850;913;1;2;22486;
891;879;1;2;13778;
921;922;1;2;7551;
907;863;1;2;8790;
905;858;1;2;17841;
913;884;1;2;7814;
918;873;1;2;2287;
0;1;17;17;
1;1;423;1323;
2;1;134;1934;
3;1;102;2802;
4;1;40;3640;
5;1;256;4756;
6;1;34;5434;
7;1;176;6476;
8;1;391;7591;
9;1;148;8248;
10;1;427;9427;
11;1;404;10304;
12;1;124;10924;
13;1;70;11770;
14;1;285;12885;
15;1;358;13858;
16;1;91;14491;
17;1;157;15457;
18;1;39;16239;
19;1;101;17201;
