****14****
100
945;867;1;2;0;
866;896;1;2;0;
860;927;1;2;0;
853;910;1;2;0;
913;914;1;2;0;
938;916;1;2;0;
918;893;1;2;0;
877;935;1;2;0;
852;919;1;2;0;
948;917;1;2;0;
947;850;1;2;0;
883;874;1;2;0;
852;912;1;2;0;
860;875;1;2;0;
922;911;1;2;0;
860;869;1;2;0;
928;876;1;2;0;
915;939;1;2;0;
906;918;1;2;0;
899;921;1;2;0;
934;939;1;2;0;
887;903;1;2;0;
882;915;1;2;0;
940;936;1;2;0;
936;890;1;2;0;
855;933;1;2;0;
890;888;1;2;0;
909;944;1;2;0;
850;919;1;2;0;
922;874;1;2;0;
881;932;1;2;0;
946;911;1;2;0;
910;911;1;2;0;
900;918;1;2;0;
932;901;1;2;0;
889;916;1;2;0;
890;927;1;2;0;
921;875;1;2;0;
944;911;1;2;0;
861;882;1;2;0;
903;919;1;2;0;
917;896;1;2;0;
857;876;1;2;0;
890;910;1;2;0;
897;862;1;2;0;
886;928;1;2;0;
896;882;1;2;0;
942;909;1;2;0;
896;892;1;2;0;
877;878;1;2;0;
896;917;1;2;3140;
888;946;1;2;11105;
865;892;1;2;259;
929;924;1;2;16466;
898;891;1;2;18300;
905;917;1;2;15230;
917;864;1;2;20469;
854;895;1;2;12745;
938;887;1;2;10336;
884;881;1;2;17806;
864;879;1;2;5182;
911;918;1;2;22040;
881;933;1;2;5731;
864;912;1;2;1263;
901;912;1;2;13438;
884;868;1;2;2646;
860;935;1;2;10834;
948;891;1;2;6346;
882;880;1;2;18175;
928;914;1;2;1266;
901;881;1;2;13839;
889;942;1;2;4609;
877;925;1;2;18107;
855;939;1;2;12748;
859;943;1;2;4253;
904;929;1;2;7909;
920;939;1;2;2307;
850;889;1;2;15874;
878;874;1;2;8839;
894;852;1;2;4423;
894;855;1;2;17606;
924;894;1;2;18318;
921;873;1;2;17664;
854;878;1;2;16987;
854;887;1;2;20960;
864;893;1;2;3964;
944;863;1;2;14441;
909;863;1;2;5355;
920;943;1;2;13037;
861;888;1;2;13530;
867;932;1;2;13931;
855;906;1;2;8713;
888;930;1;2;19916;
943;886;1;2;8269;
892;890;1;2;21120;
934;904;1;2;4404;
856;898;1;2;16478;
919;910;1;2;1757;
873;880;1;2;22297;
852;892;1;2;7354;
0;1;235;235;
1;1;262;1162;
2;1;314;2114;
3;1;225;2925;
4;1;219;3819;
5;1;172;4672;
6;1;208;5608;
7;1;7;6307;
8;1;302;7502;
9;1;365;8465;
10;1;403;9403;
11;1;191;10091;
12;1;1;10801;
13;1;195;11895;
14;1;31;12631;
15;1;425;13925;
16;1;130;14530;
17;1;36;15336;
18;1;395;16595;
19;1;38;17138;
