****5****
100
887;901;1;2;0;
924;862;1;2;0;
914;853;1;2;0;
858;920;1;2;0;
906;931;1;2;0;
949;931;1;2;0;
931;943;1;2;0;
854;881;1;2;0;
924;932;1;2;0;
905;922;1;2;0;
867;850;1;2;0;
878;942;1;2;0;
888;909;1;2;0;
881;896;1;2;0;
873;924;1;2;0;
863;910;1;2;0;
927;937;1;2;0;
874;944;1;2;0;
940;934;1;2;0;
914;948;1;2;0;
916;866;1;2;0;
881;949;1;2;0;
859;937;1;2;0;
880;933;1;2;0;
871;935;1;2;0;
905;888;1;2;0;
887;885;1;2;0;
881;925;1;2;0;
896;864;1;2;0;
871;919;1;2;0;
890;936;1;2;0;
931;867;1;2;0;
875;908;1;2;0;
913;917;1;2;0;
892;878;1;2;0;
916;858;1;2;0;
946;899;1;2;0;
910;855;1;2;0;
887;892;1;2;0;
938;908;1;2;0;
930;945;1;2;0;
899;867;1;2;0;
932;882;1;2;0;
895;878;1;2;0;
948;868;1;2;0;
900;888;1;2;0;
855;881;1;2;0;
857;880;1;2;0;
939;921;1;2;0;
948;934;1;2;0;
901;866;1;2;16619;
897;915;1;2;4599;
902;904;1;2;14353;
942;915;1;2;10873;
889;864;1;2;19536;
871;948;1;2;10391;
851;946;1;2;8002;
901;884;1;2;18630;
885;943;1;2;19143;
926;914;1;2;12149;
910;917;1;2;17785;
855;864;1;2;9692;
859;868;1;2;2347;
906;912;1;2;15540;
933;851;1;2;14585;
930;924;1;2;17066;
919;926;1;2;20095;
927;929;1;2;11408;
892;916;1;2;17803;
940;893;1;2;2331;
885;905;1;2;16414;
947;910;1;2;17350;
926;872;1;2;913;
911;880;1;2;8979;
862;864;1;2;20293;
926;944;1;2;15680;
941;865;1;2;8376;
903;895;1;2;5018;
900;889;1;2;5532;
942;879;1;2;4219;
948;915;1;2;11070;
874;864;1;2;21285;
915;892;1;2;5172;
926;853;1;2;11377;
899;865;1;2;5770;
926;894;1;2;7888;
928;885;1;2;17413;
905;890;1;2;8055;
914;940;1;2;22028;
890;884;1;2;262;
860;935;1;2;22411;
934;859;1;2;16256;
873;876;1;2;3281;
933;904;1;2;20127;
872;906;1;2;3038;
929;882;1;2;12686;
880;860;1;2;21135;
899;868;1;2;3479;
914;932;1;2;5418;
869;924;1;2;22256;
0;1;305;305;
1;1;136;1036;
2;1;63;1863;
3;1;256;2956;
4;1;72;3672;
5;1;424;4924;
6;1;274;5674;
7;1;445;6745;
8;1;203;7403;
9;1;33;8133;
10;1;279;9279;
11;1;107;10007;
12;1;398;11198;
13;1;353;12053;
14;1;413;13013;
15;1;77;13577;
16;1;383;14783;
17;1;98;15398;
18;1;401;16601;
19;1;415;17515;
