****16****
100
894;911;1;2;0;
852;930;1;2;0;
874;941;1;2;0;
906;867;1;2;0;
939;907;1;2;0;
901;921;1;2;0;
851;882;1;2;0;
930;888;1;2;0;
872;932;1;2;0;
942;890;1;2;0;
892;898;1;2;0;
900;913;1;2;0;
861;947;1;2;0;
877;941;1;2;0;
924;878;1;2;0;
863;921;1;2;0;
939;917;1;2;0;
901;915;1;2;0;
908;909;1;2;0;
933;949;1;2;0;
866;884;1;2;0;
872;868;1;2;0;
868;852;1;2;0;
858;890;1;2;0;
887;850;1;2;0;
882;881;1;2;0;
899;932;1;2;0;
944;910;1;2;0;
930;923;1;2;0;
853;856;1;2;0;
903;867;1;2;0;
927;893;1;2;0;
886;930;1;2;0;
858;945;1;2;0;
890;941;1;2;0;
896;906;1;2;0;
927;919;1;2;0;
876;945;1;2;0;
873;884;1;2;0;
937;862;1;2;0;
885;869;1;2;0;
893;886;1;2;0;
852;939;1;2;0;
898;884;1;2;0;
864;902;1;2;0;
890;918;1;2;0;
871;920;1;2;0;
913;907;1;2;0;
900;873;1;2;0;
854;892;1;2;0;
865;901;1;2;17547;
894;922;1;2;15632;
942;897;1;2;11381;
929;910;1;2;16865;
901;905;1;2;9478;
903;895;1;2;6170;
889;861;1;2;6834;
881;929;1;2;15245;
851;892;1;2;14370;
854;868;1;2;2349;
896;883;1;2;11957;
947;879;1;2;11716;
877;923;1;2;10009;
941;855;1;2;11882;
940;906;1;2;1422;
879;911;1;2;16691;
866;850;1;2;12447;
858;933;1;2;5895;
870;935;1;2;15100;
892;939;1;2;646;
871;885;1;2;154;
852;935;1;2;15102;
906;862;1;2;19058;
859;853;1;2;14662;
872;895;1;2;335;
940;924;1;2;3910;
906;892;1;2;11422;
883;900;1;2;8943;
891;921;1;2;19590;
942;915;1;2;16217;
863;888;1;2;2414;
917;891;1;2;6436;
905;899;1;2;22498;
866;908;1;2;15896;
932;882;1;2;4578;
858;872;1;2;9814;
945;880;1;2;15273;
884;913;1;2;6373;
906;855;1;2;9067;
914;899;1;2;15224;
862;913;1;2;17569;
898;932;1;2;4474;
919;887;1;2;531;
852;903;1;2;3957;
888;937;1;2;4133;
921;945;1;2;2481;
928;940;1;2;16777;
930;874;1;2;14464;
882;883;1;2;12148;
857;947;1;2;15303;
0;1;450;450;
1;1;12;912;
2;1;254;2054;
3;1;381;3081;
4;1;111;3711;
5;1;36;4536;
6;1;355;5755;
7;1;180;6480;
8;1;374;7574;
9;1;378;8478;
10;1;333;9333;
11;1;27;9927;
12;1;261;11061;
13;1;223;11923;
14;1;417;13017;
15;1;376;13876;
16;1;195;14595;
17;1;162;15462;
18;1;266;16466;
19;1;375;17475;
