****17****
100
854;885;1;2;0;
904;930;1;2;0;
868;936;1;2;0;
863;909;1;2;0;
943;912;1;2;0;
899;943;1;2;0;
874;904;1;2;0;
873;936;1;2;0;
939;880;1;2;0;
867;864;1;2;0;
907;901;1;2;0;
891;918;1;2;0;
874;909;1;2;0;
895;870;1;2;0;
870;910;1;2;0;
944;874;1;2;0;
897;899;1;2;0;
907;868;1;2;0;
937;920;1;2;0;
927;931;1;2;0;
883;928;1;2;0;
876;859;1;2;0;
882;851;1;2;0;
897;871;1;2;0;
881;914;1;2;0;
886;891;1;2;0;
866;879;1;2;0;
859;942;1;2;0;
938;856;1;2;0;
862;910;1;2;0;
869;908;1;2;0;
887;916;1;2;0;
857;944;1;2;0;
934;945;1;2;0;
914;863;1;2;0;
878;899;1;2;0;
941;856;1;2;0;
860;925;1;2;0;
909;907;1;2;0;
899;893;1;2;0;
924;887;1;2;0;
934;892;1;2;0;
916;895;1;2;0;
884;856;1;2;0;
901;948;1;2;0;
868;872;1;2;0;
906;905;1;2;0;
939;866;1;2;0;
899;875;1;2;0;
913;916;1;2;0;
941;941;1;2;20197;
932;899;1;2;4241;
860;858;1;2;8022;
909;901;1;2;370;
946;937;1;2;21853;
864;882;1;2;6892;
922;886;1;2;7888;
940;908;1;2;8143;
896;897;1;2;14649;
897;875;1;2;14789;
863;866;1;2;21395;
879;900;1;2;17279;
857;910;1;2;11668;
944;921;1;2;18572;
906;917;1;2;5714;
861;883;1;2;14563;
851;855;1;2;3764;
890;946;1;2;20785;
938;944;1;2;9985;
902;891;1;2;16576;
929;905;1;2;20226;
899;886;1;2;1507;
918;945;1;2;13550;
850;939;1;2;19584;
933;947;1;2;21698;
903;859;1;2;18240;
906;912;1;2;16538;
897;852;1;2;2763;
947;941;1;2;5707;
944;893;1;2;21807;
918;925;1;2;21255;
860;874;1;2;12456;
852;895;1;2;11443;
857;895;1;2;15530;
934;878;1;2;2585;
878;931;1;2;5172;
907;940;1;2;8765;
894;939;1;2;10544;
929;936;1;2;18651;
858;882;1;2;13442;
929;850;1;2;10790;
906;912;1;2;9589;
872;915;1;2;15325;
932;922;1;2;18249;
882;858;1;2;13349;
934;938;1;2;7422;
942;896;1;2;15032;
865;892;1;2;17442;
942;872;1;2;14018;
910;880;1;2;2955;
0;1;374;374;
1;1;12;912;
2;1;372;2172;
3;1;413;3113;
4;1;219;3819;
5;1;335;4835;
6;1;376;5776;
7;1;343;6643;
8;1;402;7602;
9;1;386;8486;
10;1;75;9075;
11;1;76;9976;
12;1;41;10841;
13;1;60;11760;
14;1;135;12735;
15;1;376;13876;
16;1;144;14544;
17;1;173;15473;
18;1;344;16544;
19;1;438;17538;
