****18****
100
870;904;1;2;0;
904;913;1;2;0;
854;896;1;2;0;
887;890;1;2;0;
856;917;1;2;0;
859;932;1;2;0;
879;881;1;2;0;
894;949;1;2;0;
917;871;1;2;0;
941;918;1;2;0;
856;867;1;2;0;
943;898;1;2;0;
926;877;1;2;0;
925;869;1;2;0;
900;918;1;2;0;
857;920;1;2;0;
924;863;1;2;0;
935;928;1;2;0;
910;872;1;2;0;
921;868;1;2;0;
892;882;1;2;0;
850;873;1;2;0;
913;894;1;2;0;
872;932;1;2;0;
867;915;1;2;0;
900;873;1;2;0;
932;894;1;2;0;
873;909;1;2;0;
873;948;1;2;0;
880;875;1;2;0;
869;939;1;2;0;
898;943;1;2;0;
853;883;1;2;0;
874;913;1;2;0;
858;945;1;2;0;
883;852;1;2;0;
877;884;1;2;0;
875;893;1;2;0;
880;949;1;2;0;
875;898;1;2;0;
914;878;1;2;0;
873;948;1;2;0;
922;897;1;2;0;
907;897;1;2;0;
895;890;1;2;0;
923;866;1;2;0;
879;871;1;2;0;
860;882;1;2;0;
856;936;1;2;0;
897;916;1;2;0;
931;931;1;2;1123;
910;917;1;2;12648;
853;947;1;2;2876;
931;895;1;2;14845;
859;871;1;2;9459;
931;918;1;2;3932;
930;915;1;2;7067;
903;932;1;2;7949;
876;894;1;2;6618;
935;880;1;2;9206;
901;913;1;2;9586;
870;873;1;2;20935;
915;877;1;2;9785;
860;858;1;2;8006;
868;867;1;2;17141;
927;900;1;2;5001;
944;880;1;2;13065;
852;886;1;2;6711;
890;864;1;2;15780;
913;949;1;2;7655;
883;901;1;2;3577;
886;873;1;2;1906;
856;938;1;2;22172;
923;900;1;2;13109;
940;871;1;2;14466;
878;948;1;2;2866;
884;894;1;2;15918;
856;949;1;2;6730;
913;889;1;2;6632;
863;852;1;2;10814;
894;937;1;2;11668;
941;873;1;2;10317;
859;931;1;2;20493;
856;905;1;2;69;
861;947;1;2;9977;
935;876;1;2;2882;
859;910;1;2;5216;
917;868;1;2;14422;
912;932;1;2;14865;
873;897;1;2;3536;
933;941;1;2;12144;
897;884;1;2;15980;
883;893;1;2;14563;
862;899;1;2;17677;
892;910;1;2;10827;
942;895;1;2;12238;
943;856;1;2;3327;
941;876;1;2;10033;
937;938;1;2;15485;
925;861;1;2;14045;
0;1;269;269;
1;1;397;1297;
2;1;422;2222;
3;1;349;3049;
4;1;244;3844;
5;1;306;4806;
6;1;302;5702;
7;1;430;6730;
8;1;350;7550;
9;1;189;8289;
10;1;92;9092;
11;1;1;9901;
12;1;333;11133;
13;1;136;11836;
14;1;362;12962;
15;1;325;13825;
16;1;229;14629;
17;1;109;15409;
18;1;42;16242;
19;1;222;17322;
