****15****
100
935;876;1;2;0;
856;895;1;2;0;
875;931;1;2;0;
878;915;1;2;0;
885;872;1;2;0;
946;872;1;2;0;
935;911;1;2;0;
896;903;1;2;0;
884;853;1;2;0;
910;938;1;2;0;
867;914;1;2;0;
928;870;1;2;0;
908;858;1;2;0;
946;939;1;2;0;
895;890;1;2;0;
876;881;1;2;0;
916;934;1;2;0;
878;941;1;2;0;
916;858;1;2;0;
859;851;1;2;0;
880;907;1;2;0;
873;917;1;2;0;
868;919;1;2;0;
871;902;1;2;0;
875;883;1;2;0;
890;944;1;2;0;
947;868;1;2;0;
864;857;1;2;0;
929;860;1;2;0;
947;874;1;2;0;
901;873;1;2;0;
857;867;1;2;0;
910;938;1;2;0;
911;876;1;2;0;
898;920;1;2;0;
929;881;1;2;0;
877;905;1;2;0;
948;947;1;2;0;
926;869;1;2;0;
851;851;1;2;0;
854;892;1;2;0;
946;903;1;2;0;
862;912;1;2;0;
911;893;1;2;0;
923;860;1;2;0;
870;874;1;2;0;
883;929;1;2;0;
943;943;1;2;0;
917;856;1;2;0;
921;866;1;2;0;
878;901;1;2;13106;
905;908;1;2;2406;
854;884;1;2;19660;
856;938;1;2;1160;
850;886;1;2;11910;
914;948;1;2;21370;
858;921;1;2;10855;
878;897;1;2;301;
857;891;1;2;17643;
925;897;1;2;11452;
893;926;1;2;5843;
892;933;1;2;6470;
889;890;1;2;17925;
906;948;1;2;1259;
932;948;1;2;13264;
859;912;1;2;13255;
851;920;1;2;5992;
901;900;1;2;3696;
936;908;1;2;17310;
917;935;1;2;16416;
870;930;1;2;2421;
925;872;1;2;17385;
891;911;1;2;7079;
891;920;1;2;10924;
931;902;1;2;2108;
907;863;1;2;12772;
881;864;1;2;17820;
879;867;1;2;3630;
925;853;1;2;12764;
863;921;1;2;660;
949;941;1;2;17747;
915;868;1;2;21420;
917;909;1;2;2293;
858;902;1;2;15403;
850;883;1;2;5116;
887;940;1;2;5843;
939;872;1;2;17536;
914;853;1;2;16757;
939;928;1;2;3808;
874;942;1;2;19915;
942;893;1;2;19737;
942;911;1;2;9117;
916;878;1;2;18111;
899;938;1;2;19640;
857;938;1;2;3173;
866;928;1;2;17348;
941;869;1;2;18628;
929;933;1;2;2296;
887;874;1;2;17049;
948;898;1;2;1987;
0;1;33;33;
1;1;343;1243;
2;1;380;2180;
3;1;8;2708;
4;1;337;3937;
5;1;441;4941;
6;1;203;5603;
7;1;53;6353;
8;1;169;7369;
9;1;410;8510;
10;1;5;9005;
11;1;309;10209;
12;1;220;11020;
13;1;264;11964;
14;1;148;12748;
15;1;115;13615;
16;1;80;14480;
17;1;76;15376;
18;1;100;16300;
19;1;171;17271;
