****13****
100
862;855;1;2;0;
904;922;1;2;0;
884;854;1;2;0;
910;870;1;2;0;
870;924;1;2;0;
933;929;1;2;0;
915;924;1;2;0;
949;900;1;2;0;
944;936;1;2;0;
893;936;1;2;0;
865;905;1;2;0;
939;926;1;2;0;
878;938;1;2;0;
932;851;1;2;0;
944;862;1;2;0;
866;856;1;2;0;
919;872;1;2;0;
928;853;1;2;0;
929;941;1;2;0;
926;949;1;2;0;
915;861;1;2;0;
880;932;1;2;0;
936;879;1;2;0;
934;882;1;2;0;
918;929;1;2;0;
920;933;1;2;0;
885;909;1;2;0;
861;913;1;2;0;
897;943;1;2;0;
866;944;1;2;0;
907;935;1;2;0;
850;877;1;2;0;
857;881;1;2;0;
932;888;1;2;0;
872;860;1;2;0;
940;889;1;2;0;
872;870;1;2;0;
923;910;1;2;0;
852;908;1;2;0;
942;920;1;2;0;
939;912;1;2;0;
855;874;1;2;0;
924;866;1;2;0;
890;923;1;2;0;
912;906;1;2;0;
917;921;1;2;0;
943;870;1;2;0;
900;851;1;2;0;
901;883;1;2;0;
941;923;1;2;0;
893;931;1;2;3235;
867;852;1;2;2899;
927;906;1;2;17294;
871;876;1;2;16896;
886;881;1;2;3166;
912;949;1;2;16697;
885;863;1;2;20489;
905;887;1;2;17398;
925;937;1;2;14205;
928;922;1;2;7835;
853;918;1;2;2017;
917;935;1;2;5596;
854;865;1;2;14426;
854;886;1;2;3770;
891;922;1;2;6130;
856;936;1;2;7961;
862;924;1;2;2273;
876;879;1;2;19375;
935;906;1;2;5111;
896;884;1;2;7083;
948;939;1;2;22459;
933;906;1;2;18246;
873;862;1;2;21010;
916;866;1;2;6087;
890;859;1;2;764;
894;866;1;2;12776;
850;930;1;2;12104;
920;908;1;2;12820;
878;893;1;2;4616;
924;891;1;2;20849;
943;889;1;2;1593;
929;925;1;2;6877;
901;948;1;2;5308;
940;866;1;2;3470;
916;906;1;2;19344;
916;903;1;2;21802;
902;903;1;2;5041;
863;925;1;2;13134;
856;854;1;2;6685;
854;880;1;2;22402;
889;873;1;2;615;
914;853;1;2;1220;
894;856;1;2;18021;
887;947;1;2;9734;
949;913;1;2;2629;
920;931;1;2;2838;
911;883;1;2;7613;
930;948;1;2;20309;
911;855;1;2;14218;
935;911;1;2;7326;
0;1;152;152;
1;1;153;1053;
2;1;254;2054;
3;1;60;2760;
4;1;67;3667;
5;1;59;4559;
6;1;92;5492;
7;1;362;6662;
8;1;66;7266;
9;1;277;8377;
10;1;351;9351;
11;1;365;10265;
12;1;28;10828;
13;1;202;11902;
14;1;30;12630;
15;1;287;13787;
16;1;374;14774;
17;1;161;15461;
18;1;350;16550;
19;1;135;17235;
