****7****
100
914;857;1;2;0;
867;919;1;2;0;
858;918;1;2;0;
907;886;1;2;0;
881;946;1;2;0;
872;859;1;2;0;
902;880;1;2;0;
896;884;1;2;0;
882;880;1;2;0;
937;940;1;2;0;
867;921;1;2;0;
924;933;1;2;0;
925;856;1;2;0;
947;882;1;2;0;
884;903;1;2;0;
866;900;1;2;0;
910;883;1;2;0;
921;871;1;2;0;
852;879;1;2;0;
907;935;1;2;0;
875;929;1;2;0;
944;879;1;2;0;
911;942;1;2;0;
866;944;1;2;0;
873;853;1;2;0;
886;890;1;2;0;
876;912;1;2;0;
925;851;1;2;0;
919;922;1;2;0;
935;853;1;2;0;
875;852;1;2;0;
904;888;1;2;0;
937;875;1;2;0;
909;891;1;2;0;
904;866;1;2;0;
876;882;1;2;0;
897;871;1;2;0;
911;910;1;2;0;
863;879;1;2;0;
856;938;1;2;0;
882;893;1;2;0;
931;860;1;2;0;
855;906;1;2;0;
913;876;1;2;0;
879;899;1;2;0;
880;856;1;2;0;
853;886;1;2;0;
894;940;1;2;0;
911;905;1;2;0;
882;918;1;2;0;
921;908;1;2;14638;
920;881;1;2;16307;
881;947;1;2;12718;
887;887;1;2;16402;
882;868;1;2;14131;
888;877;1;2;11149;
914;906;1;2;5128;
896;864;1;2;3594;
884;861;1;2;3159;
898;916;1;2;20685;
866;940;1;2;11009;
918;910;1;2;11289;
935;941;1;2;2950;
930;879;1;2;3458;
862;911;1;2;8004;
904;901;1;2;20424;
909;918;1;2;20215;
916;916;1;2;5131;
877;851;1;2;18820;
929;899;1;2;9624;
865;867;1;2;2962;
860;887;1;2;17413;
890;872;1;2;5695;
917;853;1;2;4897;
881;917;1;2;3598;
864;871;1;2;12566;
926;930;1;2;22002;
944;948;1;2;10072;
929;928;1;2;19044;
924;907;1;2;5280;
938;875;1;2;1047;
942;937;1;2;20983;
907;877;1;2;13893;
863;944;1;2;4286;
900;875;1;2;8565;
898;942;1;2;7651;
900;918;1;2;1984;
922;865;1;2;19195;
911;944;1;2;17875;
900;870;1;2;12975;
939;911;1;2;2680;
894;903;1;2;9791;
939;860;1;2;595;
854;925;1;2;1626;
876;875;1;2;15260;
913;876;1;2;17373;
923;926;1;2;4805;
913;851;1;2;21356;
906;912;1;2;4654;
925;862;1;2;18522;
0;1;105;105;
1;1;102;1002;
2;1;197;1997;
3;1;258;2958;
4;1;149;3749;
5;1;2;4502;
6;1;301;5701;
7;1;290;6590;
8;1;415;7615;
9;1;420;8520;
10;1;196;9196;
11;1;240;10140;
12;1;434;11234;
13;1;22;11722;
14;1;268;12868;
15;1;25;13525;
16;1;437;14837;
17;1;244;15544;
18;1;110;16310;
19;1;362;17462;
