****3****
100
870;871;1;2;0;
855;878;1;2;0;
945;918;1;2;0;
912;866;1;2;0;
887;888;1;2;0;
915;855;1;2;0;
910;899;1;2;0;
856;902;1;2;0;
906;940;1;2;0;
877;896;1;2;0;
889;905;1;2;0;
850;863;1;2;0;
875;884;1;2;0;
922;867;1;2;0;
943;911;1;2;0;
917;863;1;2;0;
932;923;1;2;0;
943;927;1;2;0;
943;858;1;2;0;
895;880;1;2;0;
896;860;1;2;0;
885;856;1;2;0;
861;892;1;2;0;
860;917;1;2;0;
882;888;1;2;0;
864;921;1;2;0;
943;916;1;2;0;
886;920;1;2;0;
902;911;1;2;0;
938;895;1;2;0;
872;857;1;2;0;
860;906;1;2;0;
882;854;1;2;0;
883;876;1;2;0;
914;928;1;2;0;
906;860;1;2;0;
890;894;1;2;0;
918;854;1;2;0;
936;929;1;2;0;
873;920;1;2;0;
867;887;1;2;0;
943;912;1;2;0;
905;932;1;2;0;
935;910;1;2;0;
893;875;1;2;0;
855;867;1;2;0;
882;918;1;2;0;
923;915;1;2;0;
874;908;1;2;0;
941;938;1;2;0;
938;949;1;2;820;
878;893;1;2;6472;
934;931;1;2;18848;
858;853;1;2;4950;
895;899;1;2;2226;
903;933;1;2;5953;
863;876;1;2;17496;
920;945;1;2;9671;
888;918;1;2;13237;
864;876;1;2;5066;
852;864;1;2;19136;
850;944;1;2;4445;
869;929;1;2;18189;
914;937;1;2;5795;
881;934;1;2;4441;
858;887;1;2;5905;
924;852;1;2;18502;
863;875;1;2;4812;
886;865;1;2;19999;
875;880;1;2;16498;
906;882;1;2;11238;
889;935;1;2;61;
916;906;1;2;19062;
876;870;1;2;5636;
939;853;1;2;12044;
852;913;1;2;6587;
899;887;1;2;7575;
873;900;1;2;3840;
893;937;1;2;13926;
882;914;1;2;2244;
948;922;1;2;649;
929;862;1;2;9962;
856;880;1;2;15237;
862;906;1;2;12822;
855;895;1;2;7666;
884;949;1;2;13789;
851;899;1;2;3932;
925;874;1;2;17011;
923;917;1;2;8068;
885;949;1;2;1050;
881;948;1;2;12815;
910;879;1;2;6789;
923;885;1;2;20627;
945;897;1;2;16807;
939;902;1;2;12917;
936;888;1;2;1605;
897;942;1;2;570;
896;917;1;2;17605;
945;890;1;2;1812;
885;878;1;2;6399;
0;1;288;288;
1;1;10;910;
2;1;416;2216;
3;1;214;2914;
4;1;272;3872;
5;1;45;4545;
6;1;255;5655;
7;1;248;6548;
8;1;32;7232;
9;1;123;8223;
10;1;143;9143;
11;1;279;10179;
12;1;400;11200;
13;1;184;11884;
14;1;233;12833;
15;1;122;13622;
16;1;420;14820;
17;1;172;15472;
18;1;443;16643;
19;1;68;17168;
