****8****
100
634;585;1;2;0;
727;385;1;2;0;
450;636;1;2;0;
415;515;1;2;0;
808;305;1;2;0;
515;439;1;2;0;
819;878;1;2;0;
153;849;1;2;0;
469;340;1;2;0;
743;620;1;2;0;
120;586;1;2;0;
709;160;1;2;0;
83;189;1;2;0;
514;522;1;2;0;
714;615;1;2;0;
245;447;1;2;0;
352;71;1;2;0;
883;801;1;2;0;
706;397;1;2;0;
467;665;1;2;0;
753;134;1;2;0;
204;723;1;2;0;
163;356;1;2;0;
724;631;1;2;0;
695;566;1;2;0;
403;814;1;2;0;
251;211;1;2;0;
126;333;1;2;0;
452;639;1;2;0;
854;265;1;2;0;
406;198;1;2;0;
711;757;1;2;0;
321;746;1;2;0;
657;126;1;2;0;
242;276;1;2;0;
791;95;1;2;0;
409;146;1;2;0;
869;623;1;2;0;
501;692;1;2;0;
353;348;1;2;0;
357;755;1;2;0;
261;608;1;2;0;
118;438;1;2;0;
92;569;1;2;0;
229;98;1;2;0;
833;634;1;2;0;
295;695;1;2;0;
490;667;1;2;0;
540;298;1;2;0;
845;834;1;2;0;
573;787;1;2;19488;
133;32;1;2;14492;
755;532;1;2;8448;
260;879;1;2;787;
166;292;1;2;13579;
335;781;1;2;5606;
3;109;1;2;16802;
887;742;1;2;4947;
682;383;1;2;18251;
373;733;1;2;3655;
306;457;1;2;15600;
385;590;1;2;14082;
433;496;1;2;16037;
272;807;1;2;13558;
467;73;1;2;20675;
474;407;1;2;191;
520;462;1;2;17493;
715;500;1;2;15509;
304;281;1;2;19408;
612;706;1;2;3908;
864;111;1;2;22090;
50;548;1;2;20215;
219;80;1;2;19165;
72;403;1;2;12498;
803;21;1;2;17768;
77;494;1;2;22366;
131;113;1;2;20651;
346;879;1;2;13075;
455;283;1;2;22214;
46;46;1;2;20145;
421;10;1;2;8021;
300;111;1;2;17123;
873;330;1;2;18024;
193;453;1;2;7380;
319;355;1;2;20272;
518;483;1;2;2775;
327;665;1;2;17291;
597;163;1;2;13117;
466;617;1;2;6994;
668;714;1;2;17173;
675;234;1;2;14098;
845;585;1;2;14452;
713;609;1;2;8734;
661;801;1;2;15147;
110;220;1;2;11873;
532;789;1;2;9961;
496;267;1;2;20312;
676;863;1;2;15416;
834;428;1;2;11866;
375;196;1;2;17278;
0;1;13;13;
1;1;22;922;
2;1;372;2172;
3;1;110;2810;
4;1;18;3618;
5;1;108;4608;
6;1;317;5717;
7;1;281;6581;
8;1;267;7467;
9;1;6;8106;
10;1;93;9093;
11;1;167;10067;
12;1;146;10946;
13;1;254;11954;
14;1;438;13038;
15;1;243;13743;
16;1;336;14736;
17;1;378;15678;
18;1;371;16571;
19;1;433;17533;
