****1****
100
918;877;1;2;0;
856;882;1;2;0;
928;877;1;2;0;
890;866;1;2;0;
948;926;1;2;0;
855;917;1;2;0;
866;917;1;2;0;
883;906;1;2;0;
874;946;1;2;0;
863;906;1;2;0;
860;876;1;2;0;
870;886;1;2;0;
900;925;1;2;0;
871;941;1;2;0;
918;929;1;2;0;
892;887;1;2;0;
908;850;1;2;0;
871;887;1;2;0;
878;911;1;2;0;
855;876;1;2;0;
940;912;1;2;0;
895;908;1;2;0;
879;929;1;2;0;
916;855;1;2;0;
925;881;1;2;0;
911;887;1;2;0;
907;884;1;2;0;
876;909;1;2;0;
859;897;1;2;0;
900;928;1;2;0;
876;894;1;2;0;
917;935;1;2;0;
895;890;1;2;0;
924;875;1;2;0;
904;929;1;2;0;
853;946;1;2;0;
943;898;1;2;0;
904;872;1;2;0;
929;922;1;2;0;
930;856;1;2;0;
853;943;1;2;0;
946;862;1;2;0;
929;872;1;2;0;
921;939;1;2;0;
919;923;1;2;0;
869;897;1;2;0;
868;888;1;2;0;
882;913;1;2;0;
928;908;1;2;0;
890;882;1;2;0;
939;893;1;2;10653;
932;893;1;2;14178;
907;873;1;2;1463;
887;931;1;2;16016;
932;927;1;2;21282;
912;949;1;2;13748;
853;870;1;2;22035;
872;918;1;2;5262;
862;902;1;2;10451;
892;913;1;2;17135;
877;902;1;2;14178;
857;937;1;2;4832;
944;946;1;2;16081;
902;935;1;2;4214;
916;917;1;2;12378;
941;879;1;2;764;
890;882;1;2;20258;
912;856;1;2;15822;
852;868;1;2;16786;
907;863;1;2;11861;
902;890;1;2;2746;
892;949;1;2;16742;
925;895;1;2;14417;
934;948;1;2;17557;
876;866;1;2;2457;
895;909;1;2;15540;
918;949;1;2;12514;
862;863;1;2;21101;
873;865;1;2;9461;
941;922;1;2;17692;
872;926;1;2;13380;
908;868;1;2;7178;
930;896;1;2;2557;
901;880;1;2;979;
904;906;1;2;7752;
927;903;1;2;9865;
880;872;1;2;22151;
917;884;1;2;21641;
908;859;1;2;13599;
922;851;1;2;20266;
949;925;1;2;13777;
868;883;1;2;19017;
939;916;1;2;19402;
903;867;1;2;8512;
869;873;1;2;1270;
851;903;1;2;429;
944;933;1;2;5669;
937;900;1;2;4039;
944;910;1;2;652;
918;883;1;2;1586;
0;1;17;17;
1;1;285;1185;
2;1;378;2178;
3;1;92;2792;
4;1;54;3654;
5;1;211;4711;
6;1;438;5838;
7;1;443;6743;
8;1;379;7579;
9;1;179;8279;
10;1;198;9198;
11;1;296;10196;
12;1;101;10901;
13;1;319;12019;
14;1;322;12922;
15;1;330;13830;
16;1;20;14420;
17;1;275;15575;
18;1;113;16313;
19;1;414;17514;
