****11****
100
884;945;1;2;0;
851;915;1;2;0;
925;874;1;2;0;
877;920;1;2;0;
937;927;1;2;0;
906;865;1;2;0;
883;918;1;2;0;
901;897;1;2;0;
913;927;1;2;0;
851;870;1;2;0;
878;905;1;2;0;
892;933;1;2;0;
864;896;1;2;0;
910;924;1;2;0;
869;855;1;2;0;
900;903;1;2;0;
902;902;1;2;0;
920;929;1;2;0;
926;948;1;2;0;
851;865;1;2;0;
925;908;1;2;0;
881;910;1;2;0;
928;932;1;2;0;
857;943;1;2;0;
861;910;1;2;0;
915;890;1;2;0;
865;858;1;2;0;
873;931;1;2;0;
856;933;1;2;0;
905;927;1;2;0;
890;856;1;2;0;
932;942;1;2;0;
860;903;1;2;0;
873;936;1;2;0;
901;875;1;2;0;
903;928;1;2;0;
885;934;1;2;0;
888;915;1;2;0;
869;948;1;2;0;
861;880;1;2;0;
908;926;1;2;0;
920;876;1;2;0;
886;943;1;2;0;
857;945;1;2;0;
878;865;1;2;0;
922;870;1;2;0;
923;857;1;2;0;
914;933;1;2;0;
910;938;1;2;0;
871;913;1;2;0;
915;924;1;2;22296;
850;909;1;2;9528;
867;928;1;2;21414;
878;910;1;2;719;
855;881;1;2;11440;
943;926;1;2;14081;
938;907;1;2;12041;
863;927;1;2;16204;
870;892;1;2;22362;
930;932;1;2;2265;
893;897;1;2;14557;
886;949;1;2;3695;
917;866;1;2;18444;
947;947;1;2;13670;
935;904;1;2;19226;
901;897;1;2;13931;
874;886;1;2;1453;
863;851;1;2;17167;
876;871;1;2;11211;
921;851;1;2;17245;
938;946;1;2;14248;
930;882;1;2;18958;
933;949;1;2;18164;
866;898;1;2;9634;
908;935;1;2;4977;
884;886;1;2;1624;
885;863;1;2;9054;
895;928;1;2;20150;
935;854;1;2;2834;
916;877;1;2;553;
932;918;1;2;7038;
894;850;1;2;666;
856;934;1;2;13467;
886;850;1;2;21852;
865;860;1;2;15833;
946;895;1;2;18640;
926;882;1;2;11146;
895;880;1;2;16101;
916;865;1;2;16500;
907;883;1;2;13286;
850;865;1;2;19435;
942;910;1;2;16294;
917;868;1;2;7557;
892;904;1;2;12751;
868;871;1;2;546;
929;867;1;2;12668;
878;895;1;2;18046;
941;892;1;2;19217;
881;859;1;2;21556;
878;868;1;2;13774;
0;1;404;404;
1;1;69;969;
2;1;422;2222;
3;1;346;3046;
4;1;263;3863;
5;1;284;4784;
6;1;291;5691;
7;1;431;6731;
8;1;152;7352;
9;1;120;8220;
10;1;275;9275;
11;1;308;10208;
12;1;2;10802;
13;1;345;12045;
14;1;129;12729;
15;1;294;13794;
16;1;224;14624;
17;1;398;15698;
18;1;383;16583;
19;1;105;17205;
