****6****
100
857;910;1;2;0;
915;927;1;2;0;
910;880;1;2;0;
910;904;1;2;0;
899;936;1;2;0;
881;855;1;2;0;
921;895;1;2;0;
913;943;1;2;0;
871;938;1;2;0;
887;873;1;2;0;
872;915;1;2;0;
881;920;1;2;0;
918;946;1;2;0;
896;852;1;2;0;
895;896;1;2;0;
916;854;1;2;0;
908;882;1;2;0;
932;920;1;2;0;
864;944;1;2;0;
875;865;1;2;0;
930;858;1;2;0;
871;902;1;2;0;
856;886;1;2;0;
895;877;1;2;0;
874;884;1;2;0;
852;896;1;2;0;
902;935;1;2;0;
866;870;1;2;0;
883;864;1;2;0;
924;928;1;2;0;
863;890;1;2;0;
933;921;1;2;0;
874;915;1;2;0;
892;888;1;2;0;
909;917;1;2;0;
856;941;1;2;0;
877;877;1;2;0;
893;883;1;2;0;
913;890;1;2;0;
862;889;1;2;0;
925;864;1;2;0;
935;877;1;2;0;
902;904;1;2;0;
949;935;1;2;0;
918;923;1;2;0;
866;931;1;2;0;
915;949;1;2;0;
855;940;1;2;0;
866;897;1;2;0;
930;877;1;2;0;
916;936;1;2;15353;
943;915;1;2;16884;
929;878;1;2;7596;
941;869;1;2;8529;
908;855;1;2;19652;
912;861;1;2;20561;
897;881;1;2;19901;
865;863;1;2;15092;
864;868;1;2;20966;
932;867;1;2;13211;
859;885;1;2;7429;
878;930;1;2;2362;
892;909;1;2;17377;
946;853;1;2;6854;
928;863;1;2;17922;
936;925;1;2;6127;
896;924;1;2;5620;
928;940;1;2;17347;
926;906;1;2;21259;
866;889;1;2;14497;
935;898;1;2;370;
894;878;1;2;5965;
866;872;1;2;19032;
919;869;1;2;20979;
892;899;1;2;4516;
873;937;1;2;12498;
914;883;1;2;12907;
938;862;1;2;12533;
875;938;1;2;548;
934;855;1;2;4284;
910;892;1;2;9157;
921;936;1;2;8021;
912;904;1;2;17758;
915;926;1;2;12756;
873;920;1;2;1544;
944;943;1;2;15567;
942;859;1;2;19674;
915;947;1;2;10184;
881;924;1;2;3272;
852;908;1;2;8111;
914;920;1;2;5786;
877;891;1;2;14435;
868;906;1;2;13919;
881;923;1;2;10907;
918;899;1;2;12253;
903;893;1;2;2670;
876;938;1;2;21494;
883;855;1;2;7927;
901;886;1;2;12524;
860;889;1;2;12627;
0;1;277;277;
1;1;306;1206;
2;1;407;2207;
3;1;187;2887;
4;1;433;4033;
5;1;201;4701;
6;1;383;5783;
7;1;151;6451;
8;1;359;7559;
9;1;136;8236;
10;1;85;9085;
11;1;382;10282;
12;1;314;11114;
13;1;3;11703;
14;1;181;12781;
15;1;363;13863;
16;1;406;14806;
17;1;377;15677;
18;1;7;16207;
19;1;33;17133;
