****9****
100
871;916;1;2;0;
937;890;1;2;0;
903;890;1;2;0;
884;943;1;2;0;
862;885;1;2;0;
875;864;1;2;0;
905;867;1;2;0;
900;873;1;2;0;
923;939;1;2;0;
890;859;1;2;0;
916;878;1;2;0;
911;904;1;2;0;
861;923;1;2;0;
870;911;1;2;0;
884;910;1;2;0;
872;857;1;2;0;
876;859;1;2;0;
897;930;1;2;0;
852;932;1;2;0;
875;864;1;2;0;
867;900;1;2;0;
931;874;1;2;0;
869;881;1;2;0;
949;942;1;2;0;
922;941;1;2;0;
851;888;1;2;0;
870;913;1;2;0;
942;933;1;2;0;
938;862;1;2;0;
946;924;1;2;0;
922;868;1;2;0;
931;901;1;2;0;
930;930;1;2;0;
933;932;1;2;0;
912;858;1;2;0;
898;881;1;2;0;
908;879;1;2;0;
857;879;1;2;0;
862;856;1;2;0;
871;934;1;2;0;
900;872;1;2;0;
872;920;1;2;0;
887;917;1;2;0;
855;927;1;2;0;
881;903;1;2;0;
901;854;1;2;0;
873;934;1;2;0;
857;853;1;2;0;
915;940;1;2;0;
935;929;1;2;0;
948;936;1;2;12677;
858;865;1;2;16058;
887;930;1;2;17105;
908;914;1;2;15075;
882;889;1;2;15141;
872;856;1;2;21255;
949;887;1;2;7024;
901;943;1;2;3664;
937;850;1;2;19672;
854;940;1;2;9482;
934;890;1;2;21306;
949;898;1;2;22267;
871;887;1;2;18249;
852;945;1;2;19396;
883;930;1;2;9575;
936;852;1;2;3771;
946;851;1;2;7345;
909;854;1;2;7827;
948;942;1;2;8792;
890;946;1;2;5130;
869;882;1;2;13303;
935;881;1;2;13188;
868;855;1;2;5868;
881;857;1;2;143;
910;943;1;2;16116;
927;881;1;2;8328;
853;878;1;2;17684;
917;889;1;2;17252;
879;939;1;2;13534;
889;879;1;2;18648;
893;899;1;2;21519;
938;884;1;2;13408;
884;854;1;2;21081;
915;885;1;2;5932;
945;945;1;2;5538;
856;874;1;2;747;
868;930;1;2;2104;
934;949;1;2;17716;
905;878;1;2;16956;
867;869;1;2;20577;
878;865;1;2;3770;
874;853;1;2;11425;
901;887;1;2;9015;
885;904;1;2;4080;
928;852;1;2;16017;
865;858;1;2;21190;
933;928;1;2;871;
881;913;1;2;8490;
920;868;1;2;5788;
949;937;1;2;14434;
0;1;409;409;
1;1;17;917;
2;1;106;1906;
3;1;18;2718;
4;1;393;3993;
5;1;109;4609;
6;1;62;5462;
7;1;196;6496;
8;1;149;7349;
9;1;261;8361;
10;1;381;9381;
11;1;105;10005;
12;1;98;10898;
13;1;161;11861;
14;1;409;13009;
15;1;32;13532;
16;1;428;14828;
17;1;317;15617;
18;1;390;16590;
19;1;213;17313;
