****19****
100
867;871;1;2;0;
864;893;1;2;0;
920;852;1;2;0;
933;850;1;2;0;
927;944;1;2;0;
880;945;1;2;0;
942;853;1;2;0;
893;936;1;2;0;
908;947;1;2;0;
915;859;1;2;0;
887;858;1;2;0;
860;922;1;2;0;
944;873;1;2;0;
896;874;1;2;0;
883;939;1;2;0;
897;900;1;2;0;
861;912;1;2;0;
895;931;1;2;0;
866;878;1;2;0;
883;895;1;2;0;
924;865;1;2;0;
891;917;1;2;0;
868;886;1;2;0;
903;927;1;2;0;
935;920;1;2;0;
888;925;1;2;0;
880;898;1;2;0;
897;926;1;2;0;
873;895;1;2;0;
902;907;1;2;0;
884;850;1;2;0;
909;895;1;2;0;
864;855;1;2;0;
928;880;1;2;0;
935;914;1;2;0;
925;910;1;2;0;
929;918;1;2;0;
929;948;1;2;0;
907;934;1;2;0;
877;892;1;2;0;
856;915;1;2;0;
919;886;1;2;0;
916;866;1;2;0;
915;939;1;2;0;
911;867;1;2;0;
948;946;1;2;0;
919;908;1;2;0;
943;933;1;2;0;
865;874;1;2;0;
915;850;1;2;0;
938;891;1;2;19619;
869;859;1;2;21606;
919;916;1;2;14760;
946;911;1;2;1917;
912;880;1;2;7921;
930;949;1;2;19700;
919;862;1;2;5993;
870;910;1;2;10709;
928;904;1;2;18906;
895;880;1;2;5542;
947;920;1;2;21456;
912;939;1;2;14090;
903;909;1;2;21328;
883;857;1;2;17084;
916;871;1;2;15724;
938;851;1;2;7775;
877;873;1;2;675;
886;893;1;2;12924;
916;923;1;2;21150;
877;868;1;2;20078;
856;917;1;2;10154;
928;879;1;2;5589;
910;885;1;2;19432;
862;918;1;2;223;
875;884;1;2;17471;
870;925;1;2;3422;
865;904;1;2;2155;
924;892;1;2;76;
891;858;1;2;1815;
917;938;1;2;22143;
920;896;1;2;20394;
946;927;1;2;5477;
913;939;1;2;10792;
891;851;1;2;6097;
924;876;1;2;5102;
931;948;1;2;15727;
940;915;1;2;12670;
923;889;1;2;13718;
898;883;1;2;17786;
949;850;1;2;11655;
919;872;1;2;11576;
856;920;1;2;16503;
922;935;1;2;7317;
876;876;1;2;17138;
897;903;1;2;6256;
853;936;1;2;2187;
888;926;1;2;1999;
930;900;1;2;18157;
914;900;1;2;6793;
858;851;1;2;849;
0;1;192;192;
1;1;121;1021;
2;1;292;2092;
3;1;173;2873;
4;1;277;3877;
5;1;262;4762;
6;1;83;5483;
7;1;352;6652;
8;1;48;7248;
9;1;32;8132;
10;1;128;9128;
11;1;424;10324;
12;1;132;10932;
13;1;275;11975;
14;1;229;12829;
15;1;360;13860;
16;1;381;14781;
17;1;266;15566;
18;1;236;16436;
19;1;169;17269;
