****1****
100
311;370;1;2;0;
318;384;1;2;0;
383;367;1;2;0;
392;328;1;2;0;
363;326;1;2;0;
346;350;1;2;0;
350;375;1;2;0;
341;327;1;2;0;
345;344;1;2;0;
320;358;1;2;0;
387;304;1;2;0;
316;311;1;2;0;
372;343;1;2;0;
353;382;1;2;0;
304;304;1;2;0;
301;315;1;2;0;
375;371;1;2;0;
399;358;1;2;0;
339;391;1;2;0;
338;302;1;2;0;
370;384;1;2;0;
305;320;1;2;0;
360;398;1;2;0;
399;357;1;2;0;
342;371;1;2;0;
316;381;1;2;0;
375;332;1;2;0;
344;399;1;2;0;
376;398;1;2;0;
334;332;1;2;0;
354;335;1;2;0;
348;329;1;2;0;
307;347;1;2;0;
339;346;1;2;0;
391;377;1;2;0;
300;361;1;2;0;
314;357;1;2;0;
333;326;1;2;0;
355;332;1;2;0;
383;397;1;2;0;
303;351;1;2;0;
378;331;1;2;0;
384;323;1;2;0;
382;312;1;2;0;
373;316;1;2;0;
344;327;1;2;0;
352;344;1;2;0;
309;311;1;2;0;
392;300;1;2;0;
357;335;1;2;0;
330;357;1;2;6892;
344;315;1;2;6288;
370;322;1;2;906;
305;372;1;2;2628;
357;350;1;2;4785;
341;325;1;2;951;
305;350;1;2;3890;
349;378;1;2;5787;
394;387;1;2;7840;
338;339;1;2;8564;
325;369;1;2;2867;
373;313;1;2;2398;
354;335;1;2;5376;
319;341;1;2;3069;
335;398;1;2;3359;
387;391;1;2;7327;
369;396;1;2;6050;
319;397;1;2;5287;
322;343;1;2;7246;
335;381;1;2;8579;
358;306;1;2;7225;
338;331;1;2;1088;
337;385;1;2;2701;
306;304;1;2;393;
300;392;1;2;7197;
396;379;1;2;6704;
317;300;1;2;1089;
341;319;1;2;6029;
343;341;1;2;7239;
384;329;1;2;7612;
365;387;1;2;7875;
367;377;1;2;6167;
382;314;1;2;3028;
385;372;1;2;8113;
329;324;1;2;6550;
323;320;1;2;375;
308;390;1;2;5040;
389;331;1;2;4185;
320;375;1;2;6345;
394;311;1;2;7862;
301;376;1;2;2799;
315;343;1;2;8524;
313;378;1;2;7184;
348;363;1;2;4156;
387;345;1;2;2508;
371;368;1;2;2852;
333;377;1;2;762;
348;318;1;2;8290;
382;390;1;2;1470;
309;384;1;2;8051;
0;1;117;117;
1;1;137;487;
2;1;99;799;
3;1;112;1162;
4;1;129;1529;
5;1;118;1868;
6;1;8;2108;
7;1;119;2569;
8;1;148;2948;
9;1;146;3296;
10;1;167;3667;
11;1;61;3911;
12;1;57;4257;
13;1;132;4682;
14;1;106;5006;
15;1;45;5295;
16;1;53;5653;
17;1;50;6000;
18;1;28;6328;
19;1;38;6688;
