****18****
100
334;362;1;2;0;
357;322;1;2;0;
377;365;1;2;0;
373;359;1;2;0;
388;347;1;2;0;
397;331;1;2;0;
314;386;1;2;0;
358;306;1;2;0;
334;300;1;2;0;
318;313;1;2;0;
354;394;1;2;0;
392;378;1;2;0;
379;330;1;2;0;
304;372;1;2;0;
396;360;1;2;0;
385;331;1;2;0;
322;342;1;2;0;
353;352;1;2;0;
359;326;1;2;0;
363;347;1;2;0;
325;313;1;2;0;
379;391;1;2;0;
351;389;1;2;0;
397;386;1;2;0;
389;368;1;2;0;
399;396;1;2;0;
362;391;1;2;0;
374;394;1;2;0;
373;331;1;2;0;
366;370;1;2;0;
391;351;1;2;0;
353;366;1;2;0;
345;306;1;2;0;
318;304;1;2;0;
385;333;1;2;0;
352;362;1;2;0;
346;383;1;2;0;
354;398;1;2;0;
372;303;1;2;0;
384;313;1;2;0;
371;335;1;2;0;
309;334;1;2;0;
326;384;1;2;0;
328;352;1;2;0;
315;394;1;2;0;
322;358;1;2;0;
397;375;1;2;0;
324;394;1;2;0;
333;342;1;2;0;
398;370;1;2;0;
376;302;1;2;5537;
374;337;1;2;3394;
324;309;1;2;8654;
360;323;1;2;3865;
395;384;1;2;1024;
374;320;1;2;6406;
326;335;1;2;3157;
300;346;1;2;6489;
375;370;1;2;2062;
308;365;1;2;1871;
379;393;1;2;3668;
364;367;1;2;6640;
303;392;1;2;477;
345;352;1;2;5513;
359;300;1;2;1035;
307;374;1;2;7597;
335;352;1;2;5157;
309;352;1;2;2736;
332;327;1;2;3234;
349;387;1;2;4723;
317;318;1;2;983;
387;382;1;2;5666;
394;385;1;2;332;
311;331;1;2;8030;
355;390;1;2;70;
332;350;1;2;5189;
381;337;1;2;6466;
317;399;1;2;5719;
300;383;1;2;6187;
353;333;1;2;4552;
371;350;1;2;6379;
382;337;1;2;2450;
312;383;1;2;5164;
387;347;1;2;5672;
314;302;1;2;7839;
341;386;1;2;3939;
346;319;1;2;6380;
303;337;1;2;3565;
312;337;1;2;7985;
352;390;1;2;7202;
379;313;1;2;3087;
325;347;1;2;8059;
306;359;1;2;2506;
372;346;1;2;7407;
321;312;1;2;5023;
312;305;1;2;2141;
306;351;1;2;3607;
389;354;1;2;79;
319;318;1;2;43;
384;322;1;2;3984;
0;1;36;36;
1;1;53;403;
2;1;14;714;
3;1;11;1061;
4;1;103;1503;
5;1;161;1911;
6;1;53;2153;
7;1;34;2484;
8;1;148;2948;
9;1;26;3176;
10;1;33;3533;
11;1;144;3994;
12;1;148;4348;
13;1;31;4581;
14;1;159;5059;
15;1;74;5324;
16;1;71;5671;
17;1;14;5964;
18;1;12;6312;
19;1;79;6729;
