****17****
100
375;356;1;2;0;
345;371;1;2;0;
384;382;1;2;0;
381;363;1;2;0;
398;337;1;2;0;
348;386;1;2;0;
333;371;1;2;0;
309;363;1;2;0;
343;391;1;2;0;
316;372;1;2;0;
345;390;1;2;0;
341;342;1;2;0;
369;387;1;2;0;
363;340;1;2;0;
375;338;1;2;0;
311;302;1;2;0;
394;356;1;2;0;
373;330;1;2;0;
390;354;1;2;0;
393;388;1;2;0;
344;342;1;2;0;
327;329;1;2;0;
365;336;1;2;0;
392;309;1;2;0;
379;360;1;2;0;
333;377;1;2;0;
351;326;1;2;0;
319;320;1;2;0;
366;334;1;2;0;
312;341;1;2;0;
372;323;1;2;0;
343;366;1;2;0;
331;316;1;2;0;
397;321;1;2;0;
323;342;1;2;0;
362;367;1;2;0;
384;341;1;2;0;
348;302;1;2;0;
377;340;1;2;0;
311;357;1;2;0;
352;396;1;2;0;
386;303;1;2;0;
322;305;1;2;0;
375;340;1;2;0;
392;340;1;2;0;
381;364;1;2;0;
363;376;1;2;0;
331;347;1;2;0;
393;380;1;2;0;
320;368;1;2;0;
322;382;1;2;1509;
359;375;1;2;6807;
361;353;1;2;3842;
324;362;1;2;2523;
320;348;1;2;8071;
394;305;1;2;8143;
335;397;1;2;853;
368;314;1;2;3331;
345;345;1;2;6423;
390;377;1;2;7977;
358;399;1;2;429;
397;310;1;2;7306;
332;371;1;2;5339;
359;395;1;2;322;
338;367;1;2;2725;
373;314;1;2;2026;
384;301;1;2;3299;
334;369;1;2;8124;
300;314;1;2;8162;
365;304;1;2;4198;
399;314;1;2;7850;
319;311;1;2;1809;
362;395;1;2;1760;
363;354;1;2;4740;
325;345;1;2;8019;
388;370;1;2;4160;
356;306;1;2;3512;
325;393;1;2;115;
309;393;1;2;5616;
337;311;1;2;3211;
395;310;1;2;3482;
304;381;1;2;4935;
323;343;1;2;5628;
366;358;1;2;3651;
357;384;1;2;1529;
367;372;1;2;7333;
391;380;1;2;5953;
316;305;1;2;6995;
362;366;1;2;8040;
323;304;1;2;6759;
341;351;1;2;5380;
373;355;1;2;4332;
320;330;1;2;5171;
311;349;1;2;4487;
309;358;1;2;5602;
303;377;1;2;8241;
320;368;1;2;5931;
344;336;1;2;7721;
308;350;1;2;7236;
370;374;1;2;3886;
0;1;42;42;
1;1;91;441;
2;1;65;765;
3;1;102;1152;
4;1;116;1516;
5;1;22;1772;
6;1;118;2218;
7;1;38;2488;
8;1;4;2804;
9;1;53;3203;
10;1;75;3575;
11;1;153;4003;
12;1;173;4373;
13;1;136;4686;
14;1;13;4913;
15;1;152;5402;
16;1;41;5641;
17;1;40;5990;
18;1;130;6430;
19;1;164;6814;
