****9****
100
376;318;1;2;0;
388;351;1;2;0;
397;346;1;2;0;
326;328;1;2;0;
364;368;1;2;0;
336;315;1;2;0;
356;300;1;2;0;
381;340;1;2;0;
311;303;1;2;0;
397;306;1;2;0;
326;350;1;2;0;
317;370;1;2;0;
378;388;1;2;0;
356;335;1;2;0;
374;331;1;2;0;
330;351;1;2;0;
349;318;1;2;0;
354;398;1;2;0;
316;332;1;2;0;
378;333;1;2;0;
300;366;1;2;0;
348;356;1;2;0;
366;381;1;2;0;
349;377;1;2;0;
384;398;1;2;0;
335;362;1;2;0;
348;353;1;2;0;
332;327;1;2;0;
393;340;1;2;0;
362;368;1;2;0;
371;345;1;2;0;
371;372;1;2;0;
315;325;1;2;0;
370;332;1;2;0;
357;348;1;2;0;
317;310;1;2;0;
367;317;1;2;0;
318;333;1;2;0;
398;319;1;2;0;
363;334;1;2;0;
317;398;1;2;0;
396;318;1;2;0;
303;380;1;2;0;
397;349;1;2;0;
321;311;1;2;0;
317;344;1;2;0;
356;388;1;2;0;
317;372;1;2;0;
365;339;1;2;0;
356;374;1;2;0;
340;325;1;2;4442;
307;342;1;2;8289;
340;340;1;2;2433;
355;374;1;2;6483;
306;322;1;2;4581;
309;354;1;2;6304;
310;375;1;2;2463;
327;372;1;2;6414;
367;341;1;2;2961;
332;380;1;2;2727;
359;320;1;2;1968;
343;327;1;2;3065;
346;320;1;2;8401;
321;327;1;2;6956;
313;333;1;2;2515;
323;395;1;2;6952;
382;305;1;2;5944;
300;333;1;2;6966;
327;352;1;2;5923;
326;337;1;2;1233;
333;396;1;2;7786;
317;339;1;2;5404;
391;338;1;2;522;
357;311;1;2;6861;
349;324;1;2;1077;
363;399;1;2;4884;
384;381;1;2;6599;
380;333;1;2;7833;
348;361;1;2;8446;
309;339;1;2;1795;
350;325;1;2;6400;
312;342;1;2;3200;
354;386;1;2;735;
367;343;1;2;7189;
308;345;1;2;5793;
383;360;1;2;1128;
304;344;1;2;8249;
379;324;1;2;3366;
339;324;1;2;4646;
304;385;1;2;3550;
305;336;1;2;5553;
303;300;1;2;6873;
392;306;1;2;4826;
319;326;1;2;7813;
309;334;1;2;5287;
323;369;1;2;5765;
340;374;1;2;1448;
338;353;1;2;4280;
369;345;1;2;726;
314;301;1;2;2709;
0;1;49;49;
1;1;107;457;
2;1;85;785;
3;1;85;1135;
4;1;10;1410;
5;1;36;1786;
6;1;11;2111;
7;1;4;2454;
8;1;42;2842;
9;1;26;3176;
10;1;125;3625;
11;1;93;3943;
12;1;84;4284;
13;1;109;4659;
14;1;55;4955;
15;1;139;5389;
16;1;34;5634;
17;1;99;6049;
18;1;4;6304;
19;1;124;6774;
