****13****
100
362;343;1;2;0;
318;343;1;2;0;
308;363;1;2;0;
353;357;1;2;0;
302;391;1;2;0;
343;315;1;2;0;
312;389;1;2;0;
318;384;1;2;0;
328;309;1;2;0;
380;327;1;2;0;
341;386;1;2;0;
334;308;1;2;0;
339;397;1;2;0;
319;321;1;2;0;
313;342;1;2;0;
331;375;1;2;0;
385;302;1;2;0;
319;346;1;2;0;
365;324;1;2;0;
355;319;1;2;0;
315;350;1;2;0;
335;327;1;2;0;
340;305;1;2;0;
311;368;1;2;0;
366;343;1;2;0;
396;307;1;2;0;
381;382;1;2;0;
315;321;1;2;0;
379;387;1;2;0;
394;392;1;2;0;
381;378;1;2;0;
320;366;1;2;0;
380;391;1;2;0;
364;397;1;2;0;
315;319;1;2;0;
316;382;1;2;0;
370;303;1;2;0;
309;362;1;2;0;
308;372;1;2;0;
382;374;1;2;0;
368;330;1;2;0;
334;349;1;2;0;
312;301;1;2;0;
370;344;1;2;0;
388;317;1;2;0;
388;321;1;2;0;
395;360;1;2;0;
340;327;1;2;0;
351;304;1;2;0;
324;318;1;2;0;
376;340;1;2;7758;
398;396;1;2;3049;
360;304;1;2;6877;
394;331;1;2;4512;
325;365;1;2;8683;
389;366;1;2;5460;
385;307;1;2;6706;
374;328;1;2;5736;
334;368;1;2;3530;
338;325;1;2;3343;
356;353;1;2;6043;
309;351;1;2;259;
370;363;1;2;3682;
304;309;1;2;8333;
306;334;1;2;828;
358;376;1;2;1117;
384;361;1;2;3299;
375;387;1;2;1514;
365;374;1;2;5849;
382;312;1;2;1651;
323;320;1;2;2854;
356;381;1;2;2164;
338;352;1;2;5884;
324;356;1;2;2848;
341;315;1;2;5112;
375;373;1;2;3925;
327;357;1;2;5770;
387;384;1;2;6671;
327;301;1;2;4375;
387;383;1;2;6652;
325;358;1;2;6663;
363;366;1;2;3414;
305;304;1;2;5958;
361;328;1;2;6419;
327;321;1;2;6559;
328;396;1;2;6311;
356;376;1;2;2384;
398;363;1;2;4485;
328;342;1;2;848;
383;381;1;2;1005;
303;306;1;2;5298;
343;370;1;2;5269;
316;327;1;2;1179;
342;340;1;2;8460;
376;368;1;2;6193;
373;348;1;2;6956;
347;304;1;2;368;
330;355;1;2;7230;
397;335;1;2;2803;
365;370;1;2;1688;
0;1;119;119;
1;1;174;524;
2;1;29;729;
3;1;82;1132;
4;1;17;1417;
5;1;1;1751;
6;1;159;2259;
7;1;61;2511;
8;1;155;2955;
9;1;68;3218;
10;1;103;3603;
11;1;21;3871;
12;1;6;4206;
13;1;129;4679;
14;1;64;4964;
15;1;165;5415;
16;1;4;5604;
17;1;137;6087;
18;1;97;6397;
19;1;103;6753;
