****7****
100
393;361;1;2;0;
350;334;1;2;0;
381;314;1;2;0;
335;324;1;2;0;
338;394;1;2;0;
354;338;1;2;0;
389;324;1;2;0;
306;319;1;2;0;
316;336;1;2;0;
345;350;1;2;0;
377;342;1;2;0;
391;388;1;2;0;
361;321;1;2;0;
314;371;1;2;0;
392;317;1;2;0;
398;337;1;2;0;
330;301;1;2;0;
371;311;1;2;0;
367;307;1;2;0;
387;305;1;2;0;
353;394;1;2;0;
343;343;1;2;0;
318;349;1;2;0;
362;334;1;2;0;
338;360;1;2;0;
384;315;1;2;0;
302;327;1;2;0;
303;363;1;2;0;
301;369;1;2;0;
387;345;1;2;0;
338;337;1;2;0;
382;368;1;2;0;
338;305;1;2;0;
331;306;1;2;0;
364;319;1;2;0;
311;318;1;2;0;
365;355;1;2;0;
313;383;1;2;0;
356;327;1;2;0;
369;346;1;2;0;
387;305;1;2;0;
361;389;1;2;0;
333;316;1;2;0;
305;386;1;2;0;
385;392;1;2;0;
331;375;1;2;0;
329;365;1;2;0;
343;320;1;2;0;
370;375;1;2;0;
326;387;1;2;0;
346;389;1;2;671;
311;396;1;2;3875;
394;305;1;2;7906;
315;351;1;2;4915;
320;313;1;2;6747;
305;381;1;2;2851;
391;367;1;2;2352;
374;342;1;2;8366;
339;338;1;2;2337;
362;365;1;2;1014;
301;311;1;2;7739;
358;322;1;2;7207;
328;368;1;2;1167;
377;383;1;2;3506;
314;303;1;2;5525;
393;309;1;2;4507;
376;352;1;2;7228;
304;327;1;2;6741;
313;318;1;2;3755;
390;332;1;2;4979;
397;333;1;2;7522;
393;391;1;2;1803;
386;371;1;2;5972;
336;301;1;2;8226;
338;315;1;2;7150;
352;360;1;2;2848;
300;337;1;2;3192;
367;393;1;2;1067;
377;306;1;2;2359;
376;348;1;2;7545;
341;345;1;2;3292;
316;390;1;2;5022;
314;329;1;2;7861;
331;365;1;2;2212;
380;303;1;2;4742;
384;308;1;2;4698;
349;308;1;2;7931;
366;376;1;2;8043;
363;305;1;2;7650;
326;381;1;2;6340;
373;322;1;2;7876;
306;339;1;2;2747;
383;305;1;2;910;
331;336;1;2;6533;
332;368;1;2;2870;
348;304;1;2;1198;
377;305;1;2;3275;
343;372;1;2;7577;
354;335;1;2;3344;
371;313;1;2;333;
0;1;87;87;
1;1;14;364;
2;1;11;711;
3;1;74;1124;
4;1;123;1523;
5;1;77;1827;
6;1;102;2202;
7;1;81;2531;
8;1;34;2834;
9;1;108;3258;
10;1;164;3664;
11;1;122;3972;
12;1;57;4257;
13;1;71;4621;
14;1;41;4941;
15;1;10;5260;
16;1;171;5771;
17;1;72;6022;
18;1;145;6445;
19;1;149;6799;
