****15****
100
310;358;1;2;0;
339;369;1;2;0;
360;332;1;2;0;
337;380;1;2;0;
334;360;1;2;0;
300;399;1;2;0;
307;353;1;2;0;
399;334;1;2;0;
390;396;1;2;0;
316;305;1;2;0;
385;388;1;2;0;
328;360;1;2;0;
300;313;1;2;0;
319;301;1;2;0;
385;337;1;2;0;
342;347;1;2;0;
395;381;1;2;0;
368;355;1;2;0;
366;305;1;2;0;
335;300;1;2;0;
317;388;1;2;0;
300;377;1;2;0;
393;351;1;2;0;
363;383;1;2;0;
348;379;1;2;0;
340;385;1;2;0;
367;320;1;2;0;
346;368;1;2;0;
333;317;1;2;0;
321;370;1;2;0;
354;363;1;2;0;
317;349;1;2;0;
345;386;1;2;0;
356;311;1;2;0;
343;392;1;2;0;
363;313;1;2;0;
332;315;1;2;0;
390;325;1;2;0;
367;353;1;2;0;
360;367;1;2;0;
384;300;1;2;0;
352;352;1;2;0;
320;398;1;2;0;
372;305;1;2;0;
316;345;1;2;0;
376;370;1;2;0;
308;393;1;2;0;
372;305;1;2;0;
331;328;1;2;0;
368;327;1;2;0;
320;384;1;2;6024;
304;351;1;2;7151;
329;370;1;2;2166;
341;337;1;2;900;
341;390;1;2;1874;
313;340;1;2;4009;
319;308;1;2;3034;
395;379;1;2;6181;
340;351;1;2;8384;
324;331;1;2;8343;
351;304;1;2;7503;
391;308;1;2;4949;
373;390;1;2;2115;
360;331;1;2;3884;
331;325;1;2;2103;
307;338;1;2;411;
354;357;1;2;4924;
399;304;1;2;6540;
304;397;1;2;7087;
314;373;1;2;7937;
345;324;1;2;6990;
312;367;1;2;217;
331;392;1;2;8194;
320;352;1;2;2811;
398;335;1;2;7631;
367;342;1;2;3499;
376;349;1;2;7525;
345;300;1;2;6755;
394;304;1;2;4621;
345;370;1;2;3893;
380;368;1;2;4837;
367;380;1;2;4726;
315;363;1;2;1960;
300;383;1;2;4707;
369;382;1;2;5117;
363;349;1;2;8064;
396;377;1;2;6059;
338;374;1;2;7886;
388;368;1;2;5225;
384;366;1;2;711;
304;398;1;2;5687;
301;366;1;2;4152;
364;381;1;2;1309;
320;333;1;2;8022;
379;303;1;2;7674;
374;318;1;2;8370;
364;314;1;2;1770;
302;304;1;2;1550;
393;393;1;2;8499;
335;329;1;2;3453;
0;1;101;101;
1;1;11;361;
2;1;37;737;
3;1;159;1209;
4;1;87;1487;
5;1;155;1905;
6;1;175;2275;
7;1;52;2502;
8;1;136;2936;
9;1;154;3304;
10;1;49;3549;
11;1;46;3896;
12;1;166;4366;
13;1;128;4678;
14;1;24;4924;
15;1;13;5263;
16;1;55;5655;
17;1;95;6045;
18;1;158;6458;
19;1;96;6746;
