****4****
100
370;342;1;2;0;
372;332;1;2;0;
382;301;1;2;0;
315;333;1;2;0;
379;372;1;2;0;
302;361;1;2;0;
312;317;1;2;0;
329;315;1;2;0;
371;388;1;2;0;
382;376;1;2;0;
370;331;1;2;0;
331;301;1;2;0;
366;343;1;2;0;
331;390;1;2;0;
313;381;1;2;0;
338;383;1;2;0;
375;311;1;2;0;
315;357;1;2;0;
364;331;1;2;0;
391;395;1;2;0;
355;345;1;2;0;
357;367;1;2;0;
315;386;1;2;0;
335;338;1;2;0;
374;369;1;2;0;
314;344;1;2;0;
300;397;1;2;0;
397;367;1;2;0;
340;381;1;2;0;
309;353;1;2;0;
314;348;1;2;0;
389;389;1;2;0;
311;304;1;2;0;
399;375;1;2;0;
387;342;1;2;0;
370;342;1;2;0;
339;379;1;2;0;
362;354;1;2;0;
365;349;1;2;0;
344;392;1;2;0;
370;358;1;2;0;
388;322;1;2;0;
355;338;1;2;0;
389;347;1;2;0;
319;399;1;2;0;
301;385;1;2;0;
399;342;1;2;0;
374;310;1;2;0;
398;325;1;2;0;
337;386;1;2;0;
319;359;1;2;800;
359;339;1;2;8205;
365;356;1;2;4347;
310;300;1;2;8521;
320;341;1;2;2734;
376;379;1;2;1281;
375;350;1;2;8326;
328;335;1;2;3938;
370;361;1;2;773;
369;339;1;2;5612;
307;358;1;2;4298;
339;317;1;2;6452;
334;383;1;2;5673;
329;393;1;2;119;
395;313;1;2;2433;
335;341;1;2;2843;
364;369;1;2;4866;
345;397;1;2;7082;
376;368;1;2;1847;
318;389;1;2;4708;
348;396;1;2;4554;
390;335;1;2;28;
323;321;1;2;637;
365;303;1;2;613;
307;398;1;2;8012;
342;385;1;2;1732;
356;349;1;2;7752;
320;346;1;2;6601;
371;323;1;2;3816;
335;341;1;2;4136;
339;341;1;2;4165;
349;384;1;2;4703;
380;359;1;2;8207;
395;376;1;2;7271;
354;335;1;2;4667;
379;377;1;2;3129;
398;333;1;2;6939;
385;305;1;2;3922;
370;328;1;2;1016;
327;316;1;2;1996;
373;355;1;2;3723;
315;356;1;2;7495;
397;336;1;2;2514;
352;383;1;2;202;
358;338;1;2;3681;
314;369;1;2;6631;
307;367;1;2;6147;
349;305;1;2;7093;
390;375;1;2;7802;
302;303;1;2;4370;
0;1;10;10;
1;1;29;379;
2;1;106;806;
3;1;159;1209;
4;1;145;1545;
5;1;112;1862;
6;1;143;2243;
7;1;119;2569;
8;1;25;2825;
9;1;162;3312;
10;1;146;3646;
11;1;36;3886;
12;1;108;4308;
13;1;56;4606;
14;1;151;5051;
15;1;116;5366;
16;1;47;5647;
17;1;70;6020;
18;1;76;6376;
19;1;106;6756;
