****2****
100
328;325;1;2;0;
310;398;1;2;0;
306;344;1;2;0;
389;315;1;2;0;
306;373;1;2;0;
387;324;1;2;0;
311;335;1;2;0;
385;317;1;2;0;
379;319;1;2;0;
387;301;1;2;0;
340;354;1;2;0;
387;323;1;2;0;
312;369;1;2;0;
342;389;1;2;0;
320;369;1;2;0;
351;348;1;2;0;
346;314;1;2;0;
347;305;1;2;0;
310;388;1;2;0;
372;316;1;2;0;
313;359;1;2;0;
340;325;1;2;0;
394;326;1;2;0;
394;326;1;2;0;
345;381;1;2;0;
327;337;1;2;0;
387;314;1;2;0;
361;399;1;2;0;
336;303;1;2;0;
340;356;1;2;0;
325;392;1;2;0;
305;371;1;2;0;
358;304;1;2;0;
376;368;1;2;0;
392;300;1;2;0;
337;305;1;2;0;
359;329;1;2;0;
382;306;1;2;0;
355;328;1;2;0;
332;353;1;2;0;
310;359;1;2;0;
342;349;1;2;0;
326;303;1;2;0;
349;362;1;2;0;
359;389;1;2;0;
370;384;1;2;0;
333;375;1;2;0;
307;343;1;2;0;
331;336;1;2;0;
312;375;1;2;0;
336;301;1;2;1030;
348;330;1;2;251;
354;338;1;2;4796;
338;343;1;2;3791;
349;385;1;2;5087;
375;341;1;2;5195;
389;300;1;2;3271;
360;336;1;2;4230;
387;343;1;2;905;
371;379;1;2;6127;
346;368;1;2;7914;
379;316;1;2;1766;
347;322;1;2;2765;
391;360;1;2;1684;
349;309;1;2;5052;
304;337;1;2;5353;
361;378;1;2;7253;
359;390;1;2;6665;
342;378;1;2;8079;
321;349;1;2;7690;
312;347;1;2;8732;
304;327;1;2;7624;
379;374;1;2;5472;
391;317;1;2;8435;
399;366;1;2;1258;
392;322;1;2;1284;
378;383;1;2;7831;
312;394;1;2;7489;
334;389;1;2;5365;
351;310;1;2;8687;
300;323;1;2;7852;
317;379;1;2;6890;
302;358;1;2;3052;
357;302;1;2;1386;
376;353;1;2;8432;
353;397;1;2;3276;
318;375;1;2;8365;
314;339;1;2;967;
349;325;1;2;2816;
313;376;1;2;3065;
379;329;1;2;5091;
340;346;1;2;5056;
380;349;1;2;1979;
346;358;1;2;7375;
329;335;1;2;5427;
330;340;1;2;4188;
353;310;1;2;260;
312;325;1;2;3897;
318;326;1;2;4262;
312;339;1;2;3684;
0;1;43;43;
1;1;71;421;
2;1;171;871;
3;1;148;1198;
4;1;161;1561;
5;1;45;1795;
6;1;35;2135;
7;1;168;2618;
8;1;71;2871;
9;1;55;3205;
10;1;116;3616;
11;1;154;4004;
12;1;129;4329;
13;1;172;4722;
14;1;16;4916;
15;1;56;5306;
16;1;4;5604;
17;1;58;6008;
18;1;57;6357;
19;1;158;6808;
