****14****
100
317;328;1;2;0;
357;324;1;2;0;
301;354;1;2;0;
359;317;1;2;0;
371;330;1;2;0;
314;391;1;2;0;
303;369;1;2;0;
372;372;1;2;0;
347;332;1;2;0;
309;351;1;2;0;
325;336;1;2;0;
396;330;1;2;0;
391;361;1;2;0;
321;371;1;2;0;
374;342;1;2;0;
398;392;1;2;0;
322;307;1;2;0;
316;324;1;2;0;
361;328;1;2;0;
341;384;1;2;0;
358;307;1;2;0;
375;313;1;2;0;
328;399;1;2;0;
337;375;1;2;0;
331;346;1;2;0;
379;356;1;2;0;
334;327;1;2;0;
338;325;1;2;0;
389;359;1;2;0;
348;363;1;2;0;
302;398;1;2;0;
307;324;1;2;0;
305;324;1;2;0;
300;318;1;2;0;
304;393;1;2;0;
302;362;1;2;0;
300;377;1;2;0;
375;381;1;2;0;
376;365;1;2;0;
308;308;1;2;0;
311;387;1;2;0;
316;346;1;2;0;
315;307;1;2;0;
323;356;1;2;0;
366;372;1;2;0;
371;320;1;2;0;
370;379;1;2;0;
397;328;1;2;0;
355;397;1;2;0;
346;359;1;2;0;
343;349;1;2;5988;
395;378;1;2;3969;
376;355;1;2;2127;
385;315;1;2;6095;
324;383;1;2;6501;
339;390;1;2;3394;
347;309;1;2;5224;
319;381;1;2;3136;
398;330;1;2;7647;
305;328;1;2;55;
364;323;1;2;4711;
337;318;1;2;3768;
337;395;1;2;7005;
303;332;1;2;1156;
380;356;1;2;7922;
355;396;1;2;8440;
305;395;1;2;1697;
328;314;1;2;2651;
321;312;1;2;3719;
346;369;1;2;991;
365;333;1;2;6259;
386;370;1;2;5219;
385;360;1;2;5975;
391;363;1;2;5728;
312;395;1;2;6329;
316;302;1;2;7934;
363;307;1;2;506;
371;335;1;2;8219;
361;308;1;2;791;
329;354;1;2;8640;
329;372;1;2;3046;
352;310;1;2;1751;
393;347;1;2;8723;
330;338;1;2;2838;
350;302;1;2;7693;
375;370;1;2;3536;
300;386;1;2;8514;
321;357;1;2;1600;
356;318;1;2;3430;
355;399;1;2;1402;
324;380;1;2;4321;
327;332;1;2;5147;
304;378;1;2;4899;
389;308;1;2;4580;
341;358;1;2;2597;
388;386;1;2;1122;
389;338;1;2;5595;
397;359;1;2;3212;
393;315;1;2;2625;
350;371;1;2;4554;
0;1;14;14;
1;1;123;473;
2;1;101;801;
3;1;124;1174;
4;1;27;1427;
5;1;136;1886;
6;1;171;2271;
7;1;81;2531;
8;1;114;2914;
9;1;65;3215;
10;1;145;3645;
11;1;174;4024;
12;1;74;4274;
13;1;13;4563;
14;1;34;4934;
15;1;85;5335;
16;1;1;5601;
17;1;97;6047;
18;1;141;6441;
19;1;165;6815;
