****11****
100
368;393;1;2;0;
372;326;1;2;0;
383;357;1;2;0;
337;350;1;2;0;
372;375;1;2;0;
384;303;1;2;0;
302;336;1;2;0;
377;335;1;2;0;
334;331;1;2;0;
331;323;1;2;0;
351;394;1;2;0;
312;382;1;2;0;
330;354;1;2;0;
304;312;1;2;0;
319;328;1;2;0;
393;339;1;2;0;
321;317;1;2;0;
366;356;1;2;0;
375;355;1;2;0;
306;347;1;2;0;
382;391;1;2;0;
350;336;1;2;0;
379;328;1;2;0;
323;313;1;2;0;
311;355;1;2;0;
388;362;1;2;0;
301;301;1;2;0;
397;331;1;2;0;
355;353;1;2;0;
396;326;1;2;0;
381;341;1;2;0;
366;355;1;2;0;
358;384;1;2;0;
311;333;1;2;0;
339;370;1;2;0;
380;321;1;2;0;
361;383;1;2;0;
357;340;1;2;0;
363;381;1;2;0;
305;374;1;2;0;
388;393;1;2;0;
389;389;1;2;0;
394;386;1;2;0;
372;301;1;2;0;
339;368;1;2;0;
328;372;1;2;0;
309;346;1;2;0;
379;320;1;2;0;
330;391;1;2;0;
353;321;1;2;0;
313;386;1;2;2849;
374;321;1;2;1315;
366;384;1;2;5442;
323;310;1;2;8206;
316;399;1;2;988;
363;385;1;2;1343;
364;376;1;2;1112;
392;349;1;2;7147;
338;328;1;2;1503;
320;371;1;2;6511;
341;384;1;2;2474;
335;310;1;2;6331;
339;328;1;2;6561;
375;351;1;2;5320;
352;320;1;2;5194;
365;383;1;2;4270;
355;399;1;2;3966;
314;392;1;2;3636;
334;382;1;2;659;
374;303;1;2;7369;
319;396;1;2;5866;
351;332;1;2;4586;
355;323;1;2;1980;
344;350;1;2;4766;
395;302;1;2;7486;
345;320;1;2;2951;
381;375;1;2;6807;
346;341;1;2;1579;
359;375;1;2;6638;
353;349;1;2;8305;
367;369;1;2;21;
369;372;1;2;5137;
381;327;1;2;4466;
374;323;1;2;701;
371;318;1;2;5051;
339;364;1;2;6751;
391;397;1;2;4395;
342;395;1;2;4847;
337;355;1;2;751;
366;308;1;2;5364;
399;327;1;2;7694;
328;348;1;2;4466;
341;382;1;2;7761;
329;308;1;2;6892;
367;331;1;2;4176;
308;371;1;2;4809;
321;362;1;2;4562;
310;356;1;2;4399;
392;345;1;2;2208;
349;311;1;2;7399;
0;1;32;32;
1;1;136;486;
2;1;7;707;
3;1;87;1137;
4;1;16;1416;
5;1;6;1756;
6;1;139;2239;
7;1;59;2509;
8;1;163;2963;
9;1;96;3246;
10;1;38;3538;
11;1;98;3948;
12;1;51;4251;
13;1;56;4606;
14;1;130;5030;
15;1;151;5401;
16;1;139;5739;
17;1;51;6001;
18;1;68;6368;
19;1;163;6813;
