****0****
100
383;329;1;2;0;
326;394;1;2;0;
396;380;1;2;0;
378;380;1;2;0;
366;332;1;2;0;
386;395;1;2;0;
332;336;1;2;0;
341;325;1;2;0;
300;340;1;2;0;
329;355;1;2;0;
332;314;1;2;0;
370;302;1;2;0;
319;334;1;2;0;
373;365;1;2;0;
347;392;1;2;0;
341;382;1;2;0;
321;320;1;2;0;
377;369;1;2;0;
352;307;1;2;0;
350;319;1;2;0;
339;336;1;2;0;
366;372;1;2;0;
324;307;1;2;0;
397;377;1;2;0;
347;378;1;2;0;
332;332;1;2;0;
344;302;1;2;0;
334;364;1;2;0;
337;359;1;2;0;
381;336;1;2;0;
304;322;1;2;0;
370;325;1;2;0;
394;399;1;2;0;
347;347;1;2;0;
306;397;1;2;0;
318;346;1;2;0;
385;384;1;2;0;
370;310;1;2;0;
344;319;1;2;0;
387;343;1;2;0;
397;371;1;2;0;
375;342;1;2;0;
374;362;1;2;0;
358;363;1;2;0;
321;339;1;2;0;
351;325;1;2;0;
313;321;1;2;0;
303;308;1;2;0;
321;350;1;2;0;
307;379;1;2;0;
399;325;1;2;3892;
384;361;1;2;8071;
346;305;1;2;3293;
385;349;1;2;6588;
357;376;1;2;547;
383;338;1;2;4439;
346;312;1;2;8095;
349;389;1;2;5705;
370;392;1;2;952;
343;394;1;2;27;
375;393;1;2;1007;
352;330;1;2;3803;
352;328;1;2;3979;
318;314;1;2;1750;
386;323;1;2;511;
396;358;1;2;8731;
316;356;1;2;3978;
375;305;1;2;5260;
300;327;1;2;5872;
384;323;1;2;2327;
376;398;1;2;6952;
392;302;1;2;2798;
370;354;1;2;5594;
358;325;1;2;4710;
394;311;1;2;3276;
359;308;1;2;7766;
363;324;1;2;1204;
382;352;1;2;6220;
339;304;1;2;2810;
341;388;1;2;4281;
337;364;1;2;348;
378;357;1;2;654;
350;379;1;2;7519;
354;337;1;2;986;
372;384;1;2;5145;
365;343;1;2;6041;
316;358;1;2;8113;
371;341;1;2;1955;
335;332;1;2;8025;
374;373;1;2;1023;
389;310;1;2;4479;
301;389;1;2;4649;
316;391;1;2;5588;
338;345;1;2;5272;
332;317;1;2;5705;
390;334;1;2;1396;
308;350;1;2;1327;
351;373;1;2;3476;
397;308;1;2;1603;
396;382;1;2;4580;
0;1;11;11;
1;1;124;474;
2;1;80;780;
3;1;39;1089;
4;1;1;1401;
5;1;119;1869;
6;1;52;2152;
7;1;44;2494;
8;1;87;2887;
9;1;169;3319;
10;1;132;3632;
11;1;9;3859;
12;1;175;4375;
13;1;167;4717;
14;1;78;4978;
15;1;91;5341;
16;1;109;5709;
17;1;87;6037;
18;1;52;6352;
19;1;43;6693;
