****10****
100
324;340;1;2;0;
386;330;1;2;0;
352;308;1;2;0;
327;340;1;2;0;
374;328;1;2;0;
313;372;1;2;0;
334;323;1;2;0;
331;396;1;2;0;
333;393;1;2;0;
301;301;1;2;0;
393;326;1;2;0;
396;378;1;2;0;
359;325;1;2;0;
341;368;1;2;0;
375;347;1;2;0;
368;300;1;2;0;
387;307;1;2;0;
382;391;1;2;0;
315;309;1;2;0;
331;389;1;2;0;
337;345;1;2;0;
313;323;1;2;0;
320;396;1;2;0;
371;353;1;2;0;
389;373;1;2;0;
306;335;1;2;0;
399;302;1;2;0;
313;358;1;2;0;
327;307;1;2;0;
378;303;1;2;0;
354;399;1;2;0;
355;393;1;2;0;
306;337;1;2;0;
385;321;1;2;0;
346;368;1;2;0;
362;335;1;2;0;
365;375;1;2;0;
358;385;1;2;0;
371;330;1;2;0;
390;312;1;2;0;
303;397;1;2;0;
347;354;1;2;0;
399;313;1;2;0;
364;379;1;2;0;
320;395;1;2;0;
334;326;1;2;0;
394;389;1;2;0;
319;300;1;2;0;
326;356;1;2;0;
321;324;1;2;0;
325;383;1;2;7424;
390;310;1;2;6738;
328;381;1;2;8157;
318;345;1;2;6988;
315;345;1;2;185;
367;358;1;2;7104;
346;330;1;2;3041;
380;356;1;2;4915;
321;375;1;2;8181;
399;332;1;2;2870;
323;309;1;2;25;
334;399;1;2;3683;
303;327;1;2;8409;
355;398;1;2;7208;
361;365;1;2;1013;
322;332;1;2;1480;
347;330;1;2;4071;
367;310;1;2;8158;
333;331;1;2;6069;
399;330;1;2;168;
338;305;1;2;2660;
312;391;1;2;6853;
396;395;1;2;1389;
313;302;1;2;5247;
327;363;1;2;289;
335;385;1;2;366;
304;332;1;2;4554;
352;351;1;2;7831;
355;336;1;2;226;
386;335;1;2;7220;
301;325;1;2;299;
325;337;1;2;4391;
349;333;1;2;2981;
352;398;1;2;4227;
305;326;1;2;616;
323;361;1;2;1086;
374;365;1;2;6989;
356;369;1;2;3866;
300;377;1;2;5381;
327;315;1;2;5216;
337;317;1;2;3490;
353;342;1;2;3231;
312;343;1;2;2118;
366;395;1;2;5813;
322;352;1;2;4021;
393;376;1;2;757;
350;350;1;2;6252;
340;358;1;2;7077;
333;358;1;2;8640;
314;338;1;2;5258;
0;1;157;157;
1;1;78;428;
2;1;2;702;
3;1;150;1200;
4;1;133;1533;
5;1;122;1872;
6;1;30;2130;
7;1;70;2520;
8;1;115;2915;
9;1;43;3193;
10;1;88;3588;
11;1;63;3913;
12;1;157;4357;
13;1;37;4587;
14;1;15;4915;
15;1;147;5397;
16;1;56;5656;
17;1;141;6091;
18;1;98;6398;
19;1;106;6756;
