****3****
100
318;355;1;2;0;
321;395;1;2;0;
395;339;1;2;0;
321;308;1;2;0;
352;312;1;2;0;
301;321;1;2;0;
383;372;1;2;0;
371;345;1;2;0;
393;380;1;2;0;
340;363;1;2;0;
359;332;1;2;0;
343;314;1;2;0;
306;359;1;2;0;
346;309;1;2;0;
318;352;1;2;0;
318;388;1;2;0;
359;340;1;2;0;
383;354;1;2;0;
331;356;1;2;0;
314;335;1;2;0;
321;315;1;2;0;
357;356;1;2;0;
339;328;1;2;0;
353;332;1;2;0;
360;345;1;2;0;
347;371;1;2;0;
378;391;1;2;0;
385;384;1;2;0;
302;383;1;2;0;
345;320;1;2;0;
335;364;1;2;0;
309;346;1;2;0;
356;344;1;2;0;
300;387;1;2;0;
301;366;1;2;0;
323;374;1;2;0;
333;332;1;2;0;
330;325;1;2;0;
312;383;1;2;0;
357;372;1;2;0;
329;305;1;2;0;
343;359;1;2;0;
348;380;1;2;0;
395;350;1;2;0;
363;340;1;2;0;
370;350;1;2;0;
304;331;1;2;0;
396;360;1;2;0;
376;348;1;2;0;
300;329;1;2;0;
314;375;1;2;7216;
399;307;1;2;250;
324;371;1;2;78;
334;343;1;2;5043;
391;338;1;2;4445;
339;370;1;2;399;
389;385;1;2;2363;
311;387;1;2;8698;
395;383;1;2;7093;
323;383;1;2;5955;
352;349;1;2;4370;
307;348;1;2;2370;
344;373;1;2;3053;
364;307;1;2;6747;
366;398;1;2;2159;
378;389;1;2;8402;
386;378;1;2;3188;
386;341;1;2;3220;
390;336;1;2;86;
359;311;1;2;1305;
376;363;1;2;3382;
372;322;1;2;6048;
323;366;1;2;7607;
397;383;1;2;8026;
366;349;1;2;7787;
373;379;1;2;4050;
302;365;1;2;6730;
316;351;1;2;6314;
369;394;1;2;4581;
305;353;1;2;752;
324;382;1;2;5954;
392;354;1;2;4153;
361;330;1;2;4348;
302;327;1;2;6619;
303;346;1;2;1508;
301;371;1;2;2212;
341;374;1;2;3379;
310;342;1;2;7374;
321;312;1;2;5392;
321;317;1;2;7527;
384;394;1;2;8235;
310;386;1;2;5884;
311;399;1;2;94;
331;302;1;2;5670;
385;305;1;2;6108;
389;358;1;2;566;
372;399;1;2;446;
324;310;1;2;6187;
328;383;1;2;6257;
326;356;1;2;6744;
0;1;131;131;
1;1;16;366;
2;1;91;791;
3;1;68;1118;
4;1;4;1404;
5;1;79;1829;
6;1;33;2133;
7;1;40;2490;
8;1;79;2879;
9;1;80;3230;
10;1;173;3673;
11;1;131;3981;
12;1;107;4307;
13;1;109;4659;
14;1;136;5036;
15;1;79;5329;
16;1;150;5750;
17;1;144;6094;
18;1;175;6475;
19;1;99;6749;
