****12****
100
85;48;1;2;0;
21;18;1;2;0;
5;57;1;2;0;
77;94;1;2;0;
72;96;1;2;0;
61;49;1;2;0;
7;44;1;2;0;
31;81;1;2;0;
99;69;1;2;0;
77;48;1;2;0;
3;23;1;2;0;
86;77;1;2;0;
38;69;1;2;0;
55;45;1;2;0;
79;63;1;2;0;
55;63;1;2;0;
11;76;1;2;0;
80;67;1;2;0;
32;9;1;2;0;
60;4;1;2;0;
56;20;1;2;0;
4;62;1;2;0;
15;34;1;2;0;
42;66;1;2;0;
2;71;1;2;0;
13;4;1;2;0;
45;98;1;2;0;
33;83;1;2;0;
67;39;1;2;0;
79;97;1;2;0;
2;34;1;2;0;
59;64;1;2;0;
9;90;1;2;0;
30;40;1;2;0;
98;41;1;2;0;
43;5;1;2;0;
60;46;1;2;0;
66;26;1;2;0;
31;60;1;2;0;
91;84;1;2;0;
82;3;1;2;0;
40;26;1;2;0;
1;72;1;2;0;
8;19;1;2;0;
62;87;1;2;0;
15;63;1;2;0;
72;25;1;2;0;
26;80;1;2;0;
66;7;1;2;0;
19;16;1;2;0;
47;14;1;2;1939;
6;11;1;2;27;
84;94;1;2;42;
74;77;1;2;433;
29;16;1;2;448;
81;39;1;2;1272;
51;1;1;2;88;
17;15;1;2;2120;
41;41;1;2;2370;
58;47;1;2;2182;
73;94;1;2;2381;
93;51;1;2;1790;
82;34;1;2;1898;
30;60;1;2;1863;
59;88;1;2;31;
13;20;1;2;518;
27;70;1;2;1055;
79;86;1;2;2180;
2;78;1;2;2149;
4;35;1;2;2361;
77;8;1;2;2019;
14;52;1;2;511;
14;33;1;2;118;
7;62;1;2;1047;
77;20;1;2;158;
14;84;1;2;1321;
41;11;1;2;772;
69;41;1;2;1310;
63;43;1;2;459;
97;46;1;2;2239;
29;74;1;2;75;
55;40;1;2;915;
83;5;1;2;2281;
96;12;1;2;1720;
69;88;1;2;2162;
32;53;1;2;1560;
15;93;1;2;1185;
66;13;1;2;1127;
3;75;1;2;1006;
68;23;1;2;693;
68;52;1;2;2372;
27;6;1;2;920;
37;40;1;2;630;
31;35;1;2;898;
86;55;1;2;1090;
12;87;1;2;1235;
74;1;1;2;1856;
45;66;1;2;1504;
57;20;1;2;2365;
63;40;1;2;1582;
0;1;567;150;
1;1;584;219;
2;1;538;662;
3;1;516;685;
4;1;580;979;
5;1;557;976;
6;1;576;793;
7;1;569;1171;
8;1;506;866;
9;1;529;1242;
10;1;507;1031;
11;1;575;1574;
12;1;587;1585;
13;1;544;1680;
14;1;546;1904;
15;1;530;2013;
16;1;594;1872;
17;1;511;1927;
18;1;506;1861;
19;1;556;2144;
20;1;566;2327;
21;1;551;2556;
22;1;558;2323;
23;1;594;2500;
24;1;578;2717;
25;1;593;2508;
26;1;525;2941;
27;1;509;3205;
28;1;550;3003;
29;1;560;2927;
30;1;591;3411;
31;1;511;3365;
32;1;554;3537;
33;1;566;3616;
34;1;599;3792;
35;1;547;3761;
36;1;537;3777;
37;1;556;4177;
38;1;569;3861;
39;1;508;4049;
40;1;575;4224;
41;1;582;4519;
42;1;518;4305;
43;1;563;4829;
44;1;598;4669;
45;1;567;4560;
46;1;563;4606;
47;1;523;4989;
48;1;502;4937;
49;1;578;5394;
