****2****
100
56;25;1;2;0;
24;30;1;2;0;
46;66;1;2;0;
15;51;1;2;0;
49;22;1;2;0;
12;53;1;2;0;
11;92;1;2;0;
89;94;1;2;0;
85;57;1;2;0;
3;37;1;2;0;
59;29;1;2;0;
29;66;1;2;0;
32;39;1;2;0;
41;91;1;2;0;
51;62;1;2;0;
32;6;1;2;0;
39;55;1;2;0;
88;36;1;2;0;
72;54;1;2;0;
86;20;1;2;0;
75;98;1;2;0;
25;85;1;2;0;
41;13;1;2;0;
30;25;1;2;0;
21;33;1;2;0;
13;31;1;2;0;
13;93;1;2;0;
48;44;1;2;0;
32;88;1;2;0;
34;34;1;2;0;
1;17;1;2;0;
92;91;1;2;0;
23;79;1;2;0;
26;95;1;2;0;
32;12;1;2;0;
66;59;1;2;0;
61;42;1;2;0;
95;1;1;2;0;
6;25;1;2;0;
78;78;1;2;0;
9;90;1;2;0;
8;73;1;2;0;
83;7;1;2;0;
16;66;1;2;0;
94;2;1;2;0;
99;47;1;2;0;
70;42;1;2;0;
37;93;1;2;0;
72;63;1;2;0;
39;4;1;2;0;
26;56;1;2;1735;
86;98;1;2;1326;
38;3;1;2;61;
15;81;1;2;2176;
57;40;1;2;2394;
39;47;1;2;858;
4;92;1;2;664;
54;38;1;2;1950;
96;27;1;2;1461;
19;41;1;2;2318;
22;66;1;2;1623;
35;3;1;2;1665;
95;92;1;2;273;
78;7;1;2;152;
22;63;1;2;1770;
37;53;1;2;140;
20;8;1;2;772;
56;61;1;2;1925;
62;8;1;2;397;
59;79;1;2;187;
47;100;1;2;1568;
42;87;1;2;759;
34;81;1;2;901;
28;10;1;2;2194;
7;31;1;2;2420;
25;20;1;2;1677;
41;39;1;2;1077;
48;95;1;2;1872;
45;56;1;2;577;
20;66;1;2;224;
83;64;1;2;754;
15;5;1;2;1400;
49;90;1;2;988;
75;70;1;2;2080;
58;76;1;2;1854;
4;52;1;2;200;
5;92;1;2;481;
62;39;1;2;859;
83;84;1;2;789;
63;3;1;2;1733;
22;38;1;2;1004;
80;52;1;2;231;
28;53;1;2;1077;
56;27;1;2;1318;
93;84;1;2;1108;
13;39;1;2;2215;
4;44;1;2;2280;
34;57;1;2;2078;
9;39;1;2;1030;
92;53;1;2;2036;
0;1;540;153;
1;1;565;432;
2;1;505;563;
3;1;523;339;
4;1;521;897;
5;1;587;1044;
6;1;511;756;
7;1;530;1064;
8;1;596;1180;
9;1;521;1250;
10;1;512;1208;
11;1;533;1541;
12;1;507;1402;
13;1;510;1457;
14;1;584;1841;
15;1;555;1737;
16;1;588;1651;
17;1;578;1741;
18;1;588;2143;
19;1;524;2007;
20;1;584;2373;
21;1;554;2302;
22;1;541;2310;
23;1;559;2468;
24;1;555;2915;
25;1;588;2709;
26;1;599;3128;
27;1;537;2941;
28;1;564;3029;
29;1;584;3231;
30;1;560;3478;
31;1;574;3584;
32;1;558;3730;
33;1;538;3602;
34;1;503;3639;
35;1;504;3961;
36;1;523;3725;
37;1;580;4214;
38;1;595;4284;
39;1;503;4102;
40;1;521;4112;
41;1;567;4206;
42;1;561;4209;
43;1;528;4748;
44;1;501;4639;
45;1;576;4623;
46;1;501;5065;
47;1;558;4931;
48;1;552;5335;
49;1;558;5239;
