****5****
100
74;65;1;2;0;
28;45;1;2;0;
42;90;1;2;0;
4;34;1;2;0;
74;77;1;2;0;
42;46;1;2;0;
71;38;1;2;0;
47;64;1;2;0;
55;51;1;2;0;
57;38;1;2;0;
84;4;1;2;0;
1;92;1;2;0;
52;63;1;2;0;
78;100;1;2;0;
89;19;1;2;0;
16;14;1;2;0;
83;96;1;2;0;
59;76;1;2;0;
37;14;1;2;0;
9;62;1;2;0;
43;2;1;2;0;
7;13;1;2;0;
40;53;1;2;0;
29;46;1;2;0;
55;85;1;2;0;
83;91;1;2;0;
41;35;1;2;0;
82;92;1;2;0;
97;11;1;2;0;
44;37;1;2;0;
29;11;1;2;0;
51;64;1;2;0;
6;61;1;2;0;
39;42;1;2;0;
74;100;1;2;0;
55;16;1;2;0;
1;62;1;2;0;
81;92;1;2;0;
66;9;1;2;0;
37;21;1;2;0;
45;20;1;2;0;
63;85;1;2;0;
6;44;1;2;0;
29;3;1;2;0;
7;72;1;2;0;
39;87;1;2;0;
82;89;1;2;0;
50;88;1;2;0;
49;89;1;2;0;
81;75;1;2;0;
88;36;1;2;1407;
40;49;1;2;800;
32;14;1;2;1289;
68;86;1;2;2470;
39;100;1;2;482;
45;44;1;2;1955;
99;2;1;2;2039;
37;88;1;2;1029;
78;38;1;2;144;
78;78;1;2;966;
52;17;1;2;1930;
94;56;1;2;564;
15;87;1;2;2323;
45;7;1;2;2021;
71;97;1;2;544;
29;93;1;2;1903;
68;91;1;2;1667;
77;80;1;2;96;
68;9;1;2;268;
98;86;1;2;48;
9;90;1;2;1023;
58;35;1;2;1970;
56;1;1;2;866;
19;97;1;2;699;
67;67;1;2;2491;
67;96;1;2;2440;
62;63;1;2;644;
58;39;1;2;1187;
94;59;1;2;1285;
66;56;1;2;1010;
20;16;1;2;328;
37;74;1;2;646;
62;29;1;2;268;
74;99;1;2;482;
43;17;1;2;1261;
61;84;1;2;581;
20;97;1;2;404;
73;55;1;2;268;
5;48;1;2;1203;
45;65;1;2;854;
22;84;1;2;188;
41;73;1;2;1139;
45;34;1;2;1770;
50;7;1;2;1905;
52;2;1;2;1067;
20;62;1;2;2300;
35;33;1;2;8;
12;5;1;2;861;
31;9;1;2;2454;
57;5;1;2;56;
0;1;590;516;
1;1;553;113;
2;1;519;485;
3;1;560;334;
4;1;511;485;
5;1;565;581;
6;1;561;1002;
7;1;570;786;
8;1;535;1166;
9;1;528;992;
10;1;516;1370;
11;1;532;1224;
12;1;529;1636;
13;1;581;1579;
14;1;570;1475;
15;1;546;1696;
16;1;564;2086;
17;1;597;2038;
18;1;575;2280;
19;1;596;2220;
20;1;516;2295;
21;1;554;2605;
22;1;527;2628;
23;1;504;2492;
24;1;506;2418;
25;1;533;2681;
26;1;510;2875;
27;1;594;2965;
28;1;578;3267;
29;1;518;3166;
30;1;559;3029;
31;1;558;3313;
32;1;514;3275;
33;1;555;3464;
34;1;561;3951;
35;1;525;3652;
36;1;562;4001;
37;1;556;3960;
38;1;504;3906;
39;1;553;3925;
40;1;594;4495;
41;1;583;4302;
42;1;553;4611;
43;1;592;4481;
44;1;549;4587;
45;1;581;5063;
46;1;524;4969;
47;1;533;5024;
48;1;595;5302;
49;1;529;5284;
