****13****
100
60;24;1;2;0;
64;48;1;2;0;
73;20;1;2;0;
41;41;1;2;0;
21;48;1;2;0;
39;95;1;2;0;
99;20;1;2;0;
46;69;1;2;0;
62;60;1;2;0;
88;59;1;2;0;
82;54;1;2;0;
98;44;1;2;0;
34;20;1;2;0;
11;36;1;2;0;
59;40;1;2;0;
36;18;1;2;0;
63;99;1;2;0;
66;36;1;2;0;
70;58;1;2;0;
28;42;1;2;0;
58;66;1;2;0;
89;56;1;2;0;
86;86;1;2;0;
76;99;1;2;0;
46;63;1;2;0;
9;27;1;2;0;
68;6;1;2;0;
22;2;1;2;0;
77;84;1;2;0;
89;35;1;2;0;
23;24;1;2;0;
4;85;1;2;0;
74;21;1;2;0;
72;96;1;2;0;
79;100;1;2;0;
89;36;1;2;0;
17;77;1;2;0;
43;2;1;2;0;
63;71;1;2;0;
52;60;1;2;0;
33;12;1;2;0;
86;53;1;2;0;
17;59;1;2;0;
6;45;1;2;0;
42;94;1;2;0;
79;64;1;2;0;
17;83;1;2;0;
100;42;1;2;0;
55;24;1;2;0;
37;33;1;2;0;
23;26;1;2;1305;
91;54;1;2;1521;
93;68;1;2;1932;
96;27;1;2;295;
8;64;1;2;427;
76;22;1;2;44;
21;15;1;2;161;
51;78;1;2;265;
85;30;1;2;1597;
40;53;1;2;1792;
72;27;1;2;213;
44;17;1;2;2024;
58;61;1;2;948;
94;9;1;2;2159;
62;16;1;2;1541;
83;91;1;2;1756;
60;63;1;2;1980;
79;14;1;2;2430;
65;98;1;2;2376;
45;37;1;2;2335;
62;61;1;2;1753;
3;56;1;2;2432;
50;65;1;2;1192;
17;58;1;2;1748;
10;71;1;2;1215;
66;5;1;2;1926;
96;65;1;2;2453;
93;95;1;2;1236;
67;11;1;2;1183;
22;56;1;2;455;
81;17;1;2;1569;
66;71;1;2;833;
71;73;1;2;2269;
37;89;1;2;308;
11;98;1;2;245;
100;63;1;2;10;
32;11;1;2;2147;
78;3;1;2;1820;
89;69;1;2;1791;
97;42;1;2;1159;
94;22;1;2;1720;
3;39;1;2;1187;
67;9;1;2;1581;
43;46;1;2;1352;
80;56;1;2;162;
36;8;1;2;2049;
48;91;1;2;1273;
24;68;1;2;2311;
94;8;1;2;94;
26;56;1;2;1998;
0;1;562;279;
1;1;596;260;
2;1;504;305;
3;1;543;450;
4;1;595;575;
5;1;513;860;
6;1;579;651;
7;1;599;1277;
8;1;532;821;
9;1;564;910;
10;1;596;1326;
11;1;502;1566;
12;1;537;1697;
13;1;522;1679;
14;1;572;1897;
15;1;593;1771;
16;1;579;2095;
17;1;502;1895;
18;1;526;1833;
19;1;552;2235;
20;1;589;2141;
21;1;563;2255;
22;1;561;2528;
23;1;533;2652;
24;1;519;2478;
25;1;522;2533;
26;1;570;3082;
27;1;581;3156;
28;1;521;2924;
29;1;576;3295;
30;1;531;3248;
31;1;577;3663;
32;1;559;3573;
33;1;543;3310;
34;1;525;3720;
35;1;559;3963;
36;1;562;3956;
37;1;532;3761;
38;1;586;4049;
39;1;517;4371;
40;1;511;4158;
41;1;569;4441;
42;1;512;4552;
43;1;586;4803;
44;1;503;4508;
45;1;524;4852;
46;1;532;4911;
47;1;598;4773;
48;1;581;5303;
49;1;530;5256;
