****8****
100
75;29;1;2;0;
89;70;1;2;0;
22;21;1;2;0;
30;98;1;2;0;
19;74;1;2;0;
44;76;1;2;0;
60;31;1;2;0;
20;78;1;2;0;
7;35;1;2;0;
66;7;1;2;0;
79;43;1;2;0;
99;57;1;2;0;
58;93;1;2;0;
83;6;1;2;0;
49;46;1;2;0;
32;75;1;2;0;
74;20;1;2;0;
44;48;1;2;0;
92;25;1;2;0;
45;62;1;2;0;
99;41;1;2;0;
89;10;1;2;0;
23;8;1;2;0;
88;29;1;2;0;
42;5;1;2;0;
36;72;1;2;0;
47;86;1;2;0;
29;57;1;2;0;
30;11;1;2;0;
62;78;1;2;0;
8;45;1;2;0;
4;34;1;2;0;
64;99;1;2;0;
81;55;1;2;0;
24;77;1;2;0;
68;74;1;2;0;
69;56;1;2;0;
83;92;1;2;0;
63;22;1;2;0;
20;57;1;2;0;
27;7;1;2;0;
28;25;1;2;0;
92;8;1;2;0;
81;22;1;2;0;
71;94;1;2;0;
51;78;1;2;0;
38;55;1;2;0;
63;1;1;2;0;
5;43;1;2;0;
7;28;1;2;0;
20;74;1;2;2053;
88;29;1;2;1951;
79;44;1;2;2144;
51;100;1;2;1529;
57;79;1;2;1252;
1;87;1;2;1678;
22;9;1;2;414;
24;86;1;2;1460;
30;49;1;2;168;
35;43;1;2;32;
62;62;1;2;1267;
15;2;1;2;207;
50;32;1;2;2148;
58;82;1;2;1713;
93;91;1;2;1774;
52;91;1;2;955;
43;64;1;2;2087;
28;87;1;2;532;
51;17;1;2;4;
78;51;1;2;324;
11;64;1;2;2041;
70;78;1;2;237;
10;79;1;2;727;
92;89;1;2;1465;
74;81;1;2;1985;
86;84;1;2;402;
36;78;1;2;1908;
94;6;1;2;2448;
89;8;1;2;988;
33;85;1;2;621;
71;47;1;2;1161;
70;17;1;2;2160;
23;26;1;2;565;
59;17;1;2;1027;
76;42;1;2;73;
36;79;1;2;1456;
37;66;1;2;1855;
54;59;1;2;1683;
57;48;1;2;2401;
28;32;1;2;1680;
1;2;1;2;2053;
37;71;1;2;2285;
3;45;1;2;88;
100;3;1;2;110;
84;31;1;2;1562;
1;18;1;2;1220;
100;6;1;2;41;
81;59;1;2;110;
67;67;1;2;1964;
12;94;1;2;604;
0;1;593;9;
1;1;517;262;
2;1;535;298;
3;1;564;440;
4;1;584;716;
5;1;588;909;
6;1;526;1061;
7;1;568;1227;
8;1;524;1048;
9;1;517;1253;
10;1;591;1282;
11;1;556;1100;
12;1;581;1652;
13;1;516;1724;
14;1;534;1578;
15;1;532;1561;
16;1;507;1936;
17;1;598;1862;
18;1;586;2157;
19;1;581;2396;
20;1;550;2318;
21;1;559;2539;
22;1;592;2269;
23;1;582;2334;
24;1;511;2402;
25;1;541;2845;
26;1;546;3113;
27;1;501;2751;
28;1;522;3101;
29;1;594;3054;
30;1;529;3460;
31;1;584;3134;
32;1;524;3329;
33;1;579;3537;
34;1;595;3648;
35;1;582;3921;
36;1;579;3680;
37;1;522;4055;
38;1;565;4342;
39;1;588;4062;
40;1;505;4285;
41;1;527;4492;
42;1;528;4583;
43;1;579;4482;
44;1;547;4583;
45;1;507;4876;
46;1;548;4814;
47;1;513;5076;
48;1;572;4902;
49;1;584;5365;
