****10****
100
86;82;1;2;0;
2;72;1;2;0;
73;1;1;2;0;
70;44;1;2;0;
56;42;1;2;0;
67;12;1;2;0;
95;89;1;2;0;
85;59;1;2;0;
3;42;1;2;0;
27;15;1;2;0;
22;20;1;2;0;
60;44;1;2;0;
1;32;1;2;0;
75;4;1;2;0;
65;78;1;2;0;
50;51;1;2;0;
60;51;1;2;0;
22;32;1;2;0;
3;44;1;2;0;
28;10;1;2;0;
85;46;1;2;0;
21;31;1;2;0;
35;57;1;2;0;
89;89;1;2;0;
50;67;1;2;0;
3;72;1;2;0;
39;14;1;2;0;
67;91;1;2;0;
45;42;1;2;0;
94;62;1;2;0;
71;44;1;2;0;
12;30;1;2;0;
46;85;1;2;0;
14;1;1;2;0;
80;93;1;2;0;
10;17;1;2;0;
38;83;1;2;0;
47;24;1;2;0;
39;88;1;2;0;
12;89;1;2;0;
54;14;1;2;0;
12;92;1;2;0;
28;78;1;2;0;
83;24;1;2;0;
71;28;1;2;0;
37;42;1;2;0;
23;48;1;2;0;
23;21;1;2;0;
85;88;1;2;0;
73;64;1;2;0;
80;82;1;2;297;
18;16;1;2;724;
41;7;1;2;775;
53;47;1;2;77;
18;58;1;2;759;
97;35;1;2;1750;
73;6;1;2;1907;
9;99;1;2;1094;
9;21;1;2;879;
93;9;1;2;1225;
8;88;1;2;2231;
40;57;1;2;2089;
18;50;1;2;2180;
83;54;1;2;110;
53;71;1;2;1397;
67;68;1;2;609;
63;40;1;2;2402;
39;48;1;2;1259;
89;56;1;2;565;
7;100;1;2;2254;
49;60;1;2;1373;
72;51;1;2;931;
63;68;1;2;1586;
12;2;1;2;1241;
55;6;1;2;1480;
59;73;1;2;874;
46;87;1;2;1476;
41;77;1;2;1052;
83;65;1;2;1730;
97;23;1;2;1409;
19;71;1;2;2344;
80;95;1;2;2332;
50;9;1;2;2099;
69;21;1;2;2418;
41;27;1;2;869;
36;86;1;2;715;
49;83;1;2;1203;
2;23;1;2;1742;
54;57;1;2;929;
13;53;1;2;2140;
72;71;1;2;1604;
94;3;1;2;1549;
14;52;1;2;1567;
53;73;1;2;1334;
45;65;1;2;966;
91;100;1;2;1857;
12;1;1;2;2118;
68;2;1;2;1648;
53;55;1;2;1714;
2;67;1;2;374;
0;1;525;490;
1;1;525;618;
2;1;536;654;
3;1;559;465;
4;1;530;817;
5;1;502;911;
6;1;528;1066;
7;1;519;1105;
8;1;589;864;
9;1;511;1073;
10;1;570;1308;
11;1;520;1142;
12;1;522;1265;
13;1;577;1528;
14;1;577;1725;
15;1;572;1584;
16;1;538;1601;
17;1;572;1792;
18;1;574;1901;
19;1;522;2297;
20;1;537;2352;
21;1;561;2373;
22;1;574;2616;
23;1;591;2624;
24;1;553;2660;
25;1;565;2751;
26;1;582;2899;
27;1;597;3156;
28;1;559;3079;
29;1;573;3466;
30;1;520;3296;
31;1;588;3376;
32;1;544;3350;
33;1;582;3657;
34;1;540;3814;
35;1;577;3940;
36;1;582;4142;
37;1;545;4004;
38;1;568;3878;
39;1;520;4079;
40;1;540;4204;
41;1;593;4484;
42;1;572;4668;
43;1;576;4386;
44;1;514;4508;
45;1;517;4598;
46;1;545;4810;
47;1;594;5173;
48;1;518;5186;
49;1;557;5445;
