****0****
100
95;56;1;2;0;
37;91;1;2;0;
1;27;1;2;0;
63;97;1;2;0;
53;100;1;2;0;
43;91;1;2;0;
9;53;1;2;0;
80;9;1;2;0;
40;23;1;2;0;
55;30;1;2;0;
16;9;1;2;0;
39;77;1;2;0;
88;36;1;2;0;
70;26;1;2;0;
41;26;1;2;0;
44;36;1;2;0;
82;80;1;2;0;
78;34;1;2;0;
59;92;1;2;0;
82;63;1;2;0;
92;25;1;2;0;
5;100;1;2;0;
77;36;1;2;0;
60;16;1;2;0;
58;66;1;2;0;
97;25;1;2;0;
75;36;1;2;0;
2;14;1;2;0;
23;23;1;2;0;
92;63;1;2;0;
49;35;1;2;0;
98;30;1;2;0;
66;28;1;2;0;
63;24;1;2;0;
19;96;1;2;0;
38;62;1;2;0;
20;42;1;2;0;
13;49;1;2;0;
77;73;1;2;0;
16;87;1;2;0;
38;13;1;2;0;
11;64;1;2;0;
100;12;1;2;0;
30;22;1;2;0;
87;21;1;2;0;
84;35;1;2;0;
7;34;1;2;0;
16;72;1;2;0;
13;30;1;2;0;
48;83;1;2;0;
25;85;1;2;1962;
45;79;1;2;2378;
45;55;1;2;1847;
60;41;1;2;1130;
24;4;1;2;1839;
23;67;1;2;2464;
96;53;1;2;1457;
80;39;1;2;848;
65;54;1;2;1058;
77;83;1;2;2324;
59;8;1;2;1088;
55;4;1;2;1574;
64;48;1;2;340;
44;7;1;2;1865;
66;31;1;2;1031;
4;5;1;2;1205;
18;1;1;2;1416;
57;32;1;2;1614;
49;96;1;2;1278;
65;24;1;2;289;
28;82;1;2;2159;
76;89;1;2;327;
53;52;1;2;374;
85;47;1;2;1860;
10;65;1;2;2089;
89;68;1;2;1086;
83;37;1;2;285;
34;93;1;2;1473;
71;42;1;2;125;
61;6;1;2;688;
86;86;1;2;2420;
70;61;1;2;2290;
57;65;1;2;171;
91;2;1;2;416;
84;63;1;2;1655;
6;51;1;2;728;
85;86;1;2;97;
64;19;1;2;1223;
74;89;1;2;2454;
31;1;1;2;2347;
11;39;1;2;726;
25;8;1;2;1182;
26;17;1;2;290;
79;7;1;2;888;
30;90;1;2;2345;
45;48;1;2;690;
27;32;1;2;2133;
45;96;1;2;587;
8;21;1;2;169;
64;4;1;2;2156;
0;1;526;307;
1;1;523;428;
2;1;590;701;
3;1;583;341;
4;1;598;657;
5;1;546;838;
6;1;586;816;
7;1;546;1235;
8;1;523;965;
9;1;564;1368;
10;1;525;1314;
11;1;545;1341;
12;1;533;1326;
13;1;544;1496;
14;1;568;1622;
15;1;501;1846;
16;1;513;1636;
17;1;521;1959;
18;1;504;1950;
19;1;521;2209;
20;1;512;2225;
21;1;510;2418;
22;1;544;2638;
23;1;524;2397;
24;1;600;2938;
25;1;566;2569;
26;1;528;2934;
27;1;547;2848;
28;1;567;3338;
29;1;529;3120;
30;1;541;3416;
31;1;531;3577;
32;1;503;3618;
33;1;558;3801;
34;1;505;3518;
35;1;511;3796;
36;1;596;3803;
37;1;516;3839;
38;1;527;4096;
39;1;509;4187;
40;1;529;4200;
41;1;501;4406;
42;1;589;4735;
43;1;521;4359;
44;1;540;4680;
45;1;540;4679;
46;1;581;5085;
47;1;584;5266;
48;1;524;4825;
49;1;592;5359;
