****14****
100
37;88;1;2;0;
22;51;1;2;0;
61;53;1;2;0;
24;46;1;2;0;
68;93;1;2;0;
1;78;1;2;0;
82;69;1;2;0;
9;94;1;2;0;
70;46;1;2;0;
77;24;1;2;0;
58;52;1;2;0;
60;89;1;2;0;
3;57;1;2;0;
83;35;1;2;0;
48;12;1;2;0;
92;37;1;2;0;
99;65;1;2;0;
87;11;1;2;0;
69;62;1;2;0;
8;36;1;2;0;
54;8;1;2;0;
65;36;1;2;0;
29;73;1;2;0;
81;50;1;2;0;
19;9;1;2;0;
25;28;1;2;0;
61;84;1;2;0;
69;15;1;2;0;
93;51;1;2;0;
50;92;1;2;0;
14;93;1;2;0;
28;64;1;2;0;
57;14;1;2;0;
75;25;1;2;0;
76;82;1;2;0;
12;81;1;2;0;
42;76;1;2;0;
68;70;1;2;0;
100;100;1;2;0;
71;18;1;2;0;
9;95;1;2;0;
98;69;1;2;0;
30;66;1;2;0;
83;22;1;2;0;
16;84;1;2;0;
66;81;1;2;0;
76;93;1;2;0;
44;32;1;2;0;
59;70;1;2;0;
8;86;1;2;0;
52;19;1;2;1169;
45;94;1;2;1123;
66;94;1;2;227;
36;63;1;2;141;
30;12;1;2;432;
59;77;1;2;1442;
33;44;1;2;2361;
98;24;1;2;1708;
42;68;1;2;1349;
100;37;1;2;1683;
85;40;1;2;635;
3;36;1;2;1294;
40;1;1;2;1705;
76;36;1;2;162;
21;17;1;2;1983;
85;76;1;2;674;
32;60;1;2;1849;
15;9;1;2;63;
73;50;1;2;543;
14;2;1;2;765;
63;38;1;2;349;
31;40;1;2;852;
44;79;1;2;1983;
50;55;1;2;1523;
22;27;1;2;676;
6;11;1;2;1457;
67;43;1;2;2438;
71;9;1;2;2497;
98;81;1;2;917;
45;94;1;2;772;
32;57;1;2;154;
58;87;1;2;236;
20;30;1;2;2143;
83;31;1;2;1102;
81;4;1;2;2256;
47;10;1;2;1040;
41;76;1;2;1392;
93;46;1;2;678;
54;95;1;2;606;
16;91;1;2;22;
79;22;1;2;616;
79;80;1;2;520;
71;99;1;2;1028;
94;33;1;2;1350;
22;65;1;2;1647;
77;12;1;2;1404;
42;52;1;2;1294;
1;44;1;2;669;
68;49;1;2;2091;
15;64;1;2;1105;
0;1;507;411;
1;1;593;434;
2;1;573;319;
3;1;542;698;
4;1;523;683;
5;1;588;590;
6;1;507;868;
7;1;572;943;
8;1;586;1152;
9;1;522;1082;
10;1;538;1532;
11;1;527;1552;
12;1;545;1588;
13;1;582;1711;
14;1;560;1816;
15;1;545;1865;
16;1;591;2141;
17;1;521;1747;
18;1;513;1850;
19;1;557;2116;
20;1;524;2068;
21;1;593;2592;
22;1;554;2585;
23;1;542;2644;
24;1;550;2714;
25;1;517;2525;
26;1;526;2936;
27;1;524;2781;
28;1;540;3124;
29;1;547;3167;
30;1;553;3059;
31;1;564;3334;
32;1;532;3624;
33;1;505;3498;
34;1;551;3459;
35;1;582;3547;
36;1;558;4005;
37;1;507;4142;
38;1;542;4293;
39;1;501;4116;
40;1;515;4248;
41;1;582;4505;
42;1;563;4525;
43;1;513;4524;
44;1;561;4740;
45;1;552;4836;
46;1;502;4676;
47;1;556;4840;
48;1;503;5221;
49;1;528;5100;
