****19****
100
7;42;1;2;0;
21;100;1;2;0;
45;35;1;2;0;
40;18;1;2;0;
38;43;1;2;0;
50;62;1;2;0;
4;16;1;2;0;
74;12;1;2;0;
29;67;1;2;0;
59;100;1;2;0;
18;44;1;2;0;
8;18;1;2;0;
9;74;1;2;0;
49;24;1;2;0;
3;23;1;2;0;
28;61;1;2;0;
65;100;1;2;0;
61;61;1;2;0;
86;100;1;2;0;
30;75;1;2;0;
43;32;1;2;0;
37;98;1;2;0;
47;62;1;2;0;
62;27;1;2;0;
28;20;1;2;0;
79;46;1;2;0;
15;86;1;2;0;
15;23;1;2;0;
11;64;1;2;0;
47;13;1;2;0;
38;26;1;2;0;
25;54;1;2;0;
25;37;1;2;0;
66;10;1;2;0;
37;48;1;2;0;
36;31;1;2;0;
79;72;1;2;0;
28;25;1;2;0;
33;41;1;2;0;
52;13;1;2;0;
60;30;1;2;0;
10;74;1;2;0;
15;76;1;2;0;
97;77;1;2;0;
91;95;1;2;0;
89;29;1;2;0;
20;65;1;2;0;
34;44;1;2;0;
2;100;1;2;0;
5;90;1;2;0;
99;92;1;2;1088;
77;64;1;2;2393;
1;48;1;2;1638;
4;12;1;2;1740;
85;21;1;2;2272;
51;97;1;2;831;
27;87;1;2;224;
67;67;1;2;1058;
32;53;1;2;1398;
85;52;1;2;541;
74;50;1;2;1910;
97;78;1;2;2277;
47;30;1;2;747;
38;34;1;2;1638;
89;18;1;2;1856;
17;69;1;2;1034;
41;47;1;2;1441;
59;14;1;2;1885;
48;45;1;2;251;
32;81;1;2;996;
20;6;1;2;2020;
51;2;1;2;1302;
98;48;1;2;1238;
92;86;1;2;698;
97;26;1;2;984;
27;42;1;2;788;
53;34;1;2;1418;
18;44;1;2;1063;
1;91;1;2;1097;
84;74;1;2;518;
22;45;1;2;2377;
61;95;1;2;261;
25;92;1;2;1562;
70;35;1;2;416;
1;84;1;2;1069;
49;10;1;2;787;
17;15;1;2;407;
31;32;1;2;149;
11;32;1;2;1073;
34;67;1;2;2082;
90;40;1;2;1212;
50;100;1;2;375;
12;76;1;2;1854;
21;97;1;2;1390;
67;97;1;2;627;
38;45;1;2;1417;
2;61;1;2;2296;
99;44;1;2;2205;
39;54;1;2;528;
21;39;1;2;19;
0;1;576;151;
1;1;554;626;
2;1;578;644;
3;1;520;308;
4;1;532;540;
5;1;561;732;
6;1;533;979;
7;1;525;1113;
8;1;516;912;
9;1;507;1056;
10;1;534;1062;
11;1;567;1276;
12;1;502;1288;
13;1;582;1413;
14;1;529;1924;
15;1;564;1795;
16;1;548;1652;
17;1;530;1726;
18;1;573;1989;
19;1;517;2324;
20;1;510;2506;
21;1;532;2429;
22;1;555;2482;
23;1;584;2637;
24;1;528;2886;
25;1;590;2990;
26;1;579;2914;
27;1;589;2781;
28;1;564;3081;
29;1;530;3241;
30;1;590;3043;
31;1;547;3566;
32;1;562;3375;
33;1;565;3596;
34;1;528;3780;
35;1;590;3688;
36;1;557;3796;
37;1;582;3776;
38;1;580;4197;
39;1;584;3963;
40;1;508;4028;
41;1;572;4597;
42;1;532;4400;
43;1;518;4604;
44;1;530;4679;
45;1;538;4688;
46;1;545;4750;
47;1;507;5103;
48;1;563;5220;
49;1;544;5033;
