****3****
100
56;13;1;2;0;
39;30;1;2;0;
73;71;1;2;0;
45;68;1;2;0;
60;47;1;2;0;
69;32;1;2;0;
37;87;1;2;0;
55;49;1;2;0;
42;34;1;2;0;
25;95;1;2;0;
48;52;1;2;0;
6;49;1;2;0;
1;64;1;2;0;
10;4;1;2;0;
59;20;1;2;0;
57;66;1;2;0;
32;47;1;2;0;
96;5;1;2;0;
17;40;1;2;0;
24;29;1;2;0;
38;92;1;2;0;
12;74;1;2;0;
30;18;1;2;0;
75;72;1;2;0;
3;51;1;2;0;
66;51;1;2;0;
3;71;1;2;0;
51;55;1;2;0;
34;12;1;2;0;
58;44;1;2;0;
31;66;1;2;0;
10;63;1;2;0;
12;57;1;2;0;
19;81;1;2;0;
48;42;1;2;0;
61;85;1;2;0;
85;24;1;2;0;
11;14;1;2;0;
94;85;1;2;0;
37;96;1;2;0;
87;2;1;2;0;
46;89;1;2;0;
25;96;1;2;0;
95;58;1;2;0;
8;4;1;2;0;
54;90;1;2;0;
69;63;1;2;0;
4;33;1;2;0;
71;22;1;2;0;
65;18;1;2;0;
15;77;1;2;1651;
51;100;1;2;1238;
17;93;1;2;331;
53;41;1;2;831;
7;86;1;2;1492;
31;34;1;2;1522;
40;93;1;2;2136;
93;82;1;2;1500;
55;86;1;2;2002;
25;59;1;2;200;
94;26;1;2;834;
48;76;1;2;1035;
11;92;1;2;653;
11;97;1;2;1664;
49;3;1;2;719;
75;33;1;2;853;
100;72;1;2;1217;
77;65;1;2;998;
26;71;1;2;210;
7;96;1;2;1077;
56;41;1;2;2053;
29;88;1;2;2312;
53;51;1;2;1762;
70;13;1;2;994;
79;61;1;2;1545;
26;87;1;2;2303;
5;87;1;2;857;
77;15;1;2;366;
82;40;1;2;668;
24;98;1;2;746;
24;53;1;2;1325;
2;33;1;2;1558;
55;85;1;2;182;
99;7;1;2;31;
92;37;1;2;1938;
86;62;1;2;2392;
13;67;1;2;415;
11;43;1;2;649;
25;24;1;2;2089;
57;99;1;2;1741;
89;74;1;2;2304;
61;75;1;2;2111;
20;29;1;2;2199;
30;28;1;2;725;
3;71;1;2;1852;
37;56;1;2;1298;
57;68;1;2;2421;
15;78;1;2;1438;
87;2;1;2;1846;
50;11;1;2;1356;
0;1;562;320;
1;1;544;369;
2;1;511;550;
3;1;522;745;
4;1;599;463;
5;1;563;987;
6;1;593;926;
7;1;548;1027;
8;1;554;980;
9;1;556;937;
10;1;571;1348;
11;1;576;1655;
12;1;555;1478;
13;1;554;1596;
14;1;515;1590;
15;1;548;1735;
16;1;566;2032;
17;1;553;1781;
18;1;561;1986;
19;1;509;2336;
20;1;579;2382;
21;1;588;2154;
22;1;537;2357;
23;1;542;2393;
24;1;537;2825;
25;1;551;2534;
26;1;508;3085;
27;1;511;2956;
28;1;543;3295;
29;1;592;3204;
30;1;531;3099;
31;1;536;3135;
32;1;534;3317;
33;1;523;3711;
34;1;513;3627;
35;1;504;3810;
36;1;502;3684;
37;1;518;4161;
38;1;577;4095;
39;1;531;3931;
40;1;508;4360;
41;1;524;4562;
42;1;562;4663;
43;1;581;4468;
44;1;501;4897;
45;1;512;4738;
46;1;563;5121;
47;1;526;5150;
48;1;586;4905;
49;1;542;4937;
