****16****
100
74;40;1;2;0;
23;28;1;2;0;
61;85;1;2;0;
57;96;1;2;0;
98;17;1;2;0;
29;56;1;2;0;
48;74;1;2;0;
81;57;1;2;0;
86;73;1;2;0;
73;84;1;2;0;
77;82;1;2;0;
27;73;1;2;0;
49;34;1;2;0;
99;99;1;2;0;
50;47;1;2;0;
75;23;1;2;0;
39;49;1;2;0;
2;99;1;2;0;
85;10;1;2;0;
94;82;1;2;0;
78;74;1;2;0;
90;25;1;2;0;
99;70;1;2;0;
33;36;1;2;0;
42;57;1;2;0;
20;71;1;2;0;
38;98;1;2;0;
43;38;1;2;0;
31;41;1;2;0;
36;32;1;2;0;
40;62;1;2;0;
6;30;1;2;0;
10;8;1;2;0;
28;95;1;2;0;
69;73;1;2;0;
28;47;1;2;0;
99;17;1;2;0;
23;97;1;2;0;
87;8;1;2;0;
85;80;1;2;0;
64;4;1;2;0;
50;54;1;2;0;
53;92;1;2;0;
91;35;1;2;0;
85;79;1;2;0;
67;76;1;2;0;
40;72;1;2;0;
5;50;1;2;0;
31;32;1;2;0;
96;52;1;2;0;
56;23;1;2;2101;
54;40;1;2;807;
3;78;1;2;652;
39;57;1;2;835;
94;7;1;2;1713;
46;50;1;2;946;
80;34;1;2;1248;
46;9;1;2;1444;
70;65;1;2;1744;
100;96;1;2;138;
51;4;1;2;2395;
100;9;1;2;2402;
24;63;1;2;270;
54;1;1;2;1590;
100;94;1;2;692;
51;39;1;2;1784;
93;71;1;2;388;
12;16;1;2;592;
71;37;1;2;1583;
79;37;1;2;2039;
34;39;1;2;162;
12;91;1;2;527;
80;66;1;2;793;
78;71;1;2;1720;
84;23;1;2;2139;
96;73;1;2;1396;
9;65;1;2;1232;
8;77;1;2;254;
68;47;1;2;2259;
92;78;1;2;739;
63;11;1;2;1712;
38;74;1;2;2280;
73;6;1;2;749;
70;83;1;2;277;
68;18;1;2;1696;
12;65;1;2;1719;
94;25;1;2;1298;
98;85;1;2;1678;
17;52;1;2;1808;
25;95;1;2;930;
69;57;1;2;1687;
56;94;1;2;1469;
32;18;1;2;181;
26;88;1;2;596;
90;55;1;2;1805;
76;66;1;2;1997;
86;11;1;2;458;
13;8;1;2;78;
64;77;1;2;1452;
66;1;1;2;1161;
0;1;544;197;
1;1;597;108;
2;1;529;377;
3;1;548;839;
4;1;560;866;
5;1;585;981;
6;1;521;601;
7;1;554;962;
8;1;553;1098;
9;1;526;1394;
10;1;582;1292;
11;1;503;1572;
12;1;532;1554;
13;1;517;1438;
14;1;584;1569;
15;1;518;1758;
16;1;543;1932;
17;1;512;2038;
18;1;560;2330;
19;1;530;2321;
20;1;577;2348;
21;1;570;2506;
22;1;544;2254;
23;1;540;2776;
24;1;594;2570;
25;1;587;2762;
26;1;553;2826;
27;1;515;3123;
28;1;507;3040;
29;1;513;3125;
30;1;501;3223;
31;1;521;3338;
32;1;547;3565;
33;1;565;3433;
34;1;542;3859;
35;1;530;3529;
36;1;564;3922;
37;1;519;4112;
38;1;574;3859;
39;1;556;3910;
40;1;574;4405;
41;1;541;4389;
42;1;582;4692;
43;1;513;4520;
44;1;538;4536;
45;1;534;4935;
46;1;506;4941;
47;1;584;5235;
48;1;585;5092;
49;1;562;4905;
