****9****
100
2;17;1;2;0;
65;80;1;2;0;
56;86;1;2;0;
2;72;1;2;0;
40;89;1;2;0;
51;45;1;2;0;
21;29;1;2;0;
98;1;1;2;0;
8;77;1;2;0;
1;55;1;2;0;
100;8;1;2;0;
81;100;1;2;0;
50;46;1;2;0;
22;73;1;2;0;
88;5;1;2;0;
90;89;1;2;0;
21;54;1;2;0;
69;28;1;2;0;
91;22;1;2;0;
52;30;1;2;0;
10;2;1;2;0;
26;83;1;2;0;
30;24;1;2;0;
83;90;1;2;0;
52;35;1;2;0;
44;3;1;2;0;
42;76;1;2;0;
2;91;1;2;0;
21;24;1;2;0;
63;61;1;2;0;
80;4;1;2;0;
49;53;1;2;0;
9;69;1;2;0;
80;51;1;2;0;
90;83;1;2;0;
81;52;1;2;0;
36;58;1;2;0;
34;66;1;2;0;
81;68;1;2;0;
55;84;1;2;0;
2;50;1;2;0;
87;44;1;2;0;
77;40;1;2;0;
86;50;1;2;0;
15;1;1;2;0;
10;95;1;2;0;
56;58;1;2;0;
47;65;1;2;0;
27;78;1;2;0;
15;16;1;2;0;
61;47;1;2;373;
48;5;1;2;2119;
13;37;1;2;1195;
19;73;1;2;2339;
20;59;1;2;1165;
97;50;1;2;516;
46;65;1;2;1307;
55;59;1;2;1188;
64;57;1;2;2020;
42;34;1;2;2153;
10;46;1;2;1172;
28;94;1;2;885;
80;58;1;2;1494;
98;29;1;2;1894;
70;48;1;2;48;
85;96;1;2;24;
38;41;1;2;1076;
90;47;1;2;471;
98;11;1;2;2297;
22;4;1;2;2002;
13;13;1;2;2396;
50;41;1;2;2425;
43;20;1;2;1684;
24;69;1;2;2169;
26;39;1;2;145;
89;75;1;2;1921;
50;12;1;2;314;
27;2;1;2;2157;
14;99;1;2;2251;
57;21;1;2;1851;
34;33;1;2;147;
60;34;1;2;19;
31;28;1;2;1083;
59;51;1;2;2034;
68;28;1;2;212;
76;17;1;2;1782;
27;18;1;2;2264;
71;97;1;2;459;
14;10;1;2;60;
66;67;1;2;583;
74;52;1;2;1686;
95;63;1;2;2040;
55;93;1;2;27;
87;3;1;2;2146;
39;22;1;2;288;
81;97;1;2;2008;
97;76;1;2;2326;
25;98;1;2;2323;
6;11;1;2;2466;
86;29;1;2;57;
0;1;537;473;
1;1;538;546;
2;1;548;331;
3;1;541;583;
4;1;596;672;
5;1;541;809;
6;1;583;714;
7;1;572;1263;
8;1;511;993;
9;1;550;956;
10;1;596;1340;
11;1;532;1296;
12;1;568;1316;
13;1;556;1447;
14;1;574;1895;
15;1;523;1618;
16;1;589;1773;
17;1;583;1897;
18;1;564;1986;
19;1;591;2269;
20;1;511;2025;
21;1;509;2148;
22;1;513;2464;
23;1;553;2654;
24;1;501;2814;
25;1;529;2993;
26;1;566;3103;
27;1;592;3076;
28;1;501;2869;
29;1;572;3025;
30;1;534;3269;
31;1;536;3474;
32;1;506;3409;
33;1;511;3322;
34;1;545;3612;
35;1;531;3653;
36;1;535;4089;
37;1;600;3998;
38;1;572;4071;
39;1;521;4366;
40;1;557;4379;
41;1;571;4208;
42;1;565;4236;
43;1;558;4764;
44;1;561;4606;
45;1;594;4557;
46;1;523;4659;
47;1;520;4839;
48;1;551;4919;
49;1;552;5010;
