****17****
100
46;43;1;2;0;
48;9;1;2;0;
94;66;1;2;0;
16;67;1;2;0;
75;23;1;2;0;
85;100;1;2;0;
16;25;1;2;0;
77;50;1;2;0;
31;41;1;2;0;
90;69;1;2;0;
17;75;1;2;0;
10;74;1;2;0;
29;94;1;2;0;
77;65;1;2;0;
93;91;1;2;0;
43;38;1;2;0;
85;42;1;2;0;
47;78;1;2;0;
59;14;1;2;0;
96;33;1;2;0;
37;80;1;2;0;
84;4;1;2;0;
56;12;1;2;0;
53;87;1;2;0;
52;42;1;2;0;
7;68;1;2;0;
17;16;1;2;0;
93;97;1;2;0;
61;69;1;2;0;
61;54;1;2;0;
11;55;1;2;0;
43;96;1;2;0;
96;41;1;2;0;
25;6;1;2;0;
7;21;1;2;0;
90;95;1;2;0;
52;73;1;2;0;
98;8;1;2;0;
84;51;1;2;0;
46;35;1;2;0;
44;52;1;2;0;
54;12;1;2;0;
19;46;1;2;0;
8;32;1;2;0;
67;21;1;2;0;
37;29;1;2;0;
75;79;1;2;0;
76;23;1;2;0;
72;1;1;2;0;
28;78;1;2;0;
73;18;1;2;649;
24;90;1;2;1615;
83;74;1;2;2130;
28;60;1;2;1714;
31;66;1;2;1843;
50;63;1;2;527;
33;81;1;2;1448;
69;10;1;2;1596;
99;85;1;2;1543;
70;37;1;2;486;
99;61;1;2;125;
22;85;1;2;851;
43;67;1;2;1706;
65;95;1;2;673;
31;25;1;2;771;
9;26;1;2;1128;
46;58;1;2;907;
3;78;1;2;901;
34;77;1;2;1102;
40;46;1;2;2246;
21;45;1;2;1031;
71;66;1;2;914;
62;60;1;2;2405;
27;25;1;2;2287;
3;55;1;2;1082;
96;15;1;2;715;
51;60;1;2;1488;
39;14;1;2;2331;
88;48;1;2;1425;
22;39;1;2;2215;
44;59;1;2;1462;
26;81;1;2;2316;
45;94;1;2;1389;
82;20;1;2;817;
65;74;1;2;2310;
72;21;1;2;211;
57;24;1;2;53;
52;62;1;2;779;
24;50;1;2;1488;
24;23;1;2;1222;
17;18;1;2;469;
59;43;1;2;1857;
66;39;1;2;1236;
32;72;1;2;313;
75;36;1;2;2264;
24;8;1;2;355;
87;16;1;2;720;
10;19;1;2;1767;
99;94;1;2;1895;
34;17;1;2;2207;
0;1;508;149;
1;1;504;414;
2;1;544;325;
3;1;559;779;
4;1;589;592;
5;1;592;679;
6;1;548;1129;
7;1;596;1073;
8;1;541;966;
9;1;533;916;
10;1;522;1249;
11;1;589;1624;
12;1;597;1692;
13;1;534;1674;
14;1;573;1612;
15;1;599;1916;
16;1;588;2181;
17;1;522;1762;
18;1;504;2203;
19;1;539;2411;
20;1;599;2454;
21;1;503;2109;
22;1;600;2649;
23;1;552;2723;
24;1;556;2743;
25;1;571;2905;
26;1;518;2643;
27;1;570;3203;
28;1;550;3104;
29;1;527;3232;
30;1;557;3105;
31;1;553;3456;
32;1;579;3743;
33;1;526;3741;
34;1;558;3853;
35;1;577;3568;
36;1;546;3834;
37;1;555;3931;
38;1;581;3854;
39;1;588;4363;
40;1;594;4506;
41;1;565;4465;
42;1;522;4683;
43;1;576;4486;
44;1;541;4726;
45;1;545;4723;
46;1;579;5053;
47;1;593;4880;
48;1;575;5242;
49;1;590;5072;
