****1****
100
72;55;1;2;0;
47;19;1;2;0;
26;14;1;2;0;
62;52;1;2;0;
4;23;1;2;0;
29;33;1;2;0;
49;81;1;2;0;
41;89;1;2;0;
79;61;1;2;0;
43;71;1;2;0;
13;34;1;2;0;
50;93;1;2;0;
8;86;1;2;0;
27;83;1;2;0;
31;70;1;2;0;
63;2;1;2;0;
24;61;1;2;0;
72;2;1;2;0;
75;86;1;2;0;
5;30;1;2;0;
60;34;1;2;0;
62;8;1;2;0;
14;54;1;2;0;
48;45;1;2;0;
66;90;1;2;0;
15;78;1;2;0;
75;16;1;2;0;
22;34;1;2;0;
53;100;1;2;0;
17;83;1;2;0;
22;79;1;2;0;
36;45;1;2;0;
91;60;1;2;0;
98;65;1;2;0;
45;3;1;2;0;
47;4;1;2;0;
36;60;1;2;0;
63;1;1;2;0;
14;10;1;2;0;
97;31;1;2;0;
51;11;1;2;0;
9;77;1;2;0;
27;82;1;2;0;
11;31;1;2;0;
34;79;1;2;0;
14;55;1;2;0;
9;49;1;2;0;
51;99;1;2;0;
8;49;1;2;0;
16;4;1;2;0;
51;62;1;2;1324;
38;21;1;2;1994;
90;86;1;2;841;
87;17;1;2;1854;
97;77;1;2;785;
75;58;1;2;661;
6;43;1;2;2378;
71;97;1;2;1773;
19;48;1;2;2360;
79;96;1;2;1276;
34;98;1;2;882;
93;35;1;2;1585;
17;24;1;2;1132;
99;62;1;2;1221;
34;59;1;2;2404;
46;85;1;2;427;
20;42;1;2;1545;
24;12;1;2;633;
84;83;1;2;2103;
95;13;1;2;2454;
72;46;1;2;2434;
11;90;1;2;468;
70;7;1;2;759;
18;57;1;2;2067;
31;42;1;2;2149;
23;88;1;2;80;
73;59;1;2;250;
66;83;1;2;592;
7;18;1;2;1632;
95;64;1;2;58;
30;88;1;2;1885;
62;98;1;2;931;
80;19;1;2;1697;
73;36;1;2;20;
28;18;1;2;260;
41;41;1;2;700;
91;65;1;2;2001;
82;30;1;2;1540;
84;88;1;2;1092;
69;34;1;2;513;
17;15;1;2;1087;
11;28;1;2;1191;
47;59;1;2;2414;
88;32;1;2;887;
86;59;1;2;335;
77;52;1;2;659;
7;94;1;2;2290;
47;75;1;2;1770;
70;10;1;2;2237;
62;30;1;2;788;
0;1;569;51;
1;1;589;422;
2;1;557;454;
3;1;555;719;
4;1;527;921;
5;1;543;741;
6;1;514;835;
7;1;568;779;
8;1;508;1002;
9;1;535;1333;
10;1;564;1149;
11;1;560;1189;
12;1;506;1224;
13;1;600;1845;
14;1;542;1612;
15;1;572;1814;
16;1;527;1749;
17;1;574;2207;
18;1;579;2365;
19;1;590;2306;
20;1;548;2167;
21;1;566;2334;
22;1;511;2306;
23;1;589;2709;
24;1;556;2838;
25;1;583;3051;
26;1;528;2938;
27;1;561;3108;
28;1;575;2909;
29;1;583;2969;
30;1;541;3381;
31;1;579;3340;
32;1;517;3489;
33;1;502;3674;
34;1;583;3658;
35;1;504;3774;
36;1;575;3743;
37;1;543;3847;
38;1;554;4338;
39;1;555;4284;
40;1;505;4339;
41;1;581;4449;
42;1;584;4400;
43;1;569;4842;
44;1;553;4850;
45;1;526;4718;
46;1;556;4995;
47;1;559;4851;
48;1;507;5120;
49;1;522;5043;
