****6****
100
90;5;1;2;0;
82;3;1;2;0;
34;37;1;2;0;
43;37;1;2;0;
48;48;1;2;0;
98;93;1;2;0;
85;80;1;2;0;
47;37;1;2;0;
7;90;1;2;0;
19;8;1;2;0;
98;99;1;2;0;
67;74;1;2;0;
88;99;1;2;0;
62;82;1;2;0;
38;42;1;2;0;
88;27;1;2;0;
98;69;1;2;0;
30;31;1;2;0;
58;24;1;2;0;
20;57;1;2;0;
71;69;1;2;0;
1;55;1;2;0;
1;47;1;2;0;
44;7;1;2;0;
36;14;1;2;0;
14;85;1;2;0;
64;32;1;2;0;
58;51;1;2;0;
31;72;1;2;0;
84;20;1;2;0;
13;23;1;2;0;
47;63;1;2;0;
43;28;1;2;0;
45;52;1;2;0;
51;64;1;2;0;
8;22;1;2;0;
85;8;1;2;0;
28;85;1;2;0;
6;71;1;2;0;
91;41;1;2;0;
84;57;1;2;0;
78;47;1;2;0;
88;35;1;2;0;
49;70;1;2;0;
58;84;1;2;0;
42;23;1;2;0;
58;88;1;2;0;
85;1;1;2;0;
15;29;1;2;0;
52;17;1;2;0;
93;12;1;2;2267;
29;71;1;2;2170;
13;77;1;2;553;
55;69;1;2;1321;
63;46;1;2;775;
3;33;1;2;1810;
24;90;1;2;316;
65;12;1;2;1150;
52;96;1;2;213;
18;25;1;2;1163;
87;69;1;2;1300;
76;49;1;2;984;
45;61;1;2;967;
85;67;1;2;357;
12;30;1;2;399;
37;84;1;2;1827;
11;7;1;2;2245;
73;72;1;2;1938;
92;75;1;2;810;
63;45;1;2;610;
85;31;1;2;858;
71;6;1;2;2250;
79;51;1;2;468;
11;87;1;2;328;
15;50;1;2;2200;
65;86;1;2;905;
99;49;1;2;1524;
23;21;1;2;1616;
10;64;1;2;1173;
44;26;1;2;759;
55;62;1;2;1586;
85;32;1;2;921;
64;62;1;2;935;
2;72;1;2;2181;
59;39;1;2;982;
97;3;1;2;617;
18;2;1;2;392;
46;76;1;2;628;
96;37;1;2;2475;
21;32;1;2;1148;
42;86;1;2;309;
41;23;1;2;1262;
50;86;1;2;2488;
8;87;1;2;2457;
5;98;1;2;1525;
50;94;1;2;93;
81;64;1;2;2490;
60;9;1;2;957;
63;56;1;2;2438;
77;77;1;2;239;
0;1;520;469;
1;1;599;518;
2;1;511;502;
3;1;509;367;
4;1;558;497;
5;1;519;598;
6;1;579;1023;
7;1;594;893;
8;1;573;1282;
9;1;504;1004;
10;1;554;1315;
11;1;565;1393;
12;1;564;1258;
13;1;570;1852;
14;1;556;1749;
15;1;506;1594;
16;1;567;1971;
17;1;599;1999;
18;1;577;2197;
19;1;540;2414;
20;1;517;2267;
21;1;531;2162;
22;1;533;2585;
23;1;537;2664;
24;1;566;2821;
25;1;562;2579;
26;1;561;3136;
27;1;533;2878;
28;1;556;3021;
29;1;569;3119;
30;1;599;3540;
31;1;590;3587;
32;1;530;3417;
33;1;546;3304;
34;1;599;3646;
35;1;593;3895;
36;1;548;4010;
37;1;561;3970;
38;1;502;3908;
39;1;589;4024;
40;1;540;4041;
41;1;586;4102;
42;1;531;4623;
43;1;576;4357;
44;1;572;4695;
45;1;501;4515;
46;1;522;4845;
47;1;540;5102;
48;1;581;5130;
49;1;561;5183;
