****7****
100
22;5;1;2;0;
93;21;1;2;0;
31;6;1;2;0;
1;32;1;2;0;
54;41;1;2;0;
99;94;1;2;0;
94;84;1;2;0;
46;24;1;2;0;
54;21;1;2;0;
61;26;1;2;0;
69;13;1;2;0;
48;90;1;2;0;
54;87;1;2;0;
44;87;1;2;0;
23;5;1;2;0;
65;97;1;2;0;
9;10;1;2;0;
17;40;1;2;0;
15;69;1;2;0;
23;20;1;2;0;
61;21;1;2;0;
65;54;1;2;0;
57;10;1;2;0;
77;10;1;2;0;
83;90;1;2;0;
87;51;1;2;0;
2;34;1;2;0;
92;8;1;2;0;
72;35;1;2;0;
46;95;1;2;0;
91;10;1;2;0;
43;52;1;2;0;
19;11;1;2;0;
91;85;1;2;0;
80;65;1;2;0;
57;40;1;2;0;
86;21;1;2;0;
46;94;1;2;0;
31;22;1;2;0;
55;65;1;2;0;
63;42;1;2;0;
15;17;1;2;0;
27;58;1;2;0;
76;99;1;2;0;
44;21;1;2;0;
45;35;1;2;0;
30;87;1;2;0;
86;1;1;2;0;
97;28;1;2;0;
37;28;1;2;0;
92;93;1;2;453;
29;66;1;2;2074;
22;96;1;2;623;
77;12;1;2;415;
70;78;1;2;2243;
96;35;1;2;2471;
94;78;1;2;2349;
90;64;1;2;48;
28;49;1;2;341;
77;28;1;2;1862;
4;20;1;2;896;
75;48;1;2;715;
39;22;1;2;495;
29;50;1;2;1297;
29;19;1;2;1535;
97;14;1;2;2092;
40;60;1;2;1217;
55;49;1;2;1861;
99;77;1;2;1672;
96;53;1;2;1540;
81;8;1;2;723;
10;83;1;2;645;
5;21;1;2;1950;
46;1;1;2;895;
99;29;1;2;1034;
28;77;1;2;333;
44;68;1;2;1403;
37;22;1;2;1344;
45;73;1;2;2144;
54;20;1;2;2178;
91;100;1;2;1814;
98;61;1;2;1502;
5;17;1;2;819;
33;63;1;2;387;
62;13;1;2;625;
57;40;1;2;1273;
18;83;1;2;2307;
37;71;1;2;1068;
5;68;1;2;113;
53;21;1;2;2280;
53;63;1;2;1932;
61;13;1;2;2467;
50;69;1;2;2102;
64;54;1;2;1336;
79;15;1;2;1466;
22;72;1;2;1531;
93;41;1;2;1121;
32;77;1;2;1457;
45;34;1;2;1898;
29;86;1;2;1619;
0;1;585;303;
1;1;561;121;
2;1;599;771;
3;1;554;361;
4;1;541;813;
5;1;516;1005;
6;1;535;778;
7;1;561;1214;
8;1;515;841;
9;1;594;1072;
10;1;572;1472;
11;1;591;1119;
12;1;583;1499;
13;1;533;1631;
14;1;567;1788;
15;1;554;2026;
16;1;509;2072;
17;1;542;1734;
18;1;538;2000;
19;1;558;2093;
20;1;584;2392;
21;1;576;2166;
22;1;566;2335;
23;1;515;2716;
24;1;567;2660;
25;1;591;3055;
26;1;536;3044;
27;1;589;2805;
28;1;571;3235;
29;1;578;3320;
30;1;544;3478;
31;1;540;3511;
32;1;548;3380;
33;1;510;3414;
34;1;527;3743;
35;1;567;3602;
36;1;544;3765;
37;1;533;4032;
38;1;577;4074;
39;1;545;4124;
40;1;506;4212;
41;1;536;4608;
42;1;519;4406;
43;1;515;4728;
44;1;549;4580;
45;1;525;4616;
46;1;527;4876;
47;1;595;4786;
48;1;596;5219;
49;1;563;5007;
