****12****
100
52;57;1;2;0;
70;675;1;2;0;
584;789;1;2;0;
229;840;1;2;0;
370;352;1;2;0;
270;776;1;2;0;
374;372;1;2;0;
901;161;1;2;0;
784;843;1;2;0;
966;746;1;2;0;
240;344;1;2;0;
25;522;1;2;0;
982;57;1;2;0;
320;858;1;2;0;
986;162;1;2;0;
3;38;1;2;0;
571;72;1;2;0;
64;506;1;2;0;
860;645;1;2;0;
697;581;1;2;0;
996;966;1;2;0;
356;722;1;2;0;
689;256;1;2;0;
882;472;1;2;0;
450;200;1;2;0;
569;41;1;2;0;
543;946;1;2;0;
563;876;1;2;0;
2;882;1;2;0;
86;988;1;2;0;
396;88;1;2;0;
377;318;1;2;0;
511;440;1;2;0;
823;723;1;2;0;
84;519;1;2;0;
303;432;1;2;0;
836;11;1;2;0;
153;524;1;2;0;
618;34;1;2;0;
347;420;1;2;0;
585;267;1;2;0;
460;479;1;2;0;
212;374;1;2;0;
355;214;1;2;0;
608;792;1;2;0;
553;355;1;2;0;
879;929;1;2;0;
672;741;1;2;0;
720;494;1;2;0;
815;804;1;2;0;
364;470;1;2;4714;
199;832;1;2;685;
74;449;1;2;11051;
420;220;1;2;16163;
38;680;1;2;5194;
250;53;1;2;11788;
463;12;1;2;14241;
367;366;1;2;8822;
295;37;1;2;14899;
14;882;1;2;11774;
169;597;1;2;7835;
755;147;1;2;627;
493;220;1;2;7422;
617;991;1;2;6187;
325;29;1;2;5373;
863;630;1;2;7741;
756;444;1;2;18988;
791;810;1;2;13992;
705;104;1;2;23321;
63;469;1;2;3974;
883;638;1;2;5290;
877;392;1;2;19312;
349;885;1;2;13467;
622;501;1;2;23539;
115;177;1;2;24591;
638;39;1;2;21256;
566;146;1;2;12116;
506;937;1;2;11573;
811;993;1;2;4081;
504;407;1;2;13144;
79;289;1;2;14833;
251;517;1;2;18358;
569;866;1;2;19907;
106;487;1;2;10027;
986;953;1;2;2633;
246;591;1;2;7415;
135;508;1;2;11162;
467;13;1;2;865;
960;175;1;2;17092;
556;679;1;2;22492;
973;109;1;2;6086;
26;359;1;2;712;
471;927;1;2;9244;
152;385;1;2;9607;
333;722;1;2;12486;
42;320;1;2;23253;
142;806;1;2;24648;
387;273;1;2;15156;
920;584;1;2;8767;
797;492;1;2;3803;
0;1;80;664;
1;1;224;651;
2;1;489;682;
3;1;91;662;
4;1;361;696;
5;1;463;697;
6;1;40;698;
7;1;170;686;
8;1;41;689;
9;1;322;682;
10;1;295;667;
11;1;68;669;
12;1;277;689;
13;1;354;662;
14;1;135;695;
15;1;476;664;
16;1;308;651;
17;1;217;699;
18;1;133;659;
19;1;312;695;
