****18****
100
930;326;1;2;0;
775;368;1;2;0;
829;180;1;2;0;
575;286;1;2;0;
113;91;1;2;0;
155;493;1;2;0;
80;408;1;2;0;
421;722;1;2;0;
204;455;1;2;0;
93;945;1;2;0;
284;620;1;2;0;
243;838;1;2;0;
229;942;1;2;0;
447;811;1;2;0;
166;991;1;2;0;
229;448;1;2;0;
669;4;1;2;0;
167;849;1;2;0;
535;93;1;2;0;
134;647;1;2;0;
183;288;1;2;0;
491;615;1;2;0;
696;911;1;2;0;
688;899;1;2;0;
717;132;1;2;0;
195;1000;1;2;0;
103;437;1;2;0;
837;332;1;2;0;
378;635;1;2;0;
494;896;1;2;0;
626;722;1;2;0;
695;646;1;2;0;
77;213;1;2;0;
494;963;1;2;0;
305;979;1;2;0;
961;839;1;2;0;
266;451;1;2;0;
453;313;1;2;0;
713;492;1;2;0;
211;430;1;2;0;
623;405;1;2;0;
781;726;1;2;0;
193;618;1;2;0;
409;571;1;2;0;
252;254;1;2;0;
818;229;1;2;0;
975;864;1;2;0;
874;404;1;2;0;
76;719;1;2;0;
366;380;1;2;0;
697;327;1;2;3006;
315;129;1;2;16659;
627;194;1;2;7995;
190;623;1;2;8858;
946;403;1;2;21781;
139;372;1;2;20537;
61;624;1;2;164;
230;204;1;2;7621;
93;430;1;2;19983;
168;500;1;2;20474;
899;197;1;2;22203;
468;863;1;2;4051;
490;489;1;2;6949;
356;30;1;2;23279;
844;976;1;2;3006;
761;114;1;2;15942;
86;526;1;2;12812;
664;755;1;2;14399;
568;847;1;2;11937;
876;14;1;2;13572;
901;264;1;2;24;
604;731;1;2;5548;
435;221;1;2;6323;
108;928;1;2;8649;
106;123;1;2;15634;
859;883;1;2;18650;
984;968;1;2;23575;
83;631;1;2;904;
386;550;1;2;10399;
470;425;1;2;24318;
54;677;1;2;3532;
833;632;1;2;5546;
827;67;1;2;19769;
661;174;1;2;6443;
524;631;1;2;1675;
363;842;1;2;2245;
666;825;1;2;3689;
495;907;1;2;8419;
429;645;1;2;21808;
858;466;1;2;16087;
3;519;1;2;13976;
412;704;1;2;12679;
551;882;1;2;18494;
262;542;1;2;15618;
900;417;1;2;4577;
12;131;1;2;13379;
654;797;1;2;7964;
615;643;1;2;5641;
558;71;1;2;20808;
698;280;1;2;15400;
0;1;467;685;
1;1;55;663;
2;1;46;660;
3;1;490;696;
4;1;491;685;
5;1;209;684;
6;1;153;658;
7;1;300;653;
8;1;471;681;
9;1;295;676;
10;1;79;662;
11;1;90;673;
12;1;36;699;
13;1;495;658;
14;1;196;675;
15;1;494;663;
16;1;409;700;
17;1;427;656;
18;1;9;666;
19;1;401;651;
