****1****
100
76;40;1;2;0;
49;82;1;2;0;
75;22;1;2;0;
6;35;1;2;0;
57;92;1;2;0;
32;93;1;2;0;
56;54;1;2;0;
58;77;1;2;0;
7;40;1;2;0;
63;88;1;2;0;
57;61;1;2;0;
100;5;1;2;0;
34;37;1;2;0;
45;38;1;2;0;
75;36;1;2;0;
98;2;1;2;0;
75;46;1;2;0;
35;1;1;2;0;
19;40;1;2;0;
88;75;1;2;0;
83;71;1;2;0;
20;38;1;2;0;
25;29;1;2;0;
67;83;1;2;0;
68;81;1;2;0;
70;25;1;2;0;
93;21;1;2;0;
29;79;1;2;0;
57;25;1;2;0;
16;83;1;2;0;
13;65;1;2;0;
85;39;1;2;0;
63;19;1;2;0;
40;81;1;2;0;
11;79;1;2;0;
8;93;1;2;0;
49;79;1;2;0;
83;25;1;2;0;
7;1;1;2;0;
7;27;1;2;0;
33;76;1;2;0;
3;25;1;2;0;
48;31;1;2;0;
3;5;1;2;0;
7;70;1;2;0;
87;71;1;2;0;
35;23;1;2;0;
10;49;1;2;0;
42;49;1;2;0;
29;4;1;2;0;
79;88;1;2;1278;
79;66;1;2;1175;
4;25;1;2;5;
10;51;1;2;744;
38;53;1;2;2048;
37;35;1;2;1893;
41;93;1;2;1877;
80;64;1;2;1777;
2;73;1;2;1402;
95;73;1;2;1831;
98;3;1;2;1298;
46;81;1;2;2392;
27;84;1;2;112;
9;46;1;2;358;
74;83;1;2;796;
64;19;1;2;1369;
9;12;1;2;1295;
75;43;1;2;1499;
75;96;1;2;27;
75;91;1;2;659;
55;40;1;2;145;
23;85;1;2;789;
9;64;1;2;1080;
70;24;1;2;1515;
34;97;1;2;1992;
49;13;1;2;1836;
3;21;1;2;1897;
49;95;1;2;1492;
10;21;1;2;2466;
95;95;1;2;2229;
52;49;1;2;2299;
63;24;1;2;1459;
2;32;1;2;885;
77;53;1;2;581;
49;86;1;2;1295;
3;87;1;2;72;
28;89;1;2;1310;
15;89;1;2;1884;
97;98;1;2;1070;
22;44;1;2;274;
89;95;1;2;1328;
47;57;1;2;527;
42;10;1;2;266;
100;39;1;2;657;
81;87;1;2;2062;
63;90;1;2;276;
4;69;1;2;1673;
18;83;1;2;43;
77;79;1;2;1891;
9;52;1;2;2242;
0;1;586;277;
1;1;523;409;
2;1;591;671;
3;1;513;506;
4;1;540;816;
5;1;532;801;
6;1;582;853;
7;1;517;710;
8;1;526;813;
9;1;512;1037;
10;1;526;1023;
11;1;551;1237;
12;1;544;1514;
13;1;591;1406;
14;1;587;1511;
15;1;505;1642;
16;1;586;1838;
17;1;536;2171;
18;1;561;2331;
19;1;559;2378;
20;1;597;2186;
21;1;582;2311;
22;1;506;2567;
23;1;533;2649;
24;1;555;2708;
25;1;516;2795;
26;1;503;2880;
27;1;591;3254;
28;1;545;2872;
29;1;574;3004;
30;1;527;3281;
31;1;555;3151;
32;1;508;3682;
33;1;539;3324;
34;1;591;3604;
35;1;520;3638;
36;1;591;4157;
37;1;569;3813;
38;1;550;3950;
39;1;530;4185;
40;1;597;4239;
41;1;587;4231;
42;1;563;4309;
43;1;549;4303;
44;1;562;4661;
45;1;538;4617;
46;1;504;4883;
47;1;551;4918;
48;1;534;4856;
49;1;531;5392;
