****7****
100
159;324;1;2;0;
335;245;1;2;0;
924;436;1;2;0;
885;21;1;2;0;
855;768;1;2;0;
853;506;1;2;0;
494;157;1;2;0;
82;154;1;2;0;
921;958;1;2;0;
683;607;1;2;0;
693;342;1;2;0;
253;387;1;2;0;
242;709;1;2;0;
133;649;1;2;0;
339;510;1;2;0;
930;849;1;2;0;
834;616;1;2;0;
94;109;1;2;0;
52;330;1;2;0;
129;258;1;2;0;
449;334;1;2;0;
763;943;1;2;0;
490;196;1;2;0;
96;763;1;2;0;
505;130;1;2;0;
721;550;1;2;0;
823;973;1;2;0;
936;64;1;2;0;
681;420;1;2;0;
64;371;1;2;0;
929;346;1;2;0;
220;114;1;2;0;
313;665;1;2;0;
223;364;1;2;0;
346;703;1;2;0;
973;794;1;2;0;
36;87;1;2;0;
88;878;1;2;0;
282;535;1;2;0;
640;139;1;2;0;
16;360;1;2;0;
688;838;1;2;0;
332;623;1;2;0;
254;364;1;2;0;
42;669;1;2;0;
87;322;1;2;0;
14;658;1;2;0;
436;327;1;2;0;
322;10;1;2;0;
42;19;1;2;0;
712;15;1;2;21051;
100;101;1;2;14164;
977;735;1;2;12246;
616;873;1;2;10570;
327;560;1;2;17208;
10;534;1;2;2049;
373;575;1;2;8770;
459;248;1;2;20957;
468;683;1;2;23553;
789;44;1;2;22001;
159;756;1;2;482;
323;855;1;2;10258;
574;831;1;2;16878;
711;798;1;2;4778;
864;476;1;2;2820;
207;485;1;2;12518;
802;209;1;2;12242;
66;20;1;2;11498;
344;487;1;2;9083;
651;628;1;2;2934;
1000;786;1;2;2415;
715;108;1;2;9613;
883;33;1;2;785;
784;744;1;2;4847;
558;959;1;2;14129;
242;165;1;2;2544;
812;967;1;2;19587;
955;32;1;2;24764;
698;727;1;2;9056;
124;730;1;2;1622;
945;81;1;2;2889;
169;796;1;2;6661;
951;678;1;2;8843;
915;461;1;2;19435;
676;370;1;2;24006;
912;964;1;2;19258;
984;775;1;2;4994;
264;81;1;2;19481;
916;779;1;2;8672;
702;254;1;2;23371;
467;198;1;2;8328;
17;718;1;2;16274;
27;668;1;2;11962;
422;934;1;2;7774;
559;609;1;2;12986;
655;872;1;2;5416;
620;855;1;2;24832;
550;470;1;2;6225;
512;385;1;2;15592;
905;438;1;2;12014;
0;1;26;656;
1;1;458;680;
2;1;125;677;
3;1;77;653;
4;1;46;653;
5;1;424;679;
6;1;442;683;
7;1;87;700;
8;1;489;658;
9;1;321;658;
10;1;164;666;
11;1;158;686;
12;1;143;671;
13;1;222;651;
14;1;277;660;
15;1;411;655;
16;1;267;669;
17;1;234;691;
18;1;395;663;
19;1;394;691;
