****3****
100
959;296;1;2;0;
300;485;1;2;0;
813;352;1;2;0;
226;372;1;2;0;
706;925;1;2;0;
291;776;1;2;0;
116;438;1;2;0;
86;428;1;2;0;
221;957;1;2;0;
259;328;1;2;0;
433;240;1;2;0;
799;429;1;2;0;
919;108;1;2;0;
481;325;1;2;0;
560;36;1;2;0;
604;870;1;2;0;
684;903;1;2;0;
355;848;1;2;0;
606;932;1;2;0;
220;311;1;2;0;
856;510;1;2;0;
87;323;1;2;0;
299;172;1;2;0;
750;520;1;2;0;
481;9;1;2;0;
199;913;1;2;0;
248;349;1;2;0;
693;518;1;2;0;
457;173;1;2;0;
195;368;1;2;0;
561;798;1;2;0;
238;596;1;2;0;
700;944;1;2;0;
443;306;1;2;0;
875;662;1;2;0;
968;82;1;2;0;
524;406;1;2;0;
404;174;1;2;0;
578;505;1;2;0;
693;410;1;2;0;
513;243;1;2;0;
322;112;1;2;0;
592;15;1;2;0;
982;400;1;2;0;
187;176;1;2;0;
767;99;1;2;0;
973;4;1;2;0;
694;24;1;2;0;
299;137;1;2;0;
329;173;1;2;0;
150;649;1;2;16439;
25;54;1;2;23358;
199;983;1;2;10222;
891;392;1;2;12947;
486;714;1;2;1813;
77;80;1;2;19886;
476;618;1;2;9003;
594;717;1;2;5644;
950;410;1;2;11140;
248;898;1;2;8444;
773;48;1;2;17568;
26;424;1;2;16315;
35;622;1;2;1370;
900;865;1;2;2332;
925;350;1;2;12657;
766;426;1;2;16637;
588;253;1;2;22506;
937;198;1;2;8396;
258;499;1;2;22047;
603;747;1;2;17739;
628;519;1;2;176;
653;896;1;2;17676;
379;282;1;2;3575;
440;181;1;2;4450;
541;458;1;2;23464;
58;575;1;2;17072;
303;163;1;2;18046;
517;451;1;2;5909;
447;709;1;2;21194;
786;663;1;2;7593;
375;642;1;2;11000;
363;294;1;2;100;
127;24;1;2;21006;
160;464;1;2;13431;
761;356;1;2;13077;
359;413;1;2;3500;
86;67;1;2;89;
65;583;1;2;14095;
593;29;1;2;1161;
620;167;1;2;1924;
393;893;1;2;20332;
388;608;1;2;1198;
279;734;1;2;15336;
803;245;1;2;9617;
507;5;1;2;18119;
21;715;1;2;1249;
109;800;1;2;647;
711;864;1;2;18312;
115;808;1;2;10392;
876;428;1;2;5677;
0;1;2;670;
1;1;311;668;
2;1;60;668;
3;1;478;688;
4;1;3;662;
5;1;140;699;
6;1;461;698;
7;1;455;665;
8;1;18;671;
9;1;234;678;
10;1;320;669;
11;1;40;685;
12;1;190;655;
13;1;343;688;
14;1;382;670;
15;1;156;683;
16;1;441;667;
17;1;152;652;
18;1;236;680;
19;1;189;691;
