****0****
100
40;41;1;2;0;
22;65;1;2;0;
40;74;1;2;0;
56;78;1;2;0;
19;70;1;2;0;
17;12;1;2;0;
82;2;1;2;0;
21;17;1;2;0;
51;42;1;2;0;
53;48;1;2;0;
28;46;1;2;0;
87;66;1;2;0;
32;44;1;2;0;
51;39;1;2;0;
5;22;1;2;0;
75;44;1;2;0;
14;96;1;2;0;
60;54;1;2;0;
69;16;1;2;0;
31;39;1;2;0;
37;100;1;2;0;
51;70;1;2;0;
1;23;1;2;0;
87;51;1;2;0;
16;39;1;2;0;
50;44;1;2;0;
37;88;1;2;0;
61;68;1;2;0;
31;12;1;2;0;
6;35;1;2;0;
85;80;1;2;0;
30;98;1;2;0;
27;90;1;2;0;
3;96;1;2;0;
57;34;1;2;0;
34;93;1;2;0;
85;36;1;2;0;
15;37;1;2;0;
59;1;1;2;0;
40;74;1;2;0;
91;89;1;2;0;
69;27;1;2;0;
29;30;1;2;0;
94;59;1;2;0;
93;52;1;2;0;
46;77;1;2;0;
83;27;1;2;0;
26;10;1;2;0;
68;29;1;2;0;
5;76;1;2;0;
14;90;1;2;872;
98;26;1;2;601;
34;36;1;2;2204;
73;61;1;2;559;
14;82;1;2;1536;
42;63;1;2;1835;
52;55;1;2;1145;
49;83;1;2;1247;
28;8;1;2;999;
95;88;1;2;1474;
71;1;1;2;1035;
91;50;1;2;680;
25;36;1;2;1506;
11;60;1;2;630;
35;73;1;2;504;
38;66;1;2;71;
35;70;1;2;264;
34;18;1;2;1774;
16;97;1;2;517;
7;92;1;2;863;
54;14;1;2;1568;
91;56;1;2;1088;
4;80;1;2;966;
57;90;1;2;696;
18;76;1;2;499;
12;14;1;2;2139;
68;48;1;2;399;
30;33;1;2;2477;
74;49;1;2;1973;
25;55;1;2;2205;
16;9;1;2;1071;
8;99;1;2;1946;
49;54;1;2;429;
77;10;1;2;1225;
12;79;1;2;2395;
24;42;1;2;470;
50;61;1;2;2292;
96;90;1;2;1503;
12;63;1;2;1854;
25;88;1;2;1845;
28;3;1;2;446;
97;62;1;2;1198;
20;10;1;2;2280;
75;38;1;2;198;
70;2;1;2;582;
41;25;1;2;1443;
25;74;1;2;347;
60;22;1;2;63;
28;85;1;2;2365;
43;9;1;2;271;
0;1;513;275;
1;1;574;582;
2;1;537;388;
3;1;571;350;
4;1;549;827;
5;1;582;957;
6;1;552;639;
7;1;587;1167;
8;1;592;1287;
9;1;544;1096;
10;1;537;1057;
11;1;528;1521;
12;1;589;1478;
13;1;595;1529;
14;1;598;1774;
15;1;591;2050;
16;1;543;1884;
17;1;505;2053;
18;1;502;2162;
19;1;535;2184;
20;1;583;2055;
21;1;588;2433;
22;1;519;2338;
23;1;511;2368;
24;1;585;2928;
25;1;579;2930;
26;1;525;2957;
27;1;583;2857;
28;1;513;3000;
29;1;537;3411;
30;1;532;3090;
31;1;575;3473;
32;1;546;3492;
33;1;553;3841;
34;1;506;3526;
35;1;549;3566;
36;1;506;4033;
37;1;574;4120;
38;1;561;4232;
39;1;535;4350;
40;1;537;4184;
41;1;571;4639;
42;1;522;4360;
43;1;530;4385;
44;1;530;4617;
45;1;547;5018;
46;1;596;4825;
47;1;586;4744;
48;1;552;4833;
49;1;540;5208;
