****8****
100
117;669;1;2;0;
419;558;1;2;0;
3;358;1;2;0;
559;992;1;2;0;
167;379;1;2;0;
951;183;1;2;0;
496;460;1;2;0;
668;991;1;2;0;
833;241;1;2;0;
641;461;1;2;0;
252;51;1;2;0;
115;519;1;2;0;
771;701;1;2;0;
409;518;1;2;0;
863;654;1;2;0;
958;979;1;2;0;
323;728;1;2;0;
889;325;1;2;0;
437;447;1;2;0;
668;604;1;2;0;
178;971;1;2;0;
138;673;1;2;0;
782;805;1;2;0;
663;614;1;2;0;
45;655;1;2;0;
427;297;1;2;0;
706;541;1;2;0;
167;476;1;2;0;
241;575;1;2;0;
993;455;1;2;0;
581;302;1;2;0;
434;255;1;2;0;
382;322;1;2;0;
579;170;1;2;0;
768;599;1;2;0;
125;945;1;2;0;
569;262;1;2;0;
970;350;1;2;0;
66;984;1;2;0;
316;463;1;2;0;
639;742;1;2;0;
111;344;1;2;0;
634;277;1;2;0;
171;227;1;2;0;
203;516;1;2;0;
681;783;1;2;0;
169;114;1;2;0;
37;902;1;2;0;
787;968;1;2;0;
72;907;1;2;0;
566;196;1;2;16000;
486;458;1;2;20542;
187;875;1;2;3338;
854;689;1;2;7245;
595;799;1;2;17699;
581;427;1;2;4123;
807;630;1;2;24696;
839;764;1;2;6895;
305;153;1;2;20958;
91;120;1;2;8101;
349;37;1;2;16765;
552;874;1;2;5728;
75;60;1;2;21233;
582;266;1;2;3010;
727;860;1;2;1442;
567;792;1;2;7962;
578;950;1;2;3122;
455;789;1;2;13773;
501;93;1;2;22032;
449;535;1;2;4467;
467;884;1;2;15437;
33;787;1;2;19966;
408;861;1;2;2849;
658;443;1;2;20631;
596;521;1;2;16747;
684;88;1;2;19046;
551;17;1;2;24175;
399;471;1;2;3126;
11;972;1;2;8688;
774;772;1;2;9318;
361;238;1;2;14181;
983;623;1;2;14277;
831;30;1;2;9643;
90;687;1;2;3618;
262;634;1;2;3447;
997;670;1;2;6323;
524;572;1;2;14122;
1;971;1;2;6034;
617;981;1;2;11708;
326;106;1;2;8844;
273;466;1;2;1048;
103;801;1;2;7332;
719;631;1;2;10671;
547;720;1;2;9547;
170;333;1;2;4720;
665;329;1;2;2130;
247;205;1;2;7491;
845;205;1;2;1171;
265;173;1;2;21945;
9;850;1;2;21338;
0;1;23;672;
1;1;246;677;
2;1;224;696;
3;1;205;692;
4;1;28;663;
5;1;341;699;
6;1;107;662;
7;1;431;686;
8;1;26;661;
9;1;335;674;
10;1;315;655;
11;1;468;671;
12;1;345;684;
13;1;44;667;
14;1;444;693;
15;1;446;669;
16;1;367;691;
17;1;297;690;
18;1;88;652;
19;1;384;665;
