****13****
100
55;85;1;2;0;
61;8;1;2;0;
43;84;1;2;0;
87;33;1;2;0;
60;96;1;2;0;
23;97;1;2;0;
23;94;1;2;0;
35;45;1;2;0;
21;43;1;2;0;
56;71;1;2;0;
91;69;1;2;0;
20;47;1;2;0;
28;54;1;2;0;
26;61;1;2;0;
27;26;1;2;0;
64;33;1;2;0;
63;24;1;2;0;
40;5;1;2;0;
59;27;1;2;0;
38;19;1;2;0;
74;12;1;2;0;
67;96;1;2;0;
5;54;1;2;0;
92;78;1;2;0;
48;47;1;2;0;
100;38;1;2;0;
68;19;1;2;0;
36;95;1;2;0;
25;13;1;2;0;
7;3;1;2;0;
39;23;1;2;0;
36;53;1;2;0;
46;75;1;2;0;
57;5;1;2;0;
53;46;1;2;0;
75;78;1;2;0;
57;41;1;2;0;
25;14;1;2;0;
94;17;1;2;0;
91;93;1;2;0;
15;90;1;2;0;
83;34;1;2;0;
61;18;1;2;0;
81;37;1;2;0;
83;39;1;2;0;
39;73;1;2;0;
61;74;1;2;0;
25;7;1;2;0;
1;81;1;2;0;
11;5;1;2;0;
27;37;1;2;1828;
35;77;1;2;145;
48;23;1;2;1775;
90;15;1;2;846;
32;97;1;2;782;
92;67;1;2;1918;
28;49;1;2;2212;
18;21;1;2;1478;
44;45;1;2;1459;
96;77;1;2;1441;
52;55;1;2;379;
86;90;1;2;482;
97;37;1;2;1535;
75;79;1;2;966;
20;10;1;2;564;
99;53;1;2;2417;
57;80;1;2;1982;
6;49;1;2;1169;
64;92;1;2;1705;
79;87;1;2;469;
57;39;1;2;2345;
70;76;1;2;1267;
60;24;1;2;802;
76;99;1;2;928;
7;70;1;2;688;
86;20;1;2;2490;
83;29;1;2;1294;
28;34;1;2;2194;
97;97;1;2;648;
10;76;1;2;22;
51;32;1;2;773;
47;1;1;2;2234;
32;13;1;2;2047;
58;40;1;2;1988;
9;98;1;2;402;
22;83;1;2;576;
86;17;1;2;1926;
82;96;1;2;1662;
26;92;1;2;1266;
61;53;1;2;2196;
35;4;1;2;894;
99;50;1;2;242;
39;34;1;2;725;
2;91;1;2;1377;
15;51;1;2;664;
49;72;1;2;1653;
51;10;1;2;1757;
33;91;1;2;463;
49;16;1;2;1435;
13;76;1;2;1384;
0;1;552;342;
1;1;574;125;
2;1;513;422;
3;1;600;650;
4;1;508;790;
5;1;504;869;
6;1;569;857;
7;1;501;737;
8;1;567;1288;
9;1;506;1232;
10;1;533;1506;
11;1;554;1562;
12;1;511;1681;
13;1;590;1337;
14;1;514;1817;
15;1;598;1592;
16;1;532;1658;
17;1;542;1719;
18;1;598;2158;
19;1;547;2147;
20;1;583;2178;
21;1;507;2376;
22;1;568;2270;
23;1;599;2580;
24;1;534;2737;
25;1;506;2678;
26;1;540;2638;
27;1;593;2904;
28;1;512;2810;
29;1;530;3196;
30;1;552;3142;
31;1;545;3419;
32;1;598;3243;
33;1;578;3602;
34;1;531;3545;
35;1;551;3996;
36;1;574;4026;
37;1;568;3732;
38;1;567;4068;
39;1;530;4042;
40;1;521;4273;
41;1;571;4591;
42;1;546;4618;
43;1;514;4316;
44;1;549;4479;
45;1;586;4659;
46;1;522;4997;
47;1;586;5096;
48;1;568;5151;
49;1;517;4908;
