****9****
100
814;724;1;2;0;
65;772;1;2;0;
437;495;1;2;0;
157;814;1;2;0;
958;343;1;2;0;
437;624;1;2;0;
197;256;1;2;0;
847;393;1;2;0;
339;242;1;2;0;
911;135;1;2;0;
486;857;1;2;0;
453;852;1;2;0;
399;749;1;2;0;
442;987;1;2;0;
102;325;1;2;0;
953;267;1;2;0;
400;18;1;2;0;
38;188;1;2;0;
864;547;1;2;0;
1;821;1;2;0;
241;437;1;2;0;
797;790;1;2;0;
692;643;1;2;0;
182;382;1;2;0;
236;445;1;2;0;
516;721;1;2;0;
653;320;1;2;0;
573;51;1;2;0;
421;14;1;2;0;
37;522;1;2;0;
690;990;1;2;0;
141;441;1;2;0;
7;530;1;2;0;
628;222;1;2;0;
428;628;1;2;0;
395;669;1;2;0;
416;191;1;2;0;
458;107;1;2;0;
185;991;1;2;0;
840;420;1;2;0;
435;708;1;2;0;
140;87;1;2;0;
27;712;1;2;0;
490;447;1;2;0;
77;526;1;2;0;
321;766;1;2;0;
867;461;1;2;0;
206;225;1;2;0;
342;833;1;2;0;
447;770;1;2;0;
812;841;1;2;9348;
227;383;1;2;3312;
685;919;1;2;17050;
877;338;1;2;23244;
584;829;1;2;17460;
610;893;1;2;1469;
409;969;1;2;13572;
729;87;1;2;1676;
541;644;1;2;21719;
882;829;1;2;23871;
3;640;1;2;5514;
440;219;1;2;4498;
38;903;1;2;6829;
627;779;1;2;12618;
2;714;1;2;19536;
463;324;1;2;12312;
766;732;1;2;23039;
946;812;1;2;15785;
992;352;1;2;1924;
967;585;1;2;7971;
388;588;1;2;4621;
649;379;1;2;12569;
996;417;1;2;9740;
909;395;1;2;16669;
511;396;1;2;11391;
294;858;1;2;14136;
616;975;1;2;19343;
611;272;1;2;18625;
340;616;1;2;10770;
65;582;1;2;18800;
265;970;1;2;13481;
457;618;1;2;10905;
219;966;1;2;12137;
884;874;1;2;11474;
31;737;1;2;9407;
539;30;1;2;644;
723;997;1;2;11654;
989;608;1;2;10505;
67;299;1;2;23873;
847;363;1;2;722;
212;628;1;2;12678;
516;436;1;2;19749;
551;655;1;2;1431;
1;890;1;2;16803;
198;920;1;2;1233;
437;810;1;2;3754;
238;884;1;2;9430;
14;873;1;2;20794;
61;291;1;2;1381;
723;137;1;2;5367;
0;1;466;651;
1;1;86;679;
2;1;68;671;
3;1;361;668;
4;1;27;658;
5;1;471;666;
6;1;380;668;
7;1;187;691;
8;1;456;697;
9;1;330;694;
10;1;380;668;
11;1;207;654;
12;1;113;669;
13;1;394;657;
14;1;341;683;
15;1;463;656;
16;1;83;698;
17;1;484;652;
18;1;420;696;
19;1;472;697;
