****14****
100
234;183;1;2;0;
535;998;1;2;0;
764;544;1;2;0;
703;161;1;2;0;
406;695;1;2;0;
208;109;1;2;0;
434;511;1;2;0;
696;376;1;2;0;
339;784;1;2;0;
879;282;1;2;0;
991;489;1;2;0;
491;388;1;2;0;
988;562;1;2;0;
819;513;1;2;0;
854;726;1;2;0;
154;88;1;2;0;
260;689;1;2;0;
437;375;1;2;0;
232;139;1;2;0;
536;637;1;2;0;
186;743;1;2;0;
97;619;1;2;0;
606;144;1;2;0;
346;944;1;2;0;
928;224;1;2;0;
577;918;1;2;0;
713;67;1;2;0;
657;52;1;2;0;
980;475;1;2;0;
564;834;1;2;0;
552;70;1;2;0;
273;811;1;2;0;
758;709;1;2;0;
185;989;1;2;0;
200;720;1;2;0;
626;737;1;2;0;
815;74;1;2;0;
707;772;1;2;0;
218;53;1;2;0;
67;145;1;2;0;
276;643;1;2;0;
414;340;1;2;0;
709;70;1;2;0;
744;40;1;2;0;
896;659;1;2;0;
873;447;1;2;0;
728;145;1;2;0;
609;485;1;2;0;
206;145;1;2;0;
826;405;1;2;0;
865;803;1;2;4336;
31;876;1;2;15500;
802;93;1;2;9558;
868;589;1;2;21808;
510;354;1;2;1568;
570;423;1;2;22178;
609;670;1;2;9820;
834;116;1;2;7605;
978;76;1;2;8726;
535;221;1;2;2139;
939;437;1;2;3274;
431;467;1;2;19368;
630;620;1;2;22985;
880;487;1;2;23777;
758;348;1;2;7105;
328;269;1;2;13165;
992;229;1;2;7009;
315;62;1;2;23998;
366;392;1;2;6053;
605;926;1;2;6452;
317;217;1;2;13088;
831;999;1;2;13448;
572;628;1;2;7571;
758;860;1;2;18673;
533;969;1;2;3789;
661;648;1;2;4568;
563;992;1;2;15231;
135;306;1;2;23382;
175;23;1;2;23923;
290;627;1;2;18481;
625;943;1;2;20918;
748;125;1;2;8321;
337;49;1;2;685;
897;806;1;2;7570;
295;690;1;2;23535;
688;702;1;2;6889;
53;265;1;2;2565;
294;751;1;2;22631;
597;277;1;2;22441;
643;566;1;2;12971;
615;542;1;2;23607;
802;289;1;2;7623;
988;977;1;2;11635;
154;225;1;2;8626;
530;519;1;2;24623;
227;558;1;2;14479;
924;610;1;2;20858;
259;904;1;2;767;
604;852;1;2;7700;
620;495;1;2;24959;
0;1;114;659;
1;1;316;652;
2;1;410;657;
3;1;167;700;
4;1;433;682;
5;1;403;658;
6;1;303;684;
7;1;176;665;
8;1;363;686;
9;1;380;686;
10;1;195;660;
11;1;396;698;
12;1;142;700;
13;1;450;700;
14;1;471;694;
15;1;124;686;
16;1;404;692;
17;1;337;663;
18;1;248;656;
19;1;414;682;
