****10****
100
555;942;1;2;0;
214;435;1;2;0;
961;253;1;2;0;
127;768;1;2;0;
749;956;1;2;0;
461;480;1;2;0;
624;519;1;2;0;
84;736;1;2;0;
637;329;1;2;0;
944;829;1;2;0;
63;906;1;2;0;
635;145;1;2;0;
305;970;1;2;0;
499;577;1;2;0;
666;970;1;2;0;
375;220;1;2;0;
263;940;1;2;0;
6;223;1;2;0;
192;132;1;2;0;
990;940;1;2;0;
88;803;1;2;0;
772;63;1;2;0;
673;207;1;2;0;
150;662;1;2;0;
887;94;1;2;0;
490;950;1;2;0;
351;476;1;2;0;
446;8;1;2;0;
446;944;1;2;0;
584;111;1;2;0;
265;310;1;2;0;
330;527;1;2;0;
249;688;1;2;0;
101;441;1;2;0;
819;443;1;2;0;
732;258;1;2;0;
597;855;1;2;0;
672;269;1;2;0;
61;822;1;2;0;
282;948;1;2;0;
267;124;1;2;0;
897;617;1;2;0;
599;694;1;2;0;
976;44;1;2;0;
638;911;1;2;0;
154;902;1;2;0;
220;836;1;2;0;
781;469;1;2;0;
523;881;1;2;0;
261;693;1;2;0;
675;992;1;2;14029;
271;847;1;2;10293;
892;259;1;2;1499;
525;558;1;2;16757;
648;454;1;2;20856;
247;500;1;2;4712;
290;137;1;2;13446;
796;390;1;2;12326;
631;170;1;2;10155;
505;403;1;2;17820;
197;429;1;2;20825;
499;52;1;2;23579;
121;943;1;2;2989;
915;467;1;2;16838;
976;115;1;2;2123;
5;713;1;2;13447;
9;2;1;2;18882;
924;149;1;2;7009;
411;779;1;2;23418;
365;635;1;2;1884;
932;184;1;2;7214;
842;682;1;2;21747;
598;154;1;2;11017;
964;69;1;2;9781;
240;396;1;2;20753;
970;400;1;2;577;
198;408;1;2;18562;
563;684;1;2;22625;
21;94;1;2;11886;
296;458;1;2;18856;
678;741;1;2;2676;
488;582;1;2;22881;
349;531;1;2;19256;
504;847;1;2;20551;
477;86;1;2;16274;
565;55;1;2;6776;
716;253;1;2;21771;
869;167;1;2;24702;
171;187;1;2;5143;
955;834;1;2;498;
373;863;1;2;5836;
975;702;1;2;14731;
610;402;1;2;7506;
46;257;1;2;7654;
255;734;1;2;11508;
858;650;1;2;16697;
861;365;1;2;16162;
623;586;1;2;3785;
68;108;1;2;11576;
958;62;1;2;12951;
0;1;157;684;
1;1;451;697;
2;1;408;652;
3;1;471;667;
4;1;406;675;
5;1;415;662;
6;1;477;671;
7;1;395;664;
8;1;378;694;
9;1;258;688;
10;1;261;656;
11;1;212;696;
12;1;320;681;
13;1;453;672;
14;1;88;664;
15;1;310;695;
16;1;447;662;
17;1;341;657;
18;1;263;661;
19;1;223;668;
