****17****
100
62;93;1;2;0;
31;22;1;2;0;
26;58;1;2;0;
97;51;1;2;0;
35;69;1;2;0;
24;61;1;2;0;
92;96;1;2;0;
8;75;1;2;0;
18;94;1;2;0;
22;3;1;2;0;
69;21;1;2;0;
73;30;1;2;0;
17;72;1;2;0;
12;35;1;2;0;
34;33;1;2;0;
74;48;1;2;0;
25;4;1;2;0;
69;3;1;2;0;
61;17;1;2;0;
53;47;1;2;0;
38;77;1;2;0;
8;81;1;2;0;
24;67;1;2;0;
7;41;1;2;0;
12;28;1;2;0;
95;81;1;2;0;
100;68;1;2;0;
62;16;1;2;0;
91;73;1;2;0;
50;76;1;2;0;
58;75;1;2;0;
23;34;1;2;0;
78;92;1;2;0;
36;39;1;2;0;
60;89;1;2;0;
85;97;1;2;0;
17;44;1;2;0;
29;92;1;2;0;
11;35;1;2;0;
84;22;1;2;0;
62;79;1;2;0;
2;61;1;2;0;
98;64;1;2;0;
77;40;1;2;0;
88;78;1;2;0;
15;97;1;2;0;
53;38;1;2;0;
31;82;1;2;0;
81;66;1;2;0;
20;40;1;2;0;
6;57;1;2;2451;
74;52;1;2;235;
65;62;1;2;1278;
1;84;1;2;1994;
31;37;1;2;2480;
28;52;1;2;2016;
67;92;1;2;2150;
81;88;1;2;2434;
70;18;1;2;107;
50;36;1;2;2066;
42;93;1;2;1435;
30;67;1;2;528;
98;83;1;2;1269;
49;83;1;2;668;
14;13;1;2;1118;
91;92;1;2;1056;
44;10;1;2;2141;
26;43;1;2;808;
65;12;1;2;768;
33;14;1;2;70;
72;55;1;2;2020;
20;84;1;2;1230;
71;81;1;2;331;
83;82;1;2;1391;
79;95;1;2;1523;
63;85;1;2;70;
50;80;1;2;2218;
29;57;1;2;166;
47;21;1;2;1315;
34;53;1;2;365;
9;25;1;2;2056;
24;96;1;2;1338;
57;18;1;2;945;
72;100;1;2;2162;
70;78;1;2;1979;
33;92;1;2;375;
39;94;1;2;1873;
54;74;1;2;1117;
12;72;1;2;542;
33;5;1;2;257;
67;65;1;2;2329;
7;88;1;2;691;
30;44;1;2;873;
85;16;1;2;1645;
22;37;1;2;1178;
4;69;1;2;588;
23;7;1;2;933;
20;61;1;2;1855;
74;24;1;2;1665;
1;8;1;2;1130;
0;1;580;465;
1;1;550;632;
2;1;532;225;
3;1;585;765;
4;1;533;586;
5;1;545;594;
6;1;522;1057;
7;1;537;924;
8;1;522;1306;
9;1;558;1405;
10;1;564;1281;
11;1;515;1485;
12;1;600;1440;
13;1;551;1528;
14;1;541;1488;
15;1;513;1793;
16;1;535;1892;
17;1;554;2103;
18;1;552;2305;
19;1;578;2045;
20;1;593;2203;
21;1;584;2397;
22;1;592;2243;
23;1;584;2800;
24;1;576;2844;
25;1;560;2550;
26;1;534;2851;
27;1;518;2826;
28;1;566;3083;
29;1;561;3436;
30;1;577;3250;
31;1;577;3235;
32;1;539;3215;
33;1;528;3405;
34;1;523;3620;
35;1;526;3776;
36;1;531;4095;
37;1;581;4099;
38;1;532;4019;
39;1;538;4326;
40;1;508;4372;
41;1;550;4240;
42;1;522;4636;
43;1;526;4389;
44;1;587;4949;
45;1;545;4529;
46;1;562;4619;
47;1;526;4860;
48;1;507;4876;
49;1;590;5051;
