****2****
100
88;939;1;2;0;
845;451;1;2;0;
45;468;1;2;0;
129;801;1;2;0;
595;313;1;2;0;
554;475;1;2;0;
109;813;1;2;0;
181;909;1;2;0;
690;786;1;2;0;
982;397;1;2;0;
237;480;1;2;0;
447;331;1;2;0;
250;148;1;2;0;
829;124;1;2;0;
168;508;1;2;0;
684;255;1;2;0;
798;528;1;2;0;
58;842;1;2;0;
347;538;1;2;0;
994;941;1;2;0;
202;900;1;2;0;
415;310;1;2;0;
712;947;1;2;0;
219;754;1;2;0;
732;552;1;2;0;
502;968;1;2;0;
31;948;1;2;0;
650;281;1;2;0;
448;479;1;2;0;
404;615;1;2;0;
986;439;1;2;0;
221;136;1;2;0;
318;630;1;2;0;
977;664;1;2;0;
167;323;1;2;0;
956;720;1;2;0;
222;722;1;2;0;
30;285;1;2;0;
668;600;1;2;0;
390;752;1;2;0;
151;892;1;2;0;
71;534;1;2;0;
191;721;1;2;0;
814;638;1;2;0;
199;569;1;2;0;
604;536;1;2;0;
359;177;1;2;0;
671;676;1;2;0;
806;1000;1;2;0;
691;325;1;2;0;
322;646;1;2;930;
543;367;1;2;2271;
179;34;1;2;24650;
569;785;1;2;7013;
812;856;1;2;8620;
2;928;1;2;4876;
992;126;1;2;19136;
595;13;1;2;18949;
771;684;1;2;21867;
577;35;1;2;9373;
253;356;1;2;9107;
296;250;1;2;19361;
369;780;1;2;5422;
392;348;1;2;4191;
566;159;1;2;2186;
625;161;1;2;588;
497;504;1;2;3823;
641;98;1;2;1057;
791;221;1;2;1432;
968;149;1;2;8625;
835;401;1;2;4527;
347;696;1;2;2123;
577;416;1;2;15133;
193;808;1;2;11817;
593;725;1;2;14322;
200;702;1;2;5825;
86;198;1;2;20655;
97;191;1;2;10548;
120;981;1;2;8108;
179;949;1;2;21932;
623;135;1;2;1708;
423;482;1;2;18874;
823;410;1;2;5193;
3;602;1;2;12566;
531;546;1;2;20757;
569;745;1;2;20128;
119;182;1;2;11059;
172;278;1;2;14935;
322;750;1;2;703;
45;928;1;2;19726;
563;902;1;2;6374;
834;324;1;2;22005;
152;147;1;2;10977;
533;149;1;2;5960;
426;31;1;2;13395;
43;599;1;2;10465;
361;717;1;2;22761;
228;888;1;2;6350;
286;562;1;2;10045;
324;606;1;2;12525;
0;1;14;670;
1;1;200;686;
2;1;205;675;
3;1;292;656;
4;1;21;659;
5;1;241;672;
6;1;175;666;
7;1;52;689;
8;1;208;653;
9;1;200;670;
10;1;71;692;
11;1;147;659;
12;1;461;682;
13;1;20;682;
14;1;107;677;
15;1;129;670;
16;1;496;680;
17;1;458;651;
18;1;55;651;
19;1;56;677;
