****6****
100
73;38;1;2;0;
14;56;1;2;0;
77;68;1;2;0;
87;4;1;2;0;
90;93;1;2;0;
36;2;1;2;0;
62;97;1;2;0;
43;67;1;2;0;
61;88;1;2;0;
15;28;1;2;0;
86;37;1;2;0;
95;79;1;2;0;
2;11;1;2;0;
92;74;1;2;0;
92;41;1;2;0;
30;65;1;2;0;
78;96;1;2;0;
20;6;1;2;0;
63;7;1;2;0;
9;4;1;2;0;
51;45;1;2;0;
5;12;1;2;0;
93;99;1;2;0;
30;5;1;2;0;
87;96;1;2;0;
84;24;1;2;0;
84;30;1;2;0;
2;85;1;2;0;
40;93;1;2;0;
10;32;1;2;0;
33;40;1;2;0;
48;62;1;2;0;
35;19;1;2;0;
68;49;1;2;0;
77;28;1;2;0;
53;27;1;2;0;
72;9;1;2;0;
90;16;1;2;0;
8;71;1;2;0;
72;46;1;2;0;
66;7;1;2;0;
69;49;1;2;0;
37;70;1;2;0;
86;28;1;2;0;
15;95;1;2;0;
59;47;1;2;0;
86;58;1;2;0;
61;72;1;2;0;
77;28;1;2;0;
21;53;1;2;0;
55;25;1;2;2192;
79;85;1;2;997;
46;44;1;2;63;
70;89;1;2;1128;
76;57;1;2;362;
12;79;1;2;776;
40;93;1;2;2285;
50;39;1;2;746;
8;99;1;2;369;
36;78;1;2;224;
88;85;1;2;957;
71;15;1;2;1856;
92;12;1;2;2053;
35;81;1;2;1349;
95;57;1;2;1127;
4;68;1;2;1568;
50;59;1;2;1342;
39;9;1;2;132;
65;68;1;2;392;
62;3;1;2;1140;
32;42;1;2;2334;
77;13;1;2;1714;
7;56;1;2;1464;
29;42;1;2;1651;
43;36;1;2;132;
13;92;1;2;393;
62;41;1;2;2298;
2;31;1;2;1587;
81;47;1;2;225;
63;61;1;2;2036;
74;92;1;2;282;
69;20;1;2;2158;
78;27;1;2;1162;
50;55;1;2;2357;
3;49;1;2;1874;
12;61;1;2;72;
89;22;1;2;232;
76;24;1;2;2138;
71;56;1;2;1536;
33;18;1;2;1298;
49;43;1;2;1650;
54;11;1;2;1049;
24;40;1;2;1352;
48;90;1;2;2114;
66;44;1;2;2183;
19;56;1;2;187;
15;96;1;2;201;
51;23;1;2;1061;
18;93;1;2;402;
84;77;1;2;1121;
0;1;557;160;
1;1;541;277;
2;1;530;533;
3;1;562;754;
4;1;543;737;
5;1;553;657;
6;1;544;705;
7;1;528;843;
8;1;540;1114;
9;1;588;1189;
10;1;530;1237;
11;1;504;1331;
12;1;563;1627;
13;1;596;1775;
14;1;557;1564;
15;1;542;1818;
16;1;548;1721;
17;1;542;2042;
18;1;537;1871;
19;1;582;1989;
20;1;578;2469;
21;1;567;2200;
22;1;507;2480;
23;1;584;2661;
24;1;580;2743;
25;1;599;2963;
26;1;561;3116;
27;1;564;3115;
28;1;579;3055;
29;1;519;3207;
30;1;534;3441;
31;1;504;3524;
32;1;545;3444;
33;1;562;3319;
34;1;600;3542;
35;1;565;3683;
36;1;580;3842;
37;1;502;3899;
38;1;577;4210;
39;1;583;4146;
40;1;560;4420;
41;1;569;4543;
42;1;586;4611;
43;1;548;4448;
44;1;543;4631;
45;1;551;4538;
46;1;577;4863;
47;1;509;5066;
48;1;551;5305;
49;1;506;5069;
