****16****
100
13;85;1;2;0;
84;87;1;2;0;
29;11;1;2;0;
4;6;1;2;0;
3;35;1;2;0;
30;1;1;2;0;
1;98;1;2;0;
25;54;1;2;0;
62;66;1;2;0;
46;34;1;2;0;
67;91;1;2;0;
55;44;1;2;0;
26;84;1;2;0;
42;55;1;2;0;
20;87;1;2;0;
10;84;1;2;0;
71;45;1;2;0;
71;52;1;2;0;
7;26;1;2;0;
57;10;1;2;0;
12;39;1;2;0;
62;64;1;2;0;
88;86;1;2;0;
18;1;1;2;0;
51;63;1;2;0;
34;69;1;2;0;
6;40;1;2;0;
64;31;1;2;0;
23;6;1;2;0;
38;43;1;2;0;
44;47;1;2;0;
26;15;1;2;0;
43;48;1;2;0;
18;50;1;2;0;
26;26;1;2;0;
59;37;1;2;0;
64;20;1;2;0;
1;3;1;2;0;
57;70;1;2;0;
55;8;1;2;0;
32;88;1;2;0;
28;89;1;2;0;
27;92;1;2;0;
72;2;1;2;0;
49;9;1;2;0;
96;92;1;2;0;
7;73;1;2;0;
58;49;1;2;0;
21;75;1;2;0;
50;46;1;2;0;
1;60;1;2;690;
16;31;1;2;2365;
71;88;1;2;101;
25;95;1;2;927;
13;74;1;2;264;
91;65;1;2;2024;
44;13;1;2;1967;
39;57;1;2;315;
12;14;1;2;1359;
84;89;1;2;269;
81;41;1;2;581;
14;56;1;2;1379;
100;78;1;2;1083;
6;3;1;2;1114;
44;15;1;2;37;
23;57;1;2;850;
72;1;1;2;446;
30;91;1;2;1156;
93;2;1;2;1856;
9;85;1;2;956;
23;17;1;2;0;
96;83;1;2;1808;
51;34;1;2;1234;
94;39;1;2;331;
30;35;1;2;982;
92;57;1;2;8;
19;80;1;2;1444;
10;9;1;2;458;
9;54;1;2;483;
21;62;1;2;1636;
74;36;1;2;1846;
18;83;1;2;1800;
18;34;1;2;1365;
48;27;1;2;642;
27;8;1;2;561;
25;100;1;2;1388;
79;70;1;2;148;
85;31;1;2;1304;
33;39;1;2;177;
31;11;1;2;625;
18;36;1;2;415;
21;54;1;2;132;
6;23;1;2;1156;
24;70;1;2;2068;
32;49;1;2;1485;
75;73;1;2;1948;
73;3;1;2;1804;
3;39;1;2;1503;
94;71;1;2;2197;
89;54;1;2;747;
0;1;546;22;
1;1;584;578;
2;1;543;247;
3;1;566;379;
4;1;512;541;
5;1;575;730;
6;1;564;705;
7;1;529;730;
8;1;580;832;
9;1;506;1176;
10;1;555;1308;
11;1;559;1245;
12;1;515;1606;
13;1;568;1731;
14;1;593;1410;
15;1;548;1929;
16;1;543;1733;
17;1;528;2148;
18;1;520;2024;
19;1;536;2134;
20;1;522;2201;
21;1;512;2140;
22;1;515;2526;
23;1;546;2372;
24;1;545;2705;
25;1;551;3015;
26;1;521;2852;
27;1;548;3182;
28;1;513;2931;
29;1;539;3179;
30;1;535;3530;
31;1;594;3564;
32;1;569;3411;
33;1;565;3563;
34;1;518;3737;
35;1;571;3625;
36;1;509;3713;
37;1;528;3870;
38;1;526;4226;
39;1;521;3920;
40;1;527;4321;
41;1;572;4415;
42;1;532;4634;
43;1;586;4543;
44;1;585;4688;
45;1;600;4818;
46;1;562;4924;
47;1;599;4708;
48;1;518;5120;
49;1;570;5137;
