****4****
100
67;21;1;2;0;
20;54;1;2;0;
58;19;1;2;0;
88;46;1;2;0;
75;37;1;2;0;
3;60;1;2;0;
38;24;1;2;0;
31;94;1;2;0;
60;95;1;2;0;
28;99;1;2;0;
83;41;1;2;0;
87;23;1;2;0;
59;12;1;2;0;
72;67;1;2;0;
66;39;1;2;0;
42;33;1;2;0;
12;61;1;2;0;
38;69;1;2;0;
32;25;1;2;0;
14;6;1;2;0;
13;68;1;2;0;
65;2;1;2;0;
92;95;1;2;0;
48;3;1;2;0;
42;75;1;2;0;
1;24;1;2;0;
68;39;1;2;0;
46;26;1;2;0;
51;70;1;2;0;
44;16;1;2;0;
60;85;1;2;0;
100;71;1;2;0;
46;37;1;2;0;
40;29;1;2;0;
13;5;1;2;0;
34;77;1;2;0;
73;98;1;2;0;
31;16;1;2;0;
45;78;1;2;0;
18;38;1;2;0;
4;70;1;2;0;
61;71;1;2;0;
61;59;1;2;0;
48;63;1;2;0;
80;92;1;2;0;
30;39;1;2;0;
28;30;1;2;0;
10;25;1;2;0;
18;49;1;2;0;
53;83;1;2;0;
53;86;1;2;659;
77;36;1;2;1502;
92;80;1;2;427;
61;17;1;2;1056;
83;29;1;2;19;
43;39;1;2;1192;
5;18;1;2;2461;
34;57;1;2;2007;
15;18;1;2;2191;
33;66;1;2;633;
67;70;1;2;1639;
29;99;1;2;1720;
70;42;1;2;2311;
91;3;1;2;1528;
16;37;1;2;814;
64;79;1;2;947;
59;35;1;2;855;
97;68;1;2;714;
62;35;1;2;1973;
52;19;1;2;2242;
95;85;1;2;562;
75;13;1;2;116;
38;34;1;2;1011;
84;77;1;2;1895;
46;92;1;2;1791;
88;55;1;2;76;
21;13;1;2;2126;
24;9;1;2;1730;
34;23;1;2;1666;
62;74;1;2;36;
6;68;1;2;1120;
72;94;1;2;573;
36;31;1;2;2406;
42;66;1;2;2041;
1;11;1;2;538;
97;51;1;2;417;
70;71;1;2;371;
30;94;1;2;362;
9;80;1;2;2396;
22;41;1;2;1161;
53;46;1;2;2296;
20;18;1;2;2436;
51;53;1;2;804;
68;46;1;2;2210;
61;47;1;2;683;
46;43;1;2;2036;
37;64;1;2;2216;
92;45;1;2;2084;
56;53;1;2;2353;
94;26;1;2;2496;
0;1;554;1;
1;1;566;504;
2;1;549;570;
3;1;509;338;
4;1;588;955;
5;1;571;627;
6;1;537;748;
7;1;579;1222;
8;1;529;1277;
9;1;553;1078;
10;1;537;1251;
11;1;508;1160;
12;1;557;1227;
13;1;586;1452;
14;1;509;1402;
15;1;557;1597;
16;1;541;2048;
17;1;598;1878;
18;1;557;2336;
19;1;592;2471;
20;1;522;2476;
21;1;529;2448;
22;1;546;2548;
23;1;529;2782;
24;1;584;2604;
25;1;542;2921;
26;1;541;2663;
27;1;552;3120;
28;1;516;3000;
29;1;538;3322;
30;1;600;3493;
31;1;538;3305;
32;1;568;3735;
33;1;580;3456;
34;1;594;3647;
35;1;572;3682;
36;1;586;3883;
37;1;525;4107;
38;1;563;4051;
39;1;508;4337;
40;1;538;4434;
41;1;517;4132;
42;1;549;4630;
43;1;530;4584;
44;1;561;4691;
45;1;541;4817;
46;1;513;4628;
47;1;503;4946;
48;1;565;4973;
49;1;508;5277;
