****19****
100
66;72;1;2;0;
72;23;1;2;0;
33;86;1;2;0;
84;49;1;2;0;
54;100;1;2;0;
79;71;1;2;0;
3;92;1;2;0;
91;57;1;2;0;
32;66;1;2;0;
5;64;1;2;0;
91;92;1;2;0;
11;99;1;2;0;
78;97;1;2;0;
78;78;1;2;0;
15;92;1;2;0;
60;33;1;2;0;
63;83;1;2;0;
7;47;1;2;0;
69;90;1;2;0;
47;74;1;2;0;
41;77;1;2;0;
96;43;1;2;0;
68;38;1;2;0;
52;99;1;2;0;
55;8;1;2;0;
63;46;1;2;0;
99;25;1;2;0;
96;28;1;2;0;
22;73;1;2;0;
58;88;1;2;0;
64;17;1;2;0;
20;78;1;2;0;
51;26;1;2;0;
76;71;1;2;0;
67;22;1;2;0;
97;8;1;2;0;
98;92;1;2;0;
2;17;1;2;0;
30;5;1;2;0;
16;36;1;2;0;
13;30;1;2;0;
33;11;1;2;0;
54;28;1;2;0;
91;75;1;2;0;
100;48;1;2;0;
63;15;1;2;0;
16;34;1;2;0;
44;66;1;2;0;
12;19;1;2;0;
89;30;1;2;0;
92;85;1;2;840;
41;28;1;2;736;
58;57;1;2;543;
25;45;1;2;214;
54;77;1;2;1579;
59;5;1;2;2234;
34;56;1;2;2232;
48;23;1;2;1184;
33;66;1;2;356;
96;37;1;2;1944;
26;28;1;2;2271;
62;21;1;2;911;
52;78;1;2;1086;
99;2;1;2;911;
57;7;1;2;1187;
78;65;1;2;585;
89;50;1;2;699;
99;49;1;2;400;
24;34;1;2;930;
67;29;1;2;1564;
97;54;1;2;1962;
12;68;1;2;178;
6;71;1;2;221;
8;69;1;2;633;
3;78;1;2;2060;
78;55;1;2;2427;
5;96;1;2;1223;
91;46;1;2;2297;
100;70;1;2;1635;
26;36;1;2;1461;
88;84;1;2;1566;
29;95;1;2;286;
43;52;1;2;862;
33;60;1;2;1334;
77;14;1;2;1921;
26;91;1;2;1697;
92;95;1;2;396;
8;37;1;2;256;
72;36;1;2;2456;
21;61;1;2;2357;
98;48;1;2;1901;
29;29;1;2;862;
79;23;1;2;149;
100;55;1;2;854;
41;31;1;2;1385;
59;9;1;2;430;
83;100;1;2;1077;
55;59;1;2;1525;
72;82;1;2;2177;
10;2;1;2;1462;
0;1;33;29;
1;1;49;121;
2;1;30;218;
3;1;44;314;
4;1;1;400;
5;1;10;505;
6;1;16;613;
7;1;38;708;
8;1;10;807;
9;1;15;911;
10;1;50;1029;
11;1;48;1103;
12;1;31;1228;
13;1;40;1308;
14;1;28;1410;
15;1;20;1501;
16;1;42;1606;
17;1;5;1701;
18;1;49;1845;
19;1;32;1921;
20;1;50;2040;
21;1;5;2102;
22;1;40;2233;
23;1;14;2308;
24;1;42;2427;
25;1;42;2524;
26;1;7;2600;
27;1;50;2738;
28;1;10;2808;
29;1;10;2909;
30;1;32;3004;
31;1;3;3101;
32;1;49;3248;
33;1;46;3331;
34;1;7;3401;
