****2****
100
84;84;1;2;0;
67;4;1;2;0;
72;98;1;2;0;
30;78;1;2;0;
3;61;1;2;0;
84;14;1;2;0;
41;97;1;2;0;
90;85;1;2;0;
75;78;1;2;0;
49;96;1;2;0;
81;24;1;2;0;
70;23;1;2;0;
60;29;1;2;0;
77;37;1;2;0;
1;61;1;2;0;
3;84;1;2;0;
44;21;1;2;0;
39;15;1;2;0;
71;69;1;2;0;
93;73;1;2;0;
81;28;1;2;0;
38;22;1;2;0;
25;79;1;2;0;
6;51;1;2;0;
57;6;1;2;0;
98;89;1;2;0;
82;67;1;2;0;
11;41;1;2;0;
95;39;1;2;0;
29;48;1;2;0;
100;84;1;2;0;
31;43;1;2;0;
4;70;1;2;0;
10;74;1;2;0;
90;54;1;2;0;
99;70;1;2;0;
81;88;1;2;0;
43;57;1;2;0;
19;48;1;2;0;
7;27;1;2;0;
6;5;1;2;0;
15;87;1;2;0;
71;78;1;2;0;
79;18;1;2;0;
16;60;1;2;0;
65;15;1;2;0;
43;47;1;2;0;
10;46;1;2;0;
16;19;1;2;0;
72;5;1;2;0;
24;22;1;2;1960;
4;61;1;2;328;
13;79;1;2;812;
19;5;1;2;153;
75;20;1;2;1262;
98;97;1;2;1574;
67;64;1;2;1952;
83;79;1;2;360;
29;88;1;2;1783;
97;58;1;2;590;
53;81;1;2;233;
79;36;1;2;1440;
48;48;1;2;1538;
16;19;1;2;118;
41;93;1;2;231;
52;42;1;2;347;
93;8;1;2;1155;
46;90;1;2;208;
88;19;1;2;2242;
28;15;1;2;713;
91;67;1;2;846;
75;98;1;2;416;
72;45;1;2;465;
47;12;1;2;2012;
26;4;1;2;1430;
77;7;1;2;950;
23;51;1;2;165;
85;96;1;2;1650;
77;84;1;2;2070;
8;11;1;2;2215;
96;54;1;2;2039;
16;28;1;2;1002;
72;51;1;2;1935;
75;97;1;2;648;
96;23;1;2;2296;
13;99;1;2;640;
20;73;1;2;2257;
35;10;1;2;1595;
91;86;1;2;1519;
17;46;1;2;1309;
57;41;1;2;1556;
15;57;1;2;2495;
71;28;1;2;566;
74;54;1;2;2311;
89;1;1;2;343;
6;13;1;2;2402;
82;33;1;2;1331;
56;19;1;2;789;
77;61;1;2;980;
34;77;1;2;1654;
0;1;1;0;
1;1;28;104;
2;1;47;217;
3;1;22;314;
4;1;15;408;
5;1;43;540;
6;1;25;605;
7;1;18;708;
8;1;38;801;
9;1;18;912;
10;1;14;1006;
11;1;24;1121;
12;1;17;1205;
13;1;44;1319;
14;1;36;1421;
15;1;45;1507;
16;1;4;1601;
17;1;10;1702;
18;1;11;1800;
19;1;21;1919;
20;1;9;2003;
21;1;44;2114;
22;1;45;2225;
23;1;31;2317;
24;1;42;2419;
25;1;3;2500;
26;1;12;2604;
27;1;41;2734;
28;1;31;2802;
29;1;38;2901;
30;1;8;3003;
31;1;5;3101;
32;1;9;3202;
33;1;14;3302;
34;1;50;3433;
