****15****
100
66;54;1;2;0;
3;34;1;2;0;
37;30;1;2;0;
35;95;1;2;0;
17;20;1;2;0;
81;23;1;2;0;
6;89;1;2;0;
18;20;1;2;0;
71;36;1;2;0;
77;62;1;2;0;
36;38;1;2;0;
90;3;1;2;0;
51;93;1;2;0;
13;37;1;2;0;
11;11;1;2;0;
69;76;1;2;0;
64;71;1;2;0;
61;52;1;2;0;
53;47;1;2;0;
47;69;1;2;0;
66;79;1;2;0;
43;23;1;2;0;
20;61;1;2;0;
43;90;1;2;0;
96;71;1;2;0;
51;83;1;2;0;
8;40;1;2;0;
37;10;1;2;0;
33;49;1;2;0;
47;95;1;2;0;
11;15;1;2;0;
70;27;1;2;0;
38;83;1;2;0;
78;42;1;2;0;
29;24;1;2;0;
10;95;1;2;0;
55;53;1;2;0;
69;74;1;2;0;
65;11;1;2;0;
15;12;1;2;0;
81;66;1;2;0;
47;41;1;2;0;
57;83;1;2;0;
50;41;1;2;0;
32;48;1;2;0;
35;94;1;2;0;
15;57;1;2;0;
20;52;1;2;0;
39;98;1;2;0;
93;19;1;2;0;
73;54;1;2;214;
27;58;1;2;889;
52;74;1;2;732;
67;86;1;2;1977;
84;32;1;2;1968;
92;66;1;2;240;
33;49;1;2;2396;
19;43;1;2;1018;
75;62;1;2;2121;
65;11;1;2;1597;
84;84;1;2;846;
48;62;1;2;1599;
33;66;1;2;1557;
29;32;1;2;493;
57;67;1;2;1208;
25;58;1;2;1892;
46;42;1;2;1253;
63;61;1;2;1277;
46;87;1;2;540;
80;52;1;2;78;
10;87;1;2;384;
94;86;1;2;2015;
35;19;1;2;669;
49;47;1;2;2082;
1;3;1;2;1744;
35;79;1;2;2490;
35;76;1;2;1999;
36;39;1;2;1541;
78;36;1;2;2233;
82;16;1;2;1532;
49;77;1;2;1700;
50;70;1;2;451;
61;4;1;2;1176;
41;5;1;2;2103;
100;57;1;2;213;
77;91;1;2;2476;
64;78;1;2;1629;
92;65;1;2;71;
80;42;1;2;1321;
54;76;1;2;2499;
80;24;1;2;200;
43;73;1;2;278;
92;86;1;2;1825;
59;26;1;2;1404;
24;78;1;2;2005;
43;6;1;2;2340;
40;69;1;2;1799;
65;12;1;2;1636;
79;91;1;2;631;
29;45;1;2;1824;
0;1;44;27;
1;1;8;107;
2;1;20;210;
3;1;1;300;
4;1;18;410;
5;1;22;518;
6;1;44;631;
7;1;22;711;
8;1;40;819;
9;1;45;916;
10;1;50;1046;
11;1;48;1135;
12;1;13;1211;
13;1;2;1300;
14;1;5;1402;
15;1;3;1501;
16;1;23;1620;
17;1;37;1715;
18;1;43;1820;
19;1;6;1905;
20;1;10;2006;
21;1;6;2100;
22;1;24;2201;
23;1;28;2311;
24;1;9;2407;
25;1;47;2542;
26;1;21;2607;
27;1;19;2706;
28;1;21;2817;
29;1;6;2904;
30;1;20;3019;
31;1;25;3117;
32;1;22;3210;
33;1;37;3331;
34;1;4;3403;
