****18****
100
50;36;1;2;0;
49;99;1;2;0;
37;97;1;2;0;
69;33;1;2;0;
100;82;1;2;0;
85;84;1;2;0;
55;92;1;2;0;
68;69;1;2;0;
88;6;1;2;0;
7;63;1;2;0;
49;70;1;2;0;
63;6;1;2;0;
27;26;1;2;0;
48;29;1;2;0;
60;91;1;2;0;
40;9;1;2;0;
27;40;1;2;0;
60;63;1;2;0;
36;80;1;2;0;
95;36;1;2;0;
61;31;1;2;0;
71;67;1;2;0;
74;38;1;2;0;
36;61;1;2;0;
95;94;1;2;0;
75;44;1;2;0;
63;89;1;2;0;
1;41;1;2;0;
15;100;1;2;0;
21;26;1;2;0;
43;61;1;2;0;
86;69;1;2;0;
100;45;1;2;0;
83;36;1;2;0;
25;29;1;2;0;
23;37;1;2;0;
11;93;1;2;0;
56;37;1;2;0;
82;91;1;2;0;
97;77;1;2;0;
36;24;1;2;0;
72;98;1;2;0;
12;24;1;2;0;
90;78;1;2;0;
23;11;1;2;0;
3;65;1;2;0;
71;89;1;2;0;
85;70;1;2;0;
85;19;1;2;0;
57;61;1;2;0;
99;31;1;2;377;
10;75;1;2;873;
46;57;1;2;343;
94;33;1;2;1960;
17;56;1;2;2365;
29;79;1;2;1385;
58;1;1;2;2411;
61;18;1;2;1389;
1;54;1;2;492;
37;73;1;2;657;
98;71;1;2;1500;
99;32;1;2;291;
55;29;1;2;48;
1;23;1;2;1636;
34;39;1;2;553;
64;19;1;2;1222;
35;77;1;2;396;
17;89;1;2;542;
20;89;1;2;1651;
45;77;1;2;2393;
27;26;1;2;493;
91;24;1;2;369;
29;78;1;2;438;
76;78;1;2;57;
54;11;1;2;771;
88;26;1;2;2306;
51;61;1;2;380;
15;29;1;2;1240;
48;48;1;2;412;
35;93;1;2;1779;
93;71;1;2;909;
74;13;1;2;680;
39;41;1;2;1965;
32;16;1;2;107;
99;22;1;2;2070;
4;9;1;2;213;
80;59;1;2;929;
84;74;1;2;1627;
24;21;1;2;1194;
56;55;1;2;127;
65;100;1;2;1585;
99;25;1;2;2066;
56;15;1;2;1863;
43;46;1;2;1024;
8;96;1;2;1188;
87;100;1;2;408;
91;31;1;2;2405;
56;15;1;2;77;
100;90;1;2;1469;
44;98;1;2;730;
0;1;32;25;
1;1;21;107;
2;1;12;201;
3;1;12;306;
4;1;12;402;
5;1;12;509;
6;1;3;601;
7;1;5;703;
8;1;7;806;
9;1;13;910;
10;1;37;1019;
11;1;4;1100;
12;1;27;1226;
13;1;42;1339;
14;1;49;1438;
15;1;15;1505;
16;1;2;1601;
17;1;22;1716;
18;1;35;1833;
19;1;30;1915;
20;1;8;2002;
21;1;5;2101;
22;1;13;2211;
23;1;15;2303;
24;1;15;2403;
25;1;15;2502;
26;1;12;2608;
27;1;5;2702;
28;1;26;2824;
29;1;31;2928;
30;1;35;3032;
31;1;6;3100;
32;1;35;3229;
33;1;49;3329;
34;1;13;3411;
