****12****
100
60;73;1;2;0;
77;61;1;2;0;
100;66;1;2;0;
61;45;1;2;0;
50;80;1;2;0;
70;87;1;2;0;
80;100;1;2;0;
22;80;1;2;0;
9;42;1;2;0;
85;86;1;2;0;
92;94;1;2;0;
45;50;1;2;0;
73;21;1;2;0;
11;18;1;2;0;
66;16;1;2;0;
23;26;1;2;0;
40;52;1;2;0;
86;40;1;2;0;
17;98;1;2;0;
84;18;1;2;0;
29;5;1;2;0;
56;9;1;2;0;
4;77;1;2;0;
40;13;1;2;0;
19;25;1;2;0;
50;62;1;2;0;
70;94;1;2;0;
64;42;1;2;0;
66;74;1;2;0;
12;31;1;2;0;
41;34;1;2;0;
56;81;1;2;0;
37;93;1;2;0;
72;53;1;2;0;
90;55;1;2;0;
22;19;1;2;0;
11;78;1;2;0;
79;14;1;2;0;
54;18;1;2;0;
78;24;1;2;0;
94;27;1;2;0;
86;63;1;2;0;
72;49;1;2;0;
57;37;1;2;0;
74;68;1;2;0;
20;14;1;2;0;
53;75;1;2;0;
46;90;1;2;0;
68;17;1;2;0;
94;9;1;2;0;
23;16;1;2;351;
33;45;1;2;1052;
47;98;1;2;1341;
76;74;1;2;1797;
3;11;1;2;1850;
26;59;1;2;959;
63;84;1;2;826;
82;49;1;2;2135;
8;95;1;2;249;
27;11;1;2;1431;
36;86;1;2;1150;
66;18;1;2;95;
23;16;1;2;1427;
49;92;1;2;827;
68;46;1;2;1046;
2;71;1;2;757;
44;85;1;2;303;
53;18;1;2;2449;
19;26;1;2;2279;
73;4;1;2;51;
73;91;1;2;506;
40;57;1;2;854;
51;79;1;2;1035;
64;79;1;2;2207;
97;46;1;2;44;
93;100;1;2;975;
46;43;1;2;185;
35;48;1;2;366;
72;66;1;2;2204;
55;38;1;2;1796;
48;63;1;2;635;
79;2;1;2;1568;
27;5;1;2;648;
42;68;1;2;1723;
1;16;1;2;1582;
4;8;1;2;2082;
30;54;1;2;1679;
93;40;1;2;1198;
25;11;1;2;278;
34;65;1;2;1665;
46;64;1;2;1795;
49;94;1;2;1814;
8;20;1;2;1816;
97;14;1;2;732;
64;14;1;2;1888;
29;17;1;2;1334;
92;99;1;2;2323;
50;43;1;2;165;
55;67;1;2;2305;
29;52;1;2;1024;
0;1;41;21;
1;1;11;106;
2;1;46;202;
3;1;41;308;
4;1;26;409;
5;1;50;538;
6;1;24;616;
7;1;2;701;
8;1;43;833;
9;1;17;914;
10;1;19;1007;
11;1;34;1118;
12;1;16;1208;
13;1;29;1307;
14;1;19;1406;
15;1;44;1516;
16;1;26;1611;
17;1;25;1720;
18;1;10;1804;
19;1;26;1923;
20;1;39;2038;
21;1;24;2123;
22;1;41;2220;
23;1;5;2303;
24;1;46;2422;
25;1;20;2503;
26;1;17;2600;
27;1;24;2715;
28;1;45;2808;
29;1;30;2915;
30;1;33;3022;
31;1;26;3117;
32;1;27;3200;
33;1;33;3315;
34;1;17;3403;
