****1****
100
25;23;1;2;0;
73;81;1;2;0;
87;37;1;2;0;
22;15;1;2;0;
63;24;1;2;0;
68;34;1;2;0;
61;21;1;2;0;
90;88;1;2;0;
22;35;1;2;0;
86;65;1;2;0;
61;99;1;2;0;
47;56;1;2;0;
13;51;1;2;0;
44;8;1;2;0;
42;54;1;2;0;
68;66;1;2;0;
76;40;1;2;0;
99;62;1;2;0;
28;20;1;2;0;
77;90;1;2;0;
95;44;1;2;0;
24;56;1;2;0;
64;65;1;2;0;
95;85;1;2;0;
52;80;1;2;0;
1;12;1;2;0;
30;100;1;2;0;
19;94;1;2;0;
50;63;1;2;0;
1;92;1;2;0;
16;68;1;2;0;
9;43;1;2;0;
59;59;1;2;0;
4;38;1;2;0;
30;32;1;2;0;
28;25;1;2;0;
27;3;1;2;0;
32;91;1;2;0;
19;78;1;2;0;
27;70;1;2;0;
58;80;1;2;0;
34;39;1;2;0;
79;52;1;2;0;
33;80;1;2;0;
66;33;1;2;0;
71;33;1;2;0;
53;32;1;2;0;
75;11;1;2;0;
42;31;1;2;0;
49;72;1;2;0;
14;28;1;2;427;
41;82;1;2;234;
83;100;1;2;1028;
61;22;1;2;1404;
40;7;1;2;199;
70;10;1;2;688;
50;76;1;2;1833;
72;60;1;2;815;
55;87;1;2;1208;
97;69;1;2;2143;
68;82;1;2;1552;
15;22;1;2;1263;
45;56;1;2;1065;
52;17;1;2;1809;
17;8;1;2;832;
72;78;1;2;1236;
59;79;1;2;2216;
30;2;1;2;1611;
6;57;1;2;2377;
92;5;1;2;1094;
78;72;1;2;1733;
43;38;1;2;683;
89;34;1;2;2083;
86;85;1;2;1766;
57;1;1;2;1358;
85;24;1;2;1409;
71;82;1;2;118;
84;64;1;2;1327;
57;69;1;2;465;
67;60;1;2;163;
46;89;1;2;514;
58;31;1;2;1943;
91;71;1;2;2187;
80;8;1;2;2276;
37;16;1;2;1111;
2;1;1;2;1396;
95;71;1;2;1320;
19;7;1;2;212;
44;15;1;2;1393;
77;81;1;2;1065;
66;78;1;2;1375;
26;35;1;2;1376;
75;78;1;2;2329;
57;9;1;2;299;
23;46;1;2;2101;
42;99;1;2;1059;
33;45;1;2;914;
9;63;1;2;1380;
96;58;1;2;1571;
3;86;1;2;1362;
0;1;21;13;
1;1;36;102;
2;1;28;204;
3;1;15;306;
4;1;50;420;
5;1;8;505;
6;1;36;624;
7;1;5;703;
8;1;22;806;
9;1;50;905;
10;1;50;1005;
11;1;14;1113;
12;1;17;1211;
13;1;22;1320;
14;1;15;1413;
15;1;1;1500;
16;1;12;1601;
17;1;13;1712;
18;1;10;1808;
19;1;41;1903;
20;1;49;2047;
21;1;21;2112;
22;1;32;2206;
23;1;5;2303;
24;1;30;2406;
25;1;11;2504;
26;1;12;2608;
27;1;42;2729;
28;1;37;2826;
29;1;20;2903;
30;1;24;3009;
31;1;40;3136;
32;1;10;3204;
33;1;25;3320;
34;1;33;3407;
