****17****
100
24;28;1;2;0;
51;71;1;2;0;
54;48;1;2;0;
47;40;1;2;0;
66;32;1;2;0;
47;71;1;2;0;
38;71;1;2;0;
49;14;1;2;0;
84;19;1;2;0;
18;86;1;2;0;
20;88;1;2;0;
65;58;1;2;0;
47;90;1;2;0;
17;100;1;2;0;
90;18;1;2;0;
87;14;1;2;0;
45;38;1;2;0;
36;50;1;2;0;
37;83;1;2;0;
42;3;1;2;0;
14;88;1;2;0;
73;3;1;2;0;
58;21;1;2;0;
68;94;1;2;0;
40;38;1;2;0;
79;59;1;2;0;
25;95;1;2;0;
68;24;1;2;0;
36;85;1;2;0;
75;26;1;2;0;
54;61;1;2;0;
91;50;1;2;0;
50;26;1;2;0;
100;87;1;2;0;
60;41;1;2;0;
89;73;1;2;0;
80;13;1;2;0;
27;90;1;2;0;
85;47;1;2;0;
35;24;1;2;0;
36;65;1;2;0;
35;60;1;2;0;
59;54;1;2;0;
35;94;1;2;0;
90;9;1;2;0;
71;43;1;2;0;
70;13;1;2;0;
93;19;1;2;0;
91;44;1;2;0;
5;50;1;2;0;
36;45;1;2;253;
15;57;1;2;2470;
4;42;1;2;1883;
38;17;1;2;2419;
2;3;1;2;45;
12;57;1;2;249;
58;46;1;2;504;
80;41;1;2;561;
93;33;1;2;695;
83;28;1;2;392;
32;63;1;2;376;
58;77;1;2;2150;
11;33;1;2;820;
9;22;1;2;104;
95;76;1;2;1271;
92;39;1;2;1614;
23;96;1;2;67;
63;76;1;2;1829;
24;20;1;2;419;
4;2;1;2;18;
40;85;1;2;1602;
72;95;1;2;2265;
61;5;1;2;877;
43;65;1;2;1510;
94;59;1;2;1656;
47;50;1;2;2046;
56;73;1;2;949;
14;87;1;2;246;
61;11;1;2;296;
91;14;1;2;984;
1;5;1;2;294;
20;76;1;2;979;
68;89;1;2;508;
48;83;1;2;766;
2;76;1;2;1675;
30;22;1;2;777;
97;29;1;2;826;
12;95;1;2;2326;
53;55;1;2;837;
14;97;1;2;2059;
75;97;1;2;1382;
25;69;1;2;1681;
17;36;1;2;111;
65;36;1;2;2490;
78;89;1;2;1420;
49;70;1;2;677;
73;19;1;2;1873;
70;82;1;2;75;
5;34;1;2;2116;
50;47;1;2;913;
0;1;8;5;
1;1;39;110;
2;1;48;226;
3;1;13;307;
4;1;45;437;
5;1;29;509;
6;1;7;604;
7;1;22;701;
8;1;6;802;
9;1;7;904;
10;1;9;1006;
11;1;50;1139;
12;1;38;1217;
13;1;26;1325;
14;1;5;1401;
15;1;24;1521;
16;1;45;1641;
17;1;35;1717;
18;1;21;1801;
19;1;9;1902;
20;1;43;2027;
21;1;50;2148;
22;1;47;2209;
23;1;45;2323;
24;1;11;2402;
25;1;34;2533;
26;1;5;2602;
27;1;13;2705;
28;1;38;2831;
29;1;26;2915;
30;1;12;3000;
31;1;7;3101;
32;1;12;3202;
33;1;2;3301;
34;1;42;3427;
