****13****
100
73;57;1;2;0;
36;97;1;2;0;
20;26;1;2;0;
74;75;1;2;0;
61;69;1;2;0;
97;80;1;2;0;
84;66;1;2;0;
85;9;1;2;0;
49;81;1;2;0;
62;79;1;2;0;
46;94;1;2;0;
1;24;1;2;0;
5;79;1;2;0;
75;37;1;2;0;
17;41;1;2;0;
46;89;1;2;0;
49;81;1;2;0;
37;69;1;2;0;
7;10;1;2;0;
43;19;1;2;0;
30;91;1;2;0;
99;13;1;2;0;
56;83;1;2;0;
21;5;1;2;0;
15;34;1;2;0;
83;61;1;2;0;
79;83;1;2;0;
36;84;1;2;0;
14;10;1;2;0;
20;30;1;2;0;
3;66;1;2;0;
18;51;1;2;0;
46;7;1;2;0;
19;4;1;2;0;
16;13;1;2;0;
23;46;1;2;0;
56;73;1;2;0;
10;11;1;2;0;
7;83;1;2;0;
15;21;1;2;0;
16;97;1;2;0;
33;95;1;2;0;
32;68;1;2;0;
78;97;1;2;0;
30;49;1;2;0;
26;32;1;2;0;
14;95;1;2;0;
34;12;1;2;0;
1;5;1;2;0;
15;69;1;2;0;
69;89;1;2;174;
24;61;1;2;311;
35;67;1;2;293;
1;40;1;2;959;
50;72;1;2;527;
81;40;1;2;234;
29;69;1;2;1313;
54;52;1;2;2304;
100;37;1;2;1366;
53;93;1;2;2474;
21;62;1;2;998;
86;37;1;2;1161;
60;23;1;2;2185;
69;24;1;2;969;
45;73;1;2;2091;
15;5;1;2;2444;
66;33;1;2;2208;
13;38;1;2;643;
26;37;1;2;1989;
50;89;1;2;14;
89;61;1;2;1634;
68;46;1;2;1354;
59;58;1;2;623;
69;78;1;2;1333;
66;22;1;2;7;
87;88;1;2;296;
46;53;1;2;162;
78;17;1;2;1651;
60;43;1;2;336;
31;92;1;2;532;
95;32;1;2;1877;
71;99;1;2;2036;
84;10;1;2;1326;
72;78;1;2;42;
82;96;1;2;1640;
17;34;1;2;1651;
55;79;1;2;307;
78;56;1;2;1423;
37;68;1;2;2302;
85;98;1;2;1811;
74;92;1;2;2424;
23;63;1;2;137;
69;98;1;2;1115;
73;21;1;2;44;
53;3;1;2;393;
7;71;1;2;1753;
47;77;1;2;1568;
44;54;1;2;2048;
57;43;1;2;1334;
12;79;1;2;1417;
0;1;8;7;
1;1;42;127;
2;1;26;217;
3;1;15;314;
4;1;5;403;
5;1;19;508;
6;1;23;608;
7;1;30;726;
8;1;27;801;
9;1;36;923;
10;1;26;1007;
11;1;21;1108;
12;1;49;1217;
13;1;24;1312;
14;1;38;1409;
15;1;50;1544;
16;1;6;1600;
17;1;31;1716;
18;1;50;1846;
19;1;27;1919;
20;1;2;2000;
21;1;30;2124;
22;1;18;2208;
23;1;11;2308;
24;1;8;2404;
25;1;21;2509;
26;1;12;2604;
27;1;16;2711;
28;1;19;2802;
29;1;12;2911;
30;1;43;3027;
31;1;3;3102;
32;1;8;3204;
33;1;30;3326;
34;1;31;3424;
