****3****
100
43;58;1;2;0;
1;88;1;2;0;
92;45;1;2;0;
48;23;1;2;0;
29;91;1;2;0;
72;82;1;2;0;
98;84;1;2;0;
10;91;1;2;0;
13;42;1;2;0;
29;2;1;2;0;
11;36;1;2;0;
85;17;1;2;0;
97;45;1;2;0;
32;10;1;2;0;
13;31;1;2;0;
96;7;1;2;0;
41;96;1;2;0;
94;32;1;2;0;
92;93;1;2;0;
6;73;1;2;0;
84;78;1;2;0;
6;33;1;2;0;
13;67;1;2;0;
75;77;1;2;0;
8;3;1;2;0;
79;70;1;2;0;
39;15;1;2;0;
86;87;1;2;0;
60;69;1;2;0;
97;24;1;2;0;
99;44;1;2;0;
31;91;1;2;0;
91;76;1;2;0;
75;34;1;2;0;
69;80;1;2;0;
6;4;1;2;0;
9;11;1;2;0;
88;73;1;2;0;
77;63;1;2;0;
50;36;1;2;0;
17;80;1;2;0;
57;7;1;2;0;
94;42;1;2;0;
94;5;1;2;0;
10;42;1;2;0;
29;61;1;2;0;
85;11;1;2;0;
3;27;1;2;0;
86;77;1;2;0;
60;6;1;2;0;
9;18;1;2;1263;
69;28;1;2;801;
42;57;1;2;2334;
43;44;1;2;1421;
22;1;1;2;1089;
15;94;1;2;2323;
72;56;1;2;1665;
100;68;1;2;2353;
62;70;1;2;2394;
99;47;1;2;1136;
5;7;1;2;647;
65;75;1;2;1410;
13;68;1;2;1547;
75;10;1;2;431;
6;31;1;2;1522;
43;98;1;2;590;
21;69;1;2;2070;
92;20;1;2;1219;
99;33;1;2;421;
32;31;1;2;179;
24;87;1;2;758;
86;52;1;2;336;
75;16;1;2;1807;
24;43;1;2;1228;
16;100;1;2;1841;
61;42;1;2;1776;
51;14;1;2;2055;
96;57;1;2;1422;
8;55;1;2;849;
89;86;1;2;1070;
21;61;1;2;1343;
6;46;1;2;428;
70;72;1;2;1633;
54;95;1;2;2287;
47;11;1;2;1311;
22;23;1;2;2297;
47;73;1;2;69;
91;20;1;2;1292;
55;27;1;2;818;
2;67;1;2;1045;
32;87;1;2;606;
49;45;1;2;152;
68;66;1;2;1093;
55;19;1;2;2479;
84;65;1;2;2235;
64;39;1;2;1888;
33;85;1;2;2030;
19;75;1;2;2228;
9;81;1;2;1202;
53;35;1;2;1872;
0;1;36;25;
1;1;12;111;
2;1;16;211;
3;1;17;310;
4;1;23;403;
5;1;40;511;
6;1;30;623;
7;1;8;704;
8;1;37;832;
9;1;36;931;
10;1;32;1010;
11;1;40;1108;
12;1;29;1213;
13;1;39;1327;
14;1;5;1404;
15;1;14;1508;
16;1;41;1620;
17;1;18;1713;
18;1;34;1817;
19;1;43;1941;
20;1;10;2002;
21;1;49;2119;
22;1;8;2206;
23;1;40;2303;
24;1;6;2401;
25;1;17;2503;
26;1;24;2616;
27;1;48;2722;
28;1;9;2805;
29;1;43;2928;
30;1;13;3010;
31;1;5;3104;
32;1;32;3223;
33;1;12;3306;
34;1;7;3406;
