****14****
100
11;82;1;2;0;
55;42;1;2;0;
6;74;1;2;0;
100;69;1;2;0;
70;59;1;2;0;
17;40;1;2;0;
96;28;1;2;0;
33;11;1;2;0;
39;51;1;2;0;
4;50;1;2;0;
7;96;1;2;0;
62;9;1;2;0;
47;69;1;2;0;
93;78;1;2;0;
78;75;1;2;0;
36;88;1;2;0;
8;43;1;2;0;
82;66;1;2;0;
16;81;1;2;0;
34;85;1;2;0;
92;2;1;2;0;
77;87;1;2;0;
81;61;1;2;0;
49;71;1;2;0;
11;52;1;2;0;
20;69;1;2;0;
99;33;1;2;0;
29;45;1;2;0;
54;73;1;2;0;
23;83;1;2;0;
47;10;1;2;0;
70;55;1;2;0;
4;3;1;2;0;
72;72;1;2;0;
36;57;1;2;0;
8;27;1;2;0;
58;84;1;2;0;
65;90;1;2;0;
96;65;1;2;0;
60;7;1;2;0;
69;31;1;2;0;
27;67;1;2;0;
15;56;1;2;0;
64;20;1;2;0;
28;38;1;2;0;
2;27;1;2;0;
99;24;1;2;0;
33;55;1;2;0;
26;4;1;2;0;
26;61;1;2;0;
60;33;1;2;1441;
69;69;1;2;469;
10;64;1;2;1190;
69;22;1;2;2269;
51;49;1;2;1860;
65;4;1;2;1945;
37;83;1;2;986;
38;9;1;2;140;
61;93;1;2;1965;
87;48;1;2;682;
99;59;1;2;2162;
38;27;1;2;943;
92;36;1;2;1965;
11;56;1;2;1009;
98;58;1;2;288;
4;75;1;2;2286;
72;11;1;2;2485;
82;48;1;2;1710;
90;9;1;2;2443;
52;47;1;2;982;
91;45;1;2;273;
62;82;1;2;2421;
54;26;1;2;1522;
9;36;1;2;1963;
37;34;1;2;1180;
14;37;1;2;2294;
45;60;1;2;1841;
59;41;1;2;990;
34;30;1;2;1410;
53;81;1;2;1348;
67;23;1;2;1657;
92;85;1;2;1274;
96;38;1;2;672;
35;98;1;2;1043;
81;86;1;2;2154;
37;99;1;2;868;
15;96;1;2;1629;
55;54;1;2;425;
95;87;1;2;2396;
42;39;1;2;2008;
36;58;1;2;2442;
26;1;1;2;862;
49;96;1;2;712;
50;82;1;2;1456;
34;15;1;2;1609;
3;51;1;2;1456;
8;18;1;2;786;
72;24;1;2;2084;
29;18;1;2;2059;
64;60;1;2;655;
0;1;33;27;
1;1;37;113;
2;1;24;222;
3;1;50;321;
4;1;35;433;
5;1;23;513;
6;1;28;613;
7;1;32;728;
8;1;10;804;
9;1;26;904;
10;1;2;1000;
11;1;41;1126;
12;1;21;1215;
13;1;45;1323;
14;1;34;1417;
15;1;38;1523;
16;1;50;1623;
17;1;40;1722;
18;1;13;1803;
19;1;46;1934;
20;1;4;2002;
21;1;18;2112;
22;1;26;2209;
23;1;9;2302;
24;1;34;2430;
25;1;4;2502;
26;1;9;2606;
27;1;13;2702;
28;1;17;2810;
29;1;39;2921;
30;1;12;3008;
31;1;18;3114;
32;1;2;3200;
33;1;35;3325;
34;1;49;3412;
