****7****
100
45;51;1;2;0;
49;3;1;2;0;
79;58;1;2;0;
77;27;1;2;0;
20;64;1;2;0;
70;42;1;2;0;
47;100;1;2;0;
12;62;1;2;0;
36;55;1;2;0;
54;11;1;2;0;
4;87;1;2;0;
24;14;1;2;0;
5;41;1;2;0;
76;30;1;2;0;
30;92;1;2;0;
94;74;1;2;0;
42;94;1;2;0;
29;20;1;2;0;
3;5;1;2;0;
47;22;1;2;0;
20;68;1;2;0;
15;18;1;2;0;
68;78;1;2;0;
31;55;1;2;0;
33;85;1;2;0;
17;36;1;2;0;
23;92;1;2;0;
1;27;1;2;0;
32;76;1;2;0;
57;13;1;2;0;
67;2;1;2;0;
87;60;1;2;0;
95;15;1;2;0;
79;97;1;2;0;
71;77;1;2;0;
71;42;1;2;0;
45;85;1;2;0;
59;64;1;2;0;
63;90;1;2;0;
18;47;1;2;0;
26;86;1;2;0;
34;48;1;2;0;
77;34;1;2;0;
27;60;1;2;0;
61;35;1;2;0;
73;79;1;2;0;
36;11;1;2;0;
38;82;1;2;0;
77;16;1;2;0;
30;99;1;2;0;
45;52;1;2;2174;
89;89;1;2;1815;
4;3;1;2;1935;
73;49;1;2;2035;
58;34;1;2;1791;
86;19;1;2;854;
45;79;1;2;128;
69;57;1;2;2364;
79;94;1;2;790;
7;61;1;2;293;
5;57;1;2;991;
44;45;1;2;1289;
46;100;1;2;1467;
88;72;1;2;1354;
56;29;1;2;2262;
23;14;1;2;2167;
68;11;1;2;53;
47;79;1;2;2358;
13;10;1;2;1962;
12;16;1;2;555;
40;21;1;2;439;
72;16;1;2;156;
92;13;1;2;1274;
14;1;1;2;582;
36;56;1;2;2075;
91;30;1;2;1237;
64;97;1;2;2076;
67;95;1;2;1410;
26;7;1;2;452;
30;70;1;2;1441;
47;9;1;2;2350;
72;33;1;2;351;
41;24;1;2;2260;
10;90;1;2;12;
51;25;1;2;646;
72;16;1;2;949;
6;79;1;2;1779;
3;46;1;2;763;
30;23;1;2;263;
66;53;1;2;1071;
69;51;1;2;982;
45;22;1;2;986;
36;14;1;2;2376;
39;24;1;2;1618;
95;74;1;2;68;
57;45;1;2;2490;
49;2;1;2;1043;
36;56;1;2;789;
70;85;1;2;1583;
61;2;1;2;386;
0;1;24;18;
1;1;14;102;
2;1;17;212;
3;1;48;337;
4;1;50;427;
5;1;42;530;
6;1;46;601;
7;1;48;743;
8;1;45;803;
9;1;49;921;
10;1;46;1001;
11;1;30;1102;
12;1;23;1205;
13;1;40;1311;
14;1;14;1412;
15;1;43;1541;
16;1;15;1602;
17;1;31;1701;
18;1;44;1805;
19;1;34;1908;
20;1;9;2005;
21;1;18;2117;
22;1;17;2200;
23;1;45;2330;
24;1;9;2402;
25;1;5;2500;
26;1;33;2615;
27;1;8;2700;
28;1;35;2826;
29;1;38;2901;
30;1;40;3021;
31;1;36;3135;
32;1;39;3203;
33;1;37;3321;
34;1;47;3401;
