****8****
100
26;8;1;2;0;
1;45;1;2;0;
13;18;1;2;0;
60;58;1;2;0;
28;70;1;2;0;
54;85;1;2;0;
77;86;1;2;0;
19;84;1;2;0;
94;55;1;2;0;
33;33;1;2;0;
55;24;1;2;0;
14;90;1;2;0;
79;54;1;2;0;
8;65;1;2;0;
87;6;1;2;0;
87;65;1;2;0;
13;39;1;2;0;
9;78;1;2;0;
56;20;1;2;0;
35;36;1;2;0;
41;40;1;2;0;
20;17;1;2;0;
26;38;1;2;0;
53;71;1;2;0;
44;85;1;2;0;
4;98;1;2;0;
8;17;1;2;0;
40;86;1;2;0;
71;99;1;2;0;
3;9;1;2;0;
56;41;1;2;0;
73;21;1;2;0;
79;82;1;2;0;
98;35;1;2;0;
53;32;1;2;0;
22;94;1;2;0;
23;41;1;2;0;
10;48;1;2;0;
30;62;1;2;0;
71;73;1;2;0;
98;74;1;2;0;
23;57;1;2;0;
42;62;1;2;0;
95;64;1;2;0;
60;97;1;2;0;
73;67;1;2;0;
89;97;1;2;0;
87;67;1;2;0;
78;84;1;2;0;
53;83;1;2;0;
67;74;1;2;1203;
90;66;1;2;2340;
89;47;1;2;485;
59;20;1;2;1980;
32;94;1;2;753;
26;55;1;2;926;
89;66;1;2;610;
61;32;1;2;1826;
58;19;1;2;1198;
87;54;1;2;1130;
21;21;1;2;1801;
48;10;1;2;261;
85;98;1;2;2206;
35;9;1;2;266;
34;92;1;2;395;
90;17;1;2;1536;
40;6;1;2;2207;
38;18;1;2;1164;
24;27;1;2;1616;
81;66;1;2;166;
90;86;1;2;1662;
24;86;1;2;1124;
24;70;1;2;48;
71;56;1;2;30;
40;89;1;2;881;
51;79;1;2;711;
67;70;1;2;715;
1;8;1;2;1563;
18;83;1;2;432;
53;63;1;2;850;
93;52;1;2;151;
54;76;1;2;2042;
75;51;1;2;1360;
94;73;1;2;1093;
73;13;1;2;723;
96;15;1;2;1002;
35;33;1;2;355;
31;33;1;2;1894;
44;2;1;2;2447;
88;54;1;2;708;
97;99;1;2;312;
44;52;1;2;560;
75;26;1;2;1713;
28;72;1;2;979;
35;96;1;2;1126;
31;91;1;2;49;
57;25;1;2;1783;
53;55;1;2;1038;
7;51;1;2;1477;
44;38;1;2;2219;
0;1;48;38;
1;1;8;106;
2;1;30;210;
3;1;35;323;
4;1;36;408;
5;1;33;528;
6;1;24;621;
7;1;5;704;
8;1;48;806;
9;1;30;916;
10;1;22;1017;
11;1;11;1100;
12;1;2;1200;
13;1;28;1306;
14;1;13;1411;
15;1;16;1505;
16;1;4;1602;
17;1;14;1708;
18;1;35;1827;
19;1;38;1906;
20;1;16;2010;
21;1;31;2125;
22;1;40;2236;
23;1;36;2334;
24;1;34;2421;
25;1;45;2541;
26;1;15;2611;
27;1;34;2705;
28;1;24;2815;
29;1;24;2915;
30;1;31;3015;
31;1;49;3135;
32;1;14;3201;
33;1;18;3316;
34;1;9;3404;
