****6****
100
69;56;1;2;0;
67;35;1;2;0;
89;15;1;2;0;
26;5;1;2;0;
18;6;1;2;0;
1;21;1;2;0;
60;65;1;2;0;
5;81;1;2;0;
79;21;1;2;0;
8;54;1;2;0;
73;20;1;2;0;
85;3;1;2;0;
12;82;1;2;0;
38;34;1;2;0;
12;96;1;2;0;
39;33;1;2;0;
3;57;1;2;0;
67;91;1;2;0;
71;45;1;2;0;
95;41;1;2;0;
50;47;1;2;0;
13;10;1;2;0;
12;17;1;2;0;
42;90;1;2;0;
89;1;1;2;0;
95;61;1;2;0;
21;32;1;2;0;
16;32;1;2;0;
13;53;1;2;0;
66;77;1;2;0;
100;56;1;2;0;
9;2;1;2;0;
13;75;1;2;0;
92;35;1;2;0;
71;87;1;2;0;
27;21;1;2;0;
33;39;1;2;0;
82;44;1;2;0;
7;75;1;2;0;
86;95;1;2;0;
75;80;1;2;0;
56;95;1;2;0;
11;71;1;2;0;
79;24;1;2;0;
75;96;1;2;0;
100;74;1;2;0;
51;8;1;2;0;
75;15;1;2;0;
34;18;1;2;0;
50;5;1;2;0;
4;76;1;2;1866;
89;15;1;2;390;
84;21;1;2;2252;
69;68;1;2;2215;
1;23;1;2;423;
11;45;1;2;142;
86;71;1;2;1578;
85;96;1;2;1635;
44;22;1;2;2320;
30;39;1;2;358;
86;95;1;2;1151;
62;83;1;2;745;
71;18;1;2;2111;
2;87;1;2;2215;
11;87;1;2;847;
63;49;1;2;1279;
97;35;1;2;45;
74;71;1;2;2329;
54;67;1;2;886;
48;96;1;2;1524;
43;81;1;2;20;
13;94;1;2;1141;
50;64;1;2;529;
7;17;1;2;2214;
83;27;1;2;1824;
33;42;1;2;169;
27;38;1;2;169;
43;64;1;2;1444;
6;69;1;2;1316;
38;68;1;2;1871;
60;10;1;2;139;
77;74;1;2;487;
75;23;1;2;808;
91;81;1;2;851;
97;63;1;2;334;
89;95;1;2;2180;
30;73;1;2;1531;
56;67;1;2;2469;
5;72;1;2;1624;
20;61;1;2;1318;
82;21;1;2;1911;
24;97;1;2;2053;
11;71;1;2;2493;
13;14;1;2;340;
79;62;1;2;314;
24;51;1;2;759;
61;80;1;2;457;
36;87;1;2;1950;
74;44;1;2;70;
32;63;1;2;701;
0;1;7;0;
1;1;17;108;
2;1;20;214;
3;1;49;306;
4;1;38;428;
5;1;45;517;
6;1;43;631;
7;1;14;701;
8;1;1;800;
9;1;44;920;
10;1;45;1024;
11;1;47;1115;
12;1;4;1201;
13;1;27;1322;
14;1;4;1400;
15;1;37;1533;
16;1;35;1609;
17;1;3;1700;
18;1;20;1802;
19;1;39;1936;
20;1;35;2004;
21;1;9;2103;
22;1;10;2201;
23;1;49;2337;
24;1;38;2437;
25;1;23;2519;
26;1;31;2624;
27;1;15;2708;
28;1;42;2802;
29;1;26;2924;
30;1;32;3025;
31;1;9;3102;
32;1;18;3214;
33;1;24;3316;
34;1;15;3413;
