****5****
100
3;84;1;2;0;
96;16;1;2;0;
10;4;1;2;0;
82;73;1;2;0;
78;72;1;2;0;
52;64;1;2;0;
62;40;1;2;0;
13;88;1;2;0;
19;55;1;2;0;
43;76;1;2;0;
92;84;1;2;0;
97;99;1;2;0;
42;79;1;2;0;
32;78;1;2;0;
12;100;1;2;0;
34;67;1;2;0;
36;29;1;2;0;
82;45;1;2;0;
84;63;1;2;0;
17;61;1;2;0;
35;20;1;2;0;
24;48;1;2;0;
59;36;1;2;0;
35;77;1;2;0;
91;29;1;2;0;
4;34;1;2;0;
64;100;1;2;0;
84;5;1;2;0;
30;15;1;2;0;
83;42;1;2;0;
67;16;1;2;0;
8;2;1;2;0;
97;41;1;2;0;
46;80;1;2;0;
56;14;1;2;0;
41;42;1;2;0;
86;16;1;2;0;
89;44;1;2;0;
52;75;1;2;0;
73;94;1;2;0;
55;76;1;2;0;
27;18;1;2;0;
28;10;1;2;0;
23;57;1;2;0;
76;5;1;2;0;
50;42;1;2;0;
72;9;1;2;0;
43;68;1;2;0;
50;40;1;2;0;
100;57;1;2;0;
54;92;1;2;1393;
91;7;1;2;327;
34;10;1;2;2258;
58;3;1;2;1452;
34;81;1;2;171;
13;42;1;2;407;
69;18;1;2;1008;
71;11;1;2;1079;
79;54;1;2;1227;
80;45;1;2;526;
36;50;1;2;528;
85;40;1;2;1298;
74;26;1;2;1141;
37;83;1;2;1773;
6;68;1;2;1461;
93;80;1;2;832;
1;1;1;2;2040;
14;71;1;2;1079;
50;1;1;2;690;
5;81;1;2;2374;
60;16;1;2;71;
57;53;1;2;792;
13;26;1;2;1105;
79;15;1;2;1153;
99;72;1;2;1025;
99;64;1;2;61;
93;65;1;2;335;
56;30;1;2;2182;
30;31;1;2;51;
56;87;1;2;572;
79;98;1;2;2145;
52;55;1;2;1164;
64;67;1;2;455;
1;97;1;2;2281;
20;95;1;2;589;
59;46;1;2;558;
30;90;1;2;93;
52;46;1;2;205;
97;27;1;2;1973;
90;34;1;2;1626;
15;13;1;2;2193;
7;64;1;2;1702;
52;27;1;2;1451;
74;27;1;2;82;
10;98;1;2;1867;
69;9;1;2;770;
92;90;1;2;120;
31;41;1;2;1960;
51;37;1;2;2368;
53;78;1;2;2038;
0;1;42;3;
1;1;7;101;
2;1;1;200;
3;1;18;303;
4;1;50;425;
5;1;27;519;
6;1;33;602;
7;1;28;706;
8;1;6;803;
9;1;29;914;
10;1;25;1016;
11;1;30;1126;
12;1;50;1232;
13;1;6;1302;
14;1;35;1434;
15;1;6;1505;
16;1;29;1624;
17;1;5;1700;
18;1;36;1827;
19;1;34;1918;
20;1;50;2011;
21;1;15;2106;
22;1;47;2212;
23;1;16;2307;
24;1;29;2400;
25;1;1;2500;
26;1;13;2604;
27;1;21;2713;
28;1;17;2802;
29;1;25;2900;
30;1;11;3000;
31;1;31;3102;
32;1;46;3214;
33;1;21;3318;
34;1;7;3406;
