****9****
100
21;74;1;2;0;
77;53;1;2;0;
15;68;1;2;0;
90;3;1;2;0;
7;73;1;2;0;
20;53;1;2;0;
79;86;1;2;0;
60;14;1;2;0;
53;85;1;2;0;
77;26;1;2;0;
72;57;1;2;0;
65;72;1;2;0;
92;31;1;2;0;
83;59;1;2;0;
79;93;1;2;0;
66;51;1;2;0;
18;94;1;2;0;
3;85;1;2;0;
62;92;1;2;0;
87;68;1;2;0;
16;6;1;2;0;
72;46;1;2;0;
43;31;1;2;0;
60;95;1;2;0;
67;36;1;2;0;
72;90;1;2;0;
45;89;1;2;0;
61;36;1;2;0;
19;95;1;2;0;
47;49;1;2;0;
87;12;1;2;0;
99;57;1;2;0;
57;1;1;2;0;
41;18;1;2;0;
45;79;1;2;0;
37;12;1;2;0;
36;9;1;2;0;
58;78;1;2;0;
91;69;1;2;0;
72;58;1;2;0;
4;43;1;2;0;
47;100;1;2;0;
83;60;1;2;0;
36;1;1;2;0;
54;34;1;2;0;
49;41;1;2;0;
97;99;1;2;0;
97;53;1;2;0;
52;89;1;2;0;
71;96;1;2;0;
67;59;1;2;1946;
2;19;1;2;1754;
79;10;1;2;948;
2;19;1;2;672;
96;17;1;2;1299;
79;76;1;2;1340;
79;30;1;2;1366;
80;22;1;2;1150;
78;70;1;2;2084;
29;58;1;2;485;
76;76;1;2;690;
35;77;1;2;290;
2;55;1;2;226;
38;8;1;2;1881;
29;3;1;2;717;
19;81;1;2;1752;
45;12;1;2;2444;
55;43;1;2;1638;
14;20;1;2;2443;
73;1;1;2;374;
54;28;1;2;1723;
93;14;1;2;2184;
3;68;1;2;37;
74;5;1;2;1717;
63;85;1;2;1594;
21;3;1;2;1;
6;99;1;2;1984;
72;6;1;2;970;
59;19;1;2;22;
67;91;1;2;1488;
32;96;1;2;2457;
72;40;1;2;2377;
40;95;1;2;501;
62;68;1;2;282;
43;83;1;2;2392;
26;3;1;2;632;
42;60;1;2;1341;
21;31;1;2;887;
90;41;1;2;422;
31;7;1;2;2028;
23;38;1;2;1188;
95;9;1;2;1096;
81;100;1;2;2043;
33;61;1;2;1756;
94;55;1;2;2115;
86;32;1;2;1338;
33;26;1;2;1177;
31;46;1;2;1579;
81;88;1;2;1679;
54;70;1;2;1423;
0;1;16;15;
1;1;23;100;
2;1;39;237;
3;1;23;315;
4;1;32;405;
5;1;3;501;
6;1;28;611;
7;1;50;720;
8;1;34;803;
9;1;19;907;
10;1;9;1007;
11;1;48;1141;
12;1;14;1200;
13;1;43;1302;
14;1;34;1401;
15;1;29;1526;
16;1;6;1601;
17;1;24;1715;
18;1;38;1835;
19;1;16;1907;
20;1;13;2007;
21;1;15;2107;
22;1;18;2202;
23;1;13;2312;
24;1;48;2438;
25;1;18;2507;
26;1;7;2601;
27;1;13;2707;
28;1;46;2819;
29;1;18;2900;
30;1;19;3017;
31;1;29;3119;
32;1;1;3200;
33;1;21;3317;
34;1;50;3437;
