****17****
100
61;77;1;2;0;
36;95;1;2;0;
80;31;1;2;0;
72;50;1;2;0;
31;22;1;2;0;
6;7;1;2;0;
19;78;1;2;0;
77;64;1;2;0;
63;83;1;2;0;
77;84;1;2;0;
40;19;1;2;0;
59;55;1;2;0;
28;92;1;2;0;
81;79;1;2;0;
37;88;1;2;0;
4;97;1;2;0;
17;92;1;2;0;
44;48;1;2;0;
74;15;1;2;0;
97;4;1;2;0;
89;55;1;2;0;
63;7;1;2;0;
84;39;1;2;0;
70;46;1;2;0;
21;98;1;2;0;
29;12;1;2;0;
17;39;1;2;0;
67;96;1;2;0;
31;99;1;2;0;
74;67;1;2;0;
39;77;1;2;0;
15;55;1;2;0;
20;58;1;2;0;
2;94;1;2;0;
73;51;1;2;0;
49;61;1;2;0;
57;11;1;2;0;
19;40;1;2;0;
49;88;1;2;0;
37;21;1;2;0;
86;65;1;2;0;
85;54;1;2;0;
4;3;1;2;0;
49;86;1;2;0;
1;22;1;2;0;
52;39;1;2;0;
50;18;1;2;0;
45;22;1;2;0;
76;99;1;2;0;
15;100;1;2;0;
49;63;1;2;1942;
5;74;1;2;2029;
44;74;1;2;1537;
32;95;1;2;2215;
96;31;1;2;1524;
51;33;1;2;567;
88;85;1;2;138;
91;76;1;2;401;
9;20;1;2;577;
84;18;1;2;1739;
83;18;1;2;83;
94;22;1;2;1232;
23;17;1;2;162;
39;48;1;2;1396;
45;96;1;2;248;
3;98;1;2;1423;
10;86;1;2;71;
41;76;1;2;363;
22;84;1;2;131;
24;19;1;2;2105;
44;1;1;2;101;
27;94;1;2;2279;
34;68;1;2;541;
15;59;1;2;1035;
42;3;1;2;695;
51;57;1;2;250;
92;18;1;2;1232;
18;59;1;2;1970;
18;32;1;2;657;
90;8;1;2;1058;
84;51;1;2;1990;
43;77;1;2;397;
23;11;1;2;811;
24;25;1;2;2271;
21;19;1;2;1989;
16;69;1;2;1491;
57;61;1;2;1348;
87;78;1;2;1697;
93;47;1;2;440;
34;89;1;2;656;
93;72;1;2;1585;
53;14;1;2;804;
11;88;1;2;2052;
36;12;1;2;491;
19;84;1;2;17;
56;51;1;2;876;
1;60;1;2;1997;
12;46;1;2;948;
33;38;1;2;594;
86;23;1;2;1069;
0;1;45;25;
1;1;13;104;
2;1;20;215;
3;1;44;317;
4;1;15;404;
5;1;17;504;
6;1;15;601;
7;1;13;707;
8;1;44;839;
9;1;22;914;
10;1;23;1020;
11;1;8;1107;
12;1;50;1242;
13;1;10;1300;
14;1;30;1401;
15;1;40;1503;
16;1;49;1615;
17;1;31;1722;
18;1;29;1824;
19;1;2;1900;
20;1;15;2013;
21;1;25;2106;
22;1;7;2204;
23;1;39;2331;
24;1;2;2401;
25;1;49;2542;
26;1;7;2602;
27;1;46;2717;
28;1;50;2804;
29;1;8;2904;
30;1;38;3030;
31;1;5;3101;
32;1;2;3200;
33;1;5;3304;
34;1;10;3405;
35;1;26;3513;
36;1;26;3609;
37;1;7;3704;
38;1;39;3826;
39;1;39;3916;
40;1;7;4003;
41;1;18;4112;
42;1;44;4200;
43;1;24;4323;
44;1;19;4412;
