****2****
100
20;34;1;2;0;
59;69;1;2;0;
54;12;1;2;0;
50;88;1;2;0;
83;66;1;2;0;
76;90;1;2;0;
83;40;1;2;0;
63;11;1;2;0;
26;83;1;2;0;
54;62;1;2;0;
30;59;1;2;0;
62;61;1;2;0;
95;75;1;2;0;
41;41;1;2;0;
95;37;1;2;0;
26;66;1;2;0;
70;84;1;2;0;
86;75;1;2;0;
48;35;1;2;0;
14;82;1;2;0;
100;41;1;2;0;
23;34;1;2;0;
81;85;1;2;0;
96;6;1;2;0;
20;50;1;2;0;
20;49;1;2;0;
60;81;1;2;0;
61;6;1;2;0;
55;1;1;2;0;
46;1;1;2;0;
89;23;1;2;0;
66;10;1;2;0;
59;3;1;2;0;
85;58;1;2;0;
37;98;1;2;0;
39;89;1;2;0;
39;62;1;2;0;
74;71;1;2;0;
98;70;1;2;0;
28;17;1;2;0;
71;47;1;2;0;
17;30;1;2;0;
79;77;1;2;0;
35;34;1;2;0;
29;32;1;2;0;
34;17;1;2;0;
55;52;1;2;0;
27;13;1;2;0;
54;11;1;2;0;
70;43;1;2;0;
60;60;1;2;1715;
50;73;1;2;1792;
72;71;1;2;178;
100;87;1;2;663;
98;56;1;2;1905;
77;32;1;2;2234;
62;61;1;2;2113;
95;77;1;2;1214;
98;3;1;2;2173;
4;65;1;2;1050;
98;77;1;2;795;
80;26;1;2;1314;
87;98;1;2;2032;
16;49;1;2;1191;
14;46;1;2;516;
42;22;1;2;28;
55;83;1;2;1332;
100;30;1;2;2030;
99;79;1;2;1379;
62;34;1;2;1067;
46;31;1;2;2237;
90;62;1;2;1468;
6;1;1;2;2008;
44;16;1;2;943;
20;29;1;2;1861;
52;70;1;2;1582;
15;77;1;2;511;
90;76;1;2;1535;
93;27;1;2;651;
51;88;1;2;1068;
74;34;1;2;894;
24;75;1;2;1846;
100;80;1;2;714;
25;75;1;2;179;
50;94;1;2;909;
21;45;1;2;2303;
65;11;1;2;1603;
43;52;1;2;918;
3;45;1;2;1465;
41;95;1;2;417;
64;20;1;2;1326;
18;44;1;2;2486;
34;95;1;2;209;
49;72;1;2;1535;
32;21;1;2;149;
43;93;1;2;1574;
75;57;1;2;836;
84;100;1;2;1768;
20;54;1;2;1402;
30;94;1;2;1115;
0;1;31;17;
1;1;28;121;
2;1;25;220;
3;1;24;307;
4;1;16;413;
5;1;8;504;
6;1;27;622;
7;1;11;700;
8;1;33;824;
9;1;40;907;
10;1;10;1005;
11;1;41;1126;
12;1;21;1219;
13;1;16;1302;
14;1;41;1403;
15;1;43;1542;
16;1;18;1611;
17;1;36;1733;
18;1;41;1827;
19;1;1;1900;
20;1;25;2009;
21;1;48;2110;
22;1;1;2200;
23;1;37;2332;
24;1;11;2400;
25;1;40;2532;
26;1;33;2605;
27;1;35;2709;
28;1;43;2817;
29;1;39;2912;
30;1;9;3002;
31;1;6;3105;
32;1;3;3202;
33;1;21;3315;
34;1;4;3400;
35;1;2;3501;
36;1;33;3606;
37;1;33;3709;
38;1;8;3806;
39;1;17;3909;
40;1;48;4014;
41;1;41;4114;
42;1;40;4236;
43;1;36;4310;
44;1;27;4425;
