****13****
100
49;65;1;2;0;
51;8;1;2;0;
97;51;1;2;0;
50;26;1;2;0;
60;53;1;2;0;
69;71;1;2;0;
84;21;1;2;0;
37;5;1;2;0;
78;84;1;2;0;
34;88;1;2;0;
41;13;1;2;0;
14;54;1;2;0;
82;7;1;2;0;
70;45;1;2;0;
18;69;1;2;0;
57;66;1;2;0;
85;7;1;2;0;
74;82;1;2;0;
9;75;1;2;0;
59;20;1;2;0;
27;80;1;2;0;
42;62;1;2;0;
100;78;1;2;0;
67;29;1;2;0;
14;52;1;2;0;
16;54;1;2;0;
17;29;1;2;0;
60;50;1;2;0;
88;29;1;2;0;
95;5;1;2;0;
49;51;1;2;0;
71;33;1;2;0;
9;96;1;2;0;
14;17;1;2;0;
70;25;1;2;0;
88;49;1;2;0;
4;30;1;2;0;
10;3;1;2;0;
59;28;1;2;0;
31;72;1;2;0;
32;99;1;2;0;
78;48;1;2;0;
79;37;1;2;0;
97;66;1;2;0;
17;91;1;2;0;
71;65;1;2;0;
93;41;1;2;0;
97;1;1;2;0;
88;63;1;2;0;
69;9;1;2;0;
39;57;1;2;1418;
42;38;1;2;1084;
96;48;1;2;1526;
78;20;1;2;911;
28;49;1;2;196;
7;85;1;2;741;
24;1;1;2;1496;
94;17;1;2;433;
86;65;1;2;1526;
73;27;1;2;605;
34;17;1;2;960;
42;10;1;2;2349;
60;57;1;2;1460;
10;35;1;2;188;
38;14;1;2;2208;
66;20;1;2;984;
90;96;1;2;161;
8;89;1;2;211;
67;27;1;2;881;
79;51;1;2;1979;
11;84;1;2;2092;
99;26;1;2;415;
28;37;1;2;204;
4;46;1;2;1608;
100;36;1;2;666;
43;1;1;2;54;
23;42;1;2;1441;
2;49;1;2;677;
50;16;1;2;740;
10;46;1;2;1711;
48;56;1;2;309;
55;6;1;2;459;
72;85;1;2;742;
45;88;1;2;186;
52;87;1;2;2203;
24;82;1;2;1989;
68;56;1;2;287;
7;57;1;2;1095;
87;6;1;2;2346;
92;67;1;2;563;
48;15;1;2;1357;
40;21;1;2;686;
56;92;1;2;899;
61;36;1;2;957;
12;39;1;2;1052;
97;63;1;2;888;
35;82;1;2;1454;
61;89;1;2;410;
88;27;1;2;470;
30;18;1;2;12;
0;1;19;14;
1;1;46;124;
2;1;7;204;
3;1;16;303;
4;1;10;400;
5;1;25;520;
6;1;26;601;
7;1;36;712;
8;1;34;801;
9;1;31;921;
10;1;32;1023;
11;1;31;1124;
12;1;37;1225;
13;1;48;1343;
14;1;50;1416;
15;1;32;1511;
16;1;34;1628;
17;1;33;1704;
18;1;47;1822;
19;1;4;1900;
20;1;3;2000;
21;1;4;2103;
22;1;15;2208;
23;1;16;2303;
24;1;39;2428;
25;1;18;2515;
26;1;27;2618;
27;1;43;2740;
28;1;17;2809;
29;1;15;2907;
30;1;8;3001;
31;1;38;3133;
32;1;24;3205;
33;1;35;3302;
34;1;21;3420;
35;1;29;3528;
36;1;19;3616;
37;1;2;3700;
38;1;24;3822;
39;1;35;3923;
40;1;18;4017;
41;1;35;4125;
42;1;3;4202;
43;1;11;4303;
44;1;20;4404;
