****0****
100
57;41;1;2;0;
88;93;1;2;0;
95;50;1;2;0;
26;7;1;2;0;
71;30;1;2;0;
1;67;1;2;0;
7;31;1;2;0;
29;83;1;2;0;
68;54;1;2;0;
35;18;1;2;0;
18;27;1;2;0;
21;56;1;2;0;
32;52;1;2;0;
84;47;1;2;0;
4;96;1;2;0;
41;60;1;2;0;
36;28;1;2;0;
4;82;1;2;0;
30;81;1;2;0;
88;100;1;2;0;
10;88;1;2;0;
66;17;1;2;0;
71;95;1;2;0;
51;90;1;2;0;
100;85;1;2;0;
59;70;1;2;0;
64;79;1;2;0;
25;47;1;2;0;
30;8;1;2;0;
94;34;1;2;0;
55;34;1;2;0;
45;43;1;2;0;
13;49;1;2;0;
24;42;1;2;0;
29;12;1;2;0;
93;91;1;2;0;
51;59;1;2;0;
7;73;1;2;0;
5;9;1;2;0;
63;56;1;2;0;
46;21;1;2;0;
25;9;1;2;0;
52;1;1;2;0;
7;81;1;2;0;
9;100;1;2;0;
66;15;1;2;0;
85;11;1;2;0;
57;50;1;2;0;
11;81;1;2;0;
43;91;1;2;0;
44;36;1;2;392;
46;46;1;2;540;
71;2;1;2;2164;
85;57;1;2;14;
5;34;1;2;2112;
56;34;1;2;2340;
89;94;1;2;685;
54;9;1;2;1230;
16;65;1;2;1365;
26;97;1;2;1492;
17;92;1;2;2337;
49;90;1;2;161;
88;60;1;2;952;
87;44;1;2;1261;
83;100;1;2;125;
87;8;1;2;1017;
97;48;1;2;581;
59;1;1;2;2231;
58;17;1;2;2271;
53;94;1;2;2275;
43;10;1;2;1298;
68;59;1;2;1289;
90;98;1;2;1418;
13;36;1;2;1066;
45;18;1;2;705;
9;4;1;2;1592;
11;52;1;2;1117;
7;63;1;2;126;
10;20;1;2;1304;
30;24;1;2;2424;
99;67;1;2;729;
59;86;1;2;1612;
60;76;1;2;612;
72;40;1;2;2396;
27;84;1;2;1978;
33;45;1;2;1466;
99;55;1;2;705;
11;61;1;2;379;
24;71;1;2;1722;
57;52;1;2;1096;
32;50;1;2;2497;
20;60;1;2;759;
66;19;1;2;1046;
9;42;1;2;1811;
39;68;1;2;1815;
38;53;1;2;1189;
40;3;1;2;946;
93;13;1;2;1672;
61;89;1;2;596;
47;45;1;2;2490;
0;1;9;4;
1;1;4;100;
2;1;47;231;
3;1;5;301;
4;1;32;418;
5;1;22;509;
6;1;31;603;
7;1;43;725;
8;1;49;804;
9;1;10;907;
10;1;49;1003;
11;1;33;1116;
12;1;7;1204;
13;1;4;1302;
14;1;41;1428;
15;1;11;1508;
16;1;28;1600;
17;1;40;1705;
18;1;28;1823;
19;1;40;1920;
20;1;45;2017;
21;1;36;2104;
22;1;27;2224;
23;1;25;2324;
24;1;27;2414;
25;1;15;2502;
26;1;14;2612;
27;1;43;2730;
28;1;41;2821;
29;1;31;2903;
30;1;45;3020;
31;1;34;3133;
32;1;7;3203;
33;1;2;3301;
34;1;23;3414;
35;1;49;3510;
36;1;5;3600;
37;1;44;3722;
38;1;16;3805;
39;1;8;3906;
40;1;6;4005;
41;1;24;4101;
42;1;20;4215;
43;1;41;4300;
44;1;11;4404;
