****5****
100
75;58;1;2;0;
53;91;1;2;0;
92;92;1;2;0;
19;25;1;2;0;
50;48;1;2;0;
29;89;1;2;0;
44;71;1;2;0;
66;93;1;2;0;
27;71;1;2;0;
35;94;1;2;0;
74;16;1;2;0;
4;92;1;2;0;
89;33;1;2;0;
23;28;1;2;0;
52;16;1;2;0;
88;26;1;2;0;
25;41;1;2;0;
16;16;1;2;0;
32;35;1;2;0;
93;34;1;2;0;
34;73;1;2;0;
22;29;1;2;0;
43;40;1;2;0;
21;21;1;2;0;
10;7;1;2;0;
15;83;1;2;0;
22;70;1;2;0;
27;62;1;2;0;
2;49;1;2;0;
89;53;1;2;0;
17;76;1;2;0;
31;41;1;2;0;
68;46;1;2;0;
9;52;1;2;0;
32;1;1;2;0;
85;65;1;2;0;
25;58;1;2;0;
45;67;1;2;0;
97;65;1;2;0;
87;7;1;2;0;
71;1;1;2;0;
41;44;1;2;0;
70;67;1;2;0;
57;23;1;2;0;
16;45;1;2;0;
28;84;1;2;0;
73;58;1;2;0;
24;40;1;2;0;
3;84;1;2;0;
91;87;1;2;0;
36;75;1;2;1235;
60;33;1;2;441;
26;29;1;2;1652;
13;87;1;2;392;
65;28;1;2;560;
87;46;1;2;2494;
61;13;1;2;690;
88;96;1;2;2185;
45;72;1;2;1719;
100;55;1;2;348;
86;43;1;2;578;
40;2;1;2;800;
87;80;1;2;1510;
3;44;1;2;2235;
89;8;1;2;820;
70;46;1;2;717;
8;7;1;2;1013;
91;94;1;2;2327;
97;91;1;2;2408;
43;90;1;2;820;
32;27;1;2;2371;
95;18;1;2;2243;
42;5;1;2;2445;
21;59;1;2;52;
35;47;1;2;976;
80;16;1;2;856;
19;24;1;2;2088;
22;66;1;2;1166;
20;62;1;2;1094;
42;5;1;2;1972;
18;36;1;2;1746;
36;82;1;2;1651;
7;75;1;2;2131;
10;95;1;2;2337;
3;30;1;2;162;
56;9;1;2;1167;
7;79;1;2;348;
63;100;1;2;897;
17;72;1;2;2496;
9;13;1;2;1867;
94;30;1;2;1857;
5;17;1;2;549;
86;75;1;2;1240;
70;84;1;2;441;
65;39;1;2;388;
5;46;1;2;1901;
13;52;1;2;697;
96;67;1;2;292;
44;83;1;2;512;
54;44;1;2;1268;
0;1;19;10;
1;1;38;111;
2;1;44;237;
3;1;5;303;
4;1;33;432;
5;1;50;517;
6;1;17;607;
7;1;6;705;
8;1;21;800;
9;1;43;915;
10;1;5;1001;
11;1;29;1126;
12;1;43;1213;
13;1;6;1304;
14;1;27;1422;
15;1;48;1543;
16;1;37;1635;
17;1;19;1718;
18;1;45;1819;
19;1;10;1906;
20;1;39;2013;
21;1;44;2128;
22;1;25;2201;
23;1;6;2304;
24;1;5;2400;
25;1;30;2518;
26;1;17;2601;
27;1;32;2724;
28;1;33;2817;
29;1;50;2909;
30;1;39;3027;
31;1;7;3106;
32;1;35;3231;
33;1;9;3308;
34;1;1;3400;
35;1;7;3500;
36;1;31;3620;
37;1;44;3713;
38;1;4;3801;
39;1;4;3901;
40;1;50;4034;
41;1;18;4117;
42;1;44;4238;
43;1;29;4321;
44;1;39;4436;
