****12****
100
2;47;1;2;0;
73;4;1;2;0;
33;9;1;2;0;
10;15;1;2;0;
98;100;1;2;0;
74;36;1;2;0;
25;38;1;2;0;
99;30;1;2;0;
93;14;1;2;0;
16;81;1;2;0;
70;94;1;2;0;
57;62;1;2;0;
14;26;1;2;0;
34;38;1;2;0;
9;37;1;2;0;
9;11;1;2;0;
84;33;1;2;0;
14;68;1;2;0;
42;23;1;2;0;
34;39;1;2;0;
75;8;1;2;0;
26;99;1;2;0;
97;77;1;2;0;
28;89;1;2;0;
90;95;1;2;0;
21;60;1;2;0;
88;29;1;2;0;
21;1;1;2;0;
54;54;1;2;0;
91;63;1;2;0;
43;51;1;2;0;
25;26;1;2;0;
83;38;1;2;0;
45;76;1;2;0;
12;79;1;2;0;
66;38;1;2;0;
86;92;1;2;0;
37;34;1;2;0;
68;16;1;2;0;
74;57;1;2;0;
11;95;1;2;0;
16;98;1;2;0;
23;89;1;2;0;
51;29;1;2;0;
94;41;1;2;0;
43;36;1;2;0;
91;67;1;2;0;
13;25;1;2;0;
56;58;1;2;0;
1;19;1;2;0;
36;66;1;2;2225;
73;9;1;2;1903;
6;76;1;2;1516;
79;85;1;2;977;
25;52;1;2;132;
48;40;1;2;261;
28;34;1;2;1655;
70;69;1;2;2346;
88;82;1;2;841;
95;39;1;2;1354;
13;26;1;2;612;
21;98;1;2;1119;
65;3;1;2;1427;
77;33;1;2;1634;
50;58;1;2;1403;
73;57;1;2;4;
46;36;1;2;2274;
59;57;1;2;1412;
14;96;1;2;2000;
94;90;1;2;739;
25;54;1;2;347;
22;75;1;2;2191;
28;39;1;2;1218;
61;15;1;2;9;
78;17;1;2;1794;
46;89;1;2;150;
54;87;1;2;1783;
99;97;1;2;2366;
61;11;1;2;51;
7;56;1;2;2306;
92;80;1;2;1454;
1;54;1;2;2222;
60;81;1;2;1513;
20;93;1;2;840;
65;70;1;2;1184;
67;15;1;2;180;
29;21;1;2;587;
26;19;1;2;1561;
79;31;1;2;449;
79;38;1;2;595;
68;81;1;2;851;
11;81;1;2;1834;
27;92;1;2;2157;
82;12;1;2;754;
4;76;1;2;1756;
93;95;1;2;1568;
71;23;1;2;195;
87;49;1;2;2412;
48;79;1;2;2129;
70;58;1;2;1346;
0;1;50;24;
1;1;18;108;
2;1;35;208;
3;1;25;313;
4;1;40;400;
5;1;45;507;
6;1;9;602;
7;1;29;723;
8;1;43;808;
9;1;41;925;
10;1;47;1034;
11;1;2;1100;
12;1;5;1203;
13;1;28;1322;
14;1;20;1406;
15;1;41;1519;
16;1;13;1601;
17;1;33;1710;
18;1;8;1804;
19;1;13;1902;
20;1;29;2004;
21;1;4;2102;
22;1;7;2203;
23;1;8;2300;
24;1;8;2406;
25;1;15;2509;
26;1;39;2609;
27;1;3;2701;
28;1;16;2803;
29;1;49;2920;
30;1;18;3002;
31;1;10;3100;
32;1;1;3200;
33;1;30;3307;
34;1;1;3400;
35;1;9;3508;
36;1;50;3614;
37;1;22;3715;
38;1;48;3841;
39;1;8;3901;
40;1;30;4004;
41;1;12;4101;
42;1;42;4227;
43;1;12;4307;
44;1;48;4443;
