****8****
100
49;24;1;2;0;
73;55;1;2;0;
76;92;1;2;0;
73;65;1;2;0;
58;88;1;2;0;
5;30;1;2;0;
18;57;1;2;0;
38;100;1;2;0;
22;94;1;2;0;
28;63;1;2;0;
97;91;1;2;0;
34;25;1;2;0;
4;56;1;2;0;
62;45;1;2;0;
76;88;1;2;0;
85;77;1;2;0;
12;9;1;2;0;
31;39;1;2;0;
100;3;1;2;0;
3;9;1;2;0;
42;8;1;2;0;
39;11;1;2;0;
16;28;1;2;0;
11;90;1;2;0;
73;38;1;2;0;
4;70;1;2;0;
80;37;1;2;0;
46;83;1;2;0;
45;59;1;2;0;
79;20;1;2;0;
98;16;1;2;0;
48;61;1;2;0;
24;78;1;2;0;
99;76;1;2;0;
81;54;1;2;0;
84;74;1;2;0;
61;74;1;2;0;
85;28;1;2;0;
53;95;1;2;0;
17;26;1;2;0;
84;21;1;2;0;
47;15;1;2;0;
9;44;1;2;0;
50;53;1;2;0;
2;28;1;2;0;
25;99;1;2;0;
43;72;1;2;0;
12;19;1;2;0;
50;10;1;2;0;
94;82;1;2;0;
15;77;1;2;509;
75;3;1;2;2390;
55;55;1;2;1812;
71;32;1;2;1485;
43;78;1;2;1310;
52;21;1;2;2413;
4;74;1;2;1221;
28;25;1;2;403;
52;36;1;2;1558;
1;97;1;2;281;
34;12;1;2;85;
40;38;1;2;2443;
31;92;1;2;372;
19;15;1;2;294;
91;9;1;2;2111;
77;60;1;2;620;
64;16;1;2;1289;
30;95;1;2;453;
39;46;1;2;2024;
66;98;1;2;629;
38;31;1;2;88;
39;71;1;2;477;
41;1;1;2;1036;
98;71;1;2;2129;
39;61;1;2;2077;
57;89;1;2;450;
47;52;1;2;1636;
63;34;1;2;1085;
3;72;1;2;319;
78;90;1;2;2041;
2;27;1;2;1725;
88;65;1;2;2387;
64;58;1;2;1417;
32;55;1;2;628;
65;45;1;2;1506;
7;53;1;2;359;
61;52;1;2;2103;
81;14;1;2;458;
96;69;1;2;831;
9;46;1;2;2276;
19;99;1;2;74;
11;39;1;2;1819;
74;2;1;2;2448;
36;85;1;2;2335;
21;50;1;2;1778;
67;8;1;2;383;
53;20;1;2;1275;
90;53;1;2;741;
13;100;1;2;1738;
7;8;1;2;1288;
0;1;40;37;
1;1;20;110;
2;1;39;203;
3;1;29;322;
4;1;13;403;
5;1;49;515;
6;1;6;603;
7;1;49;718;
8;1;40;835;
9;1;30;901;
10;1;28;1023;
11;1;33;1114;
12;1;25;1219;
13;1;29;1309;
14;1;1;1400;
15;1;18;1511;
16;1;16;1604;
17;1;43;1715;
18;1;48;1822;
19;1;19;1912;
20;1;37;2001;
21;1;10;2103;
22;1;41;2237;
23;1;35;2334;
24;1;15;2408;
25;1;23;2507;
26;1;35;2629;
27;1;23;2703;
28;1;50;2801;
29;1;10;2901;
30;1;42;3017;
31;1;46;3102;
32;1;16;3213;
33;1;15;3300;
34;1;12;3404;
35;1;28;3521;
36;1;6;3602;
37;1;43;3712;
38;1;46;3834;
39;1;29;3900;
40;1;43;4025;
41;1;4;4100;
42;1;6;4205;
43;1;40;4326;
44;1;29;4409;
