****14****
100
39;80;1;2;0;
22;26;1;2;0;
23;47;1;2;0;
47;7;1;2;0;
69;67;1;2;0;
49;99;1;2;0;
92;67;1;2;0;
84;95;1;2;0;
2;58;1;2;0;
66;36;1;2;0;
23;33;1;2;0;
39;58;1;2;0;
29;93;1;2;0;
38;41;1;2;0;
63;60;1;2;0;
65;1;1;2;0;
39;38;1;2;0;
26;13;1;2;0;
36;24;1;2;0;
71;5;1;2;0;
43;19;1;2;0;
55;34;1;2;0;
38;39;1;2;0;
80;39;1;2;0;
48;45;1;2;0;
26;70;1;2;0;
30;16;1;2;0;
79;10;1;2;0;
8;17;1;2;0;
50;70;1;2;0;
28;66;1;2;0;
71;18;1;2;0;
3;48;1;2;0;
30;38;1;2;0;
72;52;1;2;0;
94;14;1;2;0;
23;49;1;2;0;
99;60;1;2;0;
39;30;1;2;0;
50;38;1;2;0;
75;75;1;2;0;
7;4;1;2;0;
42;38;1;2;0;
13;49;1;2;0;
6;62;1;2;0;
18;33;1;2;0;
79;40;1;2;0;
50;81;1;2;0;
40;31;1;2;0;
70;63;1;2;0;
34;64;1;2;1399;
8;64;1;2;436;
67;54;1;2;1285;
68;91;1;2;1142;
94;49;1;2;1972;
35;86;1;2;1954;
35;91;1;2;906;
5;75;1;2;163;
44;24;1;2;1918;
35;6;1;2;1555;
97;40;1;2;1039;
24;47;1;2;14;
1;66;1;2;1401;
8;85;1;2;1857;
40;79;1;2;2361;
76;65;1;2;711;
75;100;1;2;2063;
88;4;1;2;1782;
78;99;1;2;2230;
1;34;1;2;1158;
45;82;1;2;1758;
52;58;1;2;1215;
74;10;1;2;1388;
1;17;1;2;2465;
18;9;1;2;2494;
35;84;1;2;2358;
90;10;1;2;2023;
36;97;1;2;1259;
8;27;1;2;817;
55;79;1;2;1876;
8;23;1;2;800;
52;74;1;2;1494;
95;99;1;2;1891;
2;99;1;2;778;
46;68;1;2;1800;
20;54;1;2;1929;
11;44;1;2;617;
48;31;1;2;1272;
93;38;1;2;1558;
84;44;1;2;892;
60;52;1;2;833;
69;3;1;2;2418;
36;97;1;2;659;
12;51;1;2;1963;
8;48;1;2;682;
61;20;1;2;1685;
48;30;1;2;676;
45;77;1;2;2226;
43;21;1;2;610;
66;4;1;2;567;
0;1;18;8;
1;1;30;112;
2;1;34;228;
3;1;44;326;
4;1;31;428;
5;1;34;522;
6;1;43;610;
7;1;31;718;
8;1;3;802;
9;1;33;902;
10;1;29;1018;
11;1;49;1120;
12;1;45;1240;
13;1;28;1311;
14;1;7;1404;
15;1;9;1507;
16;1;48;1619;
17;1;20;1712;
18;1;22;1820;
19;1;3;1900;
20;1;9;2000;
21;1;37;2120;
22;1;30;2216;
23;1;14;2310;
24;1;16;2404;
25;1;37;2501;
26;1;45;2614;
27;1;3;2700;
28;1;26;2803;
29;1;19;2918;
30;1;12;3004;
31;1;9;3102;
32;1;15;3207;
33;1;43;3325;
34;1;43;3401;
35;1;42;3506;
36;1;34;3604;
37;1;5;3703;
38;1;45;3827;
39;1;48;3904;
40;1;14;4001;
41;1;6;4100;
42;1;18;4207;
43;1;48;4304;
44;1;39;4434;
