****3****
100
17;88;1;2;0;
7;72;1;2;0;
15;9;1;2;0;
17;36;1;2;0;
3;72;1;2;0;
8;6;1;2;0;
52;40;1;2;0;
6;34;1;2;0;
74;64;1;2;0;
56;91;1;2;0;
84;3;1;2;0;
49;24;1;2;0;
34;38;1;2;0;
52;69;1;2;0;
20;79;1;2;0;
95;89;1;2;0;
66;54;1;2;0;
12;32;1;2;0;
14;28;1;2;0;
67;69;1;2;0;
52;27;1;2;0;
26;3;1;2;0;
18;32;1;2;0;
88;92;1;2;0;
47;43;1;2;0;
82;30;1;2;0;
97;82;1;2;0;
5;30;1;2;0;
19;56;1;2;0;
50;91;1;2;0;
34;97;1;2;0;
79;51;1;2;0;
2;90;1;2;0;
35;67;1;2;0;
70;1;1;2;0;
35;21;1;2;0;
79;61;1;2;0;
23;97;1;2;0;
44;62;1;2;0;
88;90;1;2;0;
56;21;1;2;0;
71;52;1;2;0;
2;75;1;2;0;
33;20;1;2;0;
30;34;1;2;0;
62;16;1;2;0;
30;40;1;2;0;
66;83;1;2;0;
30;100;1;2;0;
50;99;1;2;0;
53;84;1;2;1935;
31;96;1;2;649;
79;91;1;2;2313;
66;80;1;2;1840;
38;50;1;2;1234;
39;76;1;2;342;
11;6;1;2;1282;
72;21;1;2;420;
64;38;1;2;1559;
93;90;1;2;2278;
43;94;1;2;2165;
13;76;1;2;775;
57;55;1;2;1623;
14;72;1;2;2262;
26;10;1;2;1486;
41;100;1;2;1851;
40;62;1;2;2165;
72;86;1;2;1875;
86;49;1;2;472;
35;93;1;2;1241;
32;87;1;2;870;
13;99;1;2;1277;
42;7;1;2;979;
13;20;1;2;262;
63;97;1;2;1120;
63;37;1;2;1354;
91;28;1;2;1656;
75;99;1;2;922;
80;37;1;2;2171;
74;23;1;2;2453;
9;54;1;2;1257;
37;19;1;2;520;
92;60;1;2;893;
54;72;1;2;2186;
87;86;1;2;1241;
81;49;1;2;1793;
74;91;1;2;1683;
81;65;1;2;2195;
73;96;1;2;1249;
13;69;1;2;404;
97;77;1;2;1941;
67;13;1;2;523;
35;57;1;2;1928;
13;10;1;2;276;
10;96;1;2;330;
3;76;1;2;1078;
32;49;1;2;1872;
40;82;1;2;2377;
47;54;1;2;1966;
93;67;1;2;1115;
0;1;10;4;
1;1;9;106;
2;1;32;223;
3;1;22;315;
4;1;30;412;
5;1;31;505;
6;1;47;614;
7;1;36;715;
8;1;43;816;
9;1;16;907;
10;1;13;1009;
11;1;18;1115;
12;1;33;1232;
13;1;48;1344;
14;1;8;1403;
15;1;29;1516;
16;1;32;1620;
17;1;50;1712;
18;1;12;1808;
19;1;31;1929;
20;1;45;2032;
21;1;33;2129;
22;1;4;2201;
23;1;47;2328;
24;1;32;2413;
25;1;24;2518;
26;1;30;2600;
27;1;40;2732;
28;1;6;2800;
29;1;9;2908;
30;1;6;3000;
31;1;32;3127;
32;1;25;3205;
33;1;50;3338;
34;1;4;3403;
35;1;31;3530;
36;1;44;3635;
37;1;41;3732;
38;1;35;3803;
39;1;45;3936;
40;1;4;4003;
41;1;13;4112;
42;1;12;4203;
43;1;45;4326;
44;1;43;4419;
