****4****
100
82;48;1;2;0;
93;65;1;2;0;
35;20;1;2;0;
45;37;1;2;0;
58;50;1;2;0;
68;38;1;2;0;
2;14;1;2;0;
53;92;1;2;0;
63;38;1;2;0;
32;7;1;2;0;
6;37;1;2;0;
27;68;1;2;0;
19;88;1;2;0;
71;66;1;2;0;
57;65;1;2;0;
20;90;1;2;0;
65;65;1;2;0;
54;51;1;2;0;
84;50;1;2;0;
87;41;1;2;0;
52;7;1;2;0;
30;53;1;2;0;
72;83;1;2;0;
96;34;1;2;0;
20;27;1;2;0;
40;25;1;2;0;
63;18;1;2;0;
44;33;1;2;0;
58;66;1;2;0;
98;66;1;2;0;
83;70;1;2;0;
55;47;1;2;0;
34;8;1;2;0;
97;69;1;2;0;
9;36;1;2;0;
9;60;1;2;0;
94;38;1;2;0;
12;65;1;2;0;
72;7;1;2;0;
98;91;1;2;0;
85;89;1;2;0;
67;99;1;2;0;
59;62;1;2;0;
32;68;1;2;0;
80;29;1;2;0;
33;62;1;2;0;
50;39;1;2;0;
8;83;1;2;0;
98;56;1;2;0;
51;6;1;2;0;
43;11;1;2;1247;
36;1;1;2;151;
100;72;1;2;1451;
49;15;1;2;2310;
90;33;1;2;808;
48;95;1;2;711;
67;74;1;2;1406;
99;35;1;2;2414;
89;94;1;2;1137;
86;49;1;2;2391;
43;44;1;2;2385;
60;79;1;2;1928;
89;31;1;2;2080;
76;31;1;2;684;
47;20;1;2;1215;
17;19;1;2;55;
18;85;1;2;1262;
52;35;1;2;202;
35;23;1;2;1009;
100;60;1;2;418;
20;3;1;2;668;
51;62;1;2;2465;
81;2;1;2;1390;
35;77;1;2;2211;
55;24;1;2;1608;
56;40;1;2;244;
2;10;1;2;1238;
74;61;1;2;1738;
79;95;1;2;436;
30;46;1;2;141;
81;66;1;2;2323;
75;68;1;2;730;
99;100;1;2;515;
54;87;1;2;628;
39;41;1;2;882;
95;96;1;2;2085;
70;50;1;2;2448;
30;23;1;2;879;
76;53;1;2;2291;
44;34;1;2;324;
72;66;1;2;2368;
54;92;1;2;810;
98;91;1;2;76;
43;44;1;2;2249;
64;34;1;2;510;
9;28;1;2;1080;
45;98;1;2;1510;
90;79;1;2;564;
95;54;1;2;947;
46;49;1;2;1171;
0;1;42;24;
1;1;29;108;
2;1;26;202;
3;1;36;306;
4;1;11;410;
5;1;15;505;
6;1;34;602;
7;1;41;708;
8;1;41;835;
9;1;47;910;
10;1;17;1010;
11;1;26;1124;
12;1;27;1214;
13;1;50;1305;
14;1;17;1409;
15;1;19;1506;
16;1;21;1603;
17;1;13;1709;
18;1;18;1812;
19;1;21;1900;
20;1;16;2006;
21;1;37;2115;
22;1;17;2202;
23;1;44;2330;
24;1;48;2411;
25;1;43;2509;
26;1;41;2639;
27;1;11;2709;
28;1;39;2817;
29;1;22;2904;
30;1;13;3010;
31;1;15;3104;
32;1;40;3208;
33;1;32;3318;
34;1;29;3420;
35;1;40;3516;
36;1;41;3616;
37;1;48;3724;
38;1;4;3802;
39;1;16;3902;
40;1;32;4021;
41;1;17;4101;
42;1;28;4207;
43;1;38;4323;
44;1;44;4432;
