****10****
100
17;11;1;2;0;
96;66;1;2;0;
82;97;1;2;0;
73;46;1;2;0;
20;79;1;2;0;
5;56;1;2;0;
50;27;1;2;0;
98;74;1;2;0;
71;56;1;2;0;
66;10;1;2;0;
43;19;1;2;0;
44;58;1;2;0;
71;88;1;2;0;
23;83;1;2;0;
79;31;1;2;0;
53;47;1;2;0;
93;100;1;2;0;
64;75;1;2;0;
97;37;1;2;0;
72;68;1;2;0;
15;76;1;2;0;
75;16;1;2;0;
54;73;1;2;0;
41;76;1;2;0;
28;6;1;2;0;
38;22;1;2;0;
25;81;1;2;0;
31;47;1;2;0;
68;53;1;2;0;
30;98;1;2;0;
35;34;1;2;0;
96;28;1;2;0;
34;60;1;2;0;
54;82;1;2;0;
48;25;1;2;0;
1;62;1;2;0;
52;75;1;2;0;
77;57;1;2;0;
47;70;1;2;0;
32;27;1;2;0;
75;69;1;2;0;
100;51;1;2;0;
1;31;1;2;0;
98;21;1;2;0;
35;79;1;2;0;
18;70;1;2;0;
64;66;1;2;0;
97;97;1;2;0;
25;50;1;2;0;
30;24;1;2;0;
74;82;1;2;923;
77;57;1;2;1568;
33;55;1;2;2094;
16;81;1;2;285;
37;33;1;2;1795;
37;15;1;2;298;
57;49;1;2;1732;
27;18;1;2;2297;
44;14;1;2;244;
20;63;1;2;232;
43;88;1;2;149;
27;16;1;2;103;
91;48;1;2;1439;
25;16;1;2;737;
33;52;1;2;2463;
91;88;1;2;895;
99;97;1;2;1534;
84;75;1;2;2288;
81;18;1;2;1098;
79;37;1;2;2300;
58;79;1;2;1249;
18;57;1;2;1645;
35;47;1;2;629;
6;23;1;2;800;
9;55;1;2;1023;
97;98;1;2;153;
46;96;1;2;2259;
96;79;1;2;2445;
64;12;1;2;786;
45;90;1;2;1677;
40;99;1;2;1942;
75;16;1;2;9;
26;50;1;2;2447;
76;7;1;2;1347;
89;68;1;2;1998;
5;64;1;2;1194;
60;61;1;2;1735;
12;57;1;2;355;
89;20;1;2;1851;
84;16;1;2;1469;
14;55;1;2;1942;
75;82;1;2;923;
91;7;1;2;1011;
6;82;1;2;1152;
96;22;1;2;2078;
88;78;1;2;1253;
29;89;1;2;2075;
65;52;1;2;1079;
79;41;1;2;551;
57;24;1;2;1595;
0;1;23;9;
1;1;30;109;
2;1;15;205;
3;1;22;301;
4;1;19;412;
5;1;13;501;
6;1;43;636;
7;1;25;701;
8;1;49;842;
9;1;22;902;
10;1;42;1010;
11;1;43;1106;
12;1;43;1235;
13;1;36;1324;
14;1;30;1400;
15;1;27;1500;
16;1;49;1616;
17;1;43;1702;
18;1;20;1803;
19;1;23;1917;
20;1;19;2003;
21;1;41;2134;
22;1;45;2244;
23;1;15;2307;
24;1;20;2405;
25;1;22;2513;
26;1;40;2605;
27;1;7;2705;
28;1;39;2825;
29;1;37;2931;
30;1;4;3000;
31;1;22;3101;
32;1;21;3203;
33;1;19;3306;
34;1;30;3410;
35;1;30;3517;
36;1;28;3601;
37;1;10;3703;
38;1;37;3812;
39;1;18;3911;
40;1;12;4000;
41;1;19;4106;
42;1;7;4200;
43;1;37;4312;
44;1;18;4408;
