****9****
100
10;20;1;2;0;
78;5;1;2;0;
29;46;1;2;0;
94;45;1;2;0;
63;6;1;2;0;
81;40;1;2;0;
55;87;1;2;0;
80;48;1;2;0;
34;75;1;2;0;
74;63;1;2;0;
36;68;1;2;0;
15;91;1;2;0;
97;20;1;2;0;
19;38;1;2;0;
78;97;1;2;0;
88;88;1;2;0;
69;66;1;2;0;
92;49;1;2;0;
11;38;1;2;0;
93;73;1;2;0;
43;25;1;2;0;
64;49;1;2;0;
11;43;1;2;0;
96;97;1;2;0;
69;22;1;2;0;
11;56;1;2;0;
89;25;1;2;0;
47;37;1;2;0;
97;65;1;2;0;
74;74;1;2;0;
13;62;1;2;0;
13;81;1;2;0;
79;5;1;2;0;
29;41;1;2;0;
94;73;1;2;0;
65;36;1;2;0;
98;28;1;2;0;
84;60;1;2;0;
22;32;1;2;0;
56;42;1;2;0;
53;66;1;2;0;
97;93;1;2;0;
43;95;1;2;0;
30;39;1;2;0;
59;55;1;2;0;
64;24;1;2;0;
68;77;1;2;0;
4;46;1;2;0;
33;85;1;2;0;
86;26;1;2;0;
57;50;1;2;1359;
6;29;1;2;1959;
66;2;1;2;1112;
73;43;1;2;1977;
39;92;1;2;1907;
33;86;1;2;456;
71;97;1;2;2453;
34;20;1;2;413;
10;75;1;2;47;
94;59;1;2;1436;
19;68;1;2;1343;
31;25;1;2;2;
27;90;1;2;1697;
53;63;1;2;2420;
36;53;1;2;1867;
59;85;1;2;1440;
63;7;1;2;1341;
73;92;1;2;2082;
51;54;1;2;1284;
27;47;1;2;351;
88;66;1;2;1499;
98;48;1;2;1166;
37;74;1;2;2476;
30;79;1;2;181;
17;14;1;2;575;
43;24;1;2;1327;
6;38;1;2;2019;
66;10;1;2;397;
96;13;1;2;660;
1;91;1;2;658;
65;78;1;2;2100;
99;75;1;2;1343;
6;64;1;2;345;
55;45;1;2;224;
17;61;1;2;454;
32;3;1;2;441;
34;60;1;2;643;
91;77;1;2;1015;
91;73;1;2;1967;
96;25;1;2;1050;
95;89;1;2;2203;
64;88;1;2;1763;
28;45;1;2;2238;
17;51;1;2;325;
37;68;1;2;945;
69;51;1;2;965;
25;84;1;2;1826;
17;26;1;2;2365;
71;68;1;2;2169;
89;63;1;2;21;
0;1;47;31;
1;1;6;101;
2;1;23;220;
3;1;42;303;
4;1;42;425;
5;1;20;511;
6;1;35;625;
7;1;11;709;
8;1;25;810;
9;1;46;904;
10;1;47;1035;
11;1;15;1113;
12;1;8;1203;
13;1;44;1318;
14;1;26;1421;
15;1;18;1508;
16;1;19;1612;
17;1;6;1704;
18;1;22;1802;
19;1;44;1942;
20;1;17;2003;
21;1;6;2104;
22;1;21;2208;
23;1;15;2314;
24;1;29;2419;
25;1;43;2519;
26;1;1;2600;
27;1;1;2700;
28;1;49;2816;
29;1;9;2904;
30;1;3;3000;
31;1;48;3147;
32;1;50;3205;
33;1;14;3302;
34;1;6;3405;
35;1;35;3521;
36;1;23;3622;
37;1;24;3700;
38;1;9;3802;
39;1;40;3926;
40;1;2;4001;
41;1;14;4108;
42;1;43;4223;
43;1;11;4308;
44;1;9;4400;
