****6****
100
38;77;1;2;0;
28;94;1;2;0;
4;12;1;2;0;
20;62;1;2;0;
93;20;1;2;0;
81;49;1;2;0;
11;62;1;2;0;
1;7;1;2;0;
19;6;1;2;0;
8;24;1;2;0;
15;59;1;2;0;
59;83;1;2;0;
26;2;1;2;0;
85;6;1;2;0;
30;74;1;2;0;
87;67;1;2;0;
2;14;1;2;0;
60;57;1;2;0;
78;31;1;2;0;
70;22;1;2;0;
3;3;1;2;0;
22;13;1;2;0;
64;75;1;2;0;
19;34;1;2;0;
80;26;1;2;0;
9;95;1;2;0;
84;67;1;2;0;
29;62;1;2;0;
21;13;1;2;0;
67;2;1;2;0;
38;54;1;2;0;
69;92;1;2;0;
19;80;1;2;0;
48;96;1;2;0;
63;18;1;2;0;
69;65;1;2;0;
72;91;1;2;0;
77;87;1;2;0;
65;96;1;2;0;
72;44;1;2;0;
73;80;1;2;0;
90;57;1;2;0;
99;18;1;2;0;
18;19;1;2;0;
31;36;1;2;0;
20;68;1;2;0;
41;40;1;2;0;
59;12;1;2;0;
72;59;1;2;0;
59;34;1;2;0;
28;28;1;2;1526;
99;18;1;2;2280;
85;82;1;2;817;
56;77;1;2;491;
87;67;1;2;809;
85;84;1;2;236;
55;66;1;2;310;
27;86;1;2;1566;
66;96;1;2;39;
37;54;1;2;247;
70;33;1;2;1326;
67;83;1;2;2351;
93;67;1;2;593;
65;74;1;2;73;
10;13;1;2;989;
63;97;1;2;1451;
33;52;1;2;1308;
43;78;1;2;2169;
93;95;1;2;1823;
6;32;1;2;1791;
77;53;1;2;819;
76;72;1;2;1145;
91;16;1;2;498;
40;80;1;2;1018;
65;42;1;2;1510;
8;4;1;2;709;
82;89;1;2;1401;
26;31;1;2;2208;
3;75;1;2;243;
28;80;1;2;711;
58;56;1;2;659;
20;31;1;2;1612;
65;74;1;2;852;
29;13;1;2;1700;
18;29;1;2;2145;
67;36;1;2;499;
16;69;1;2;1999;
17;95;1;2;1955;
46;49;1;2;1937;
22;28;1;2;1980;
29;85;1;2;2338;
41;5;1;2;1831;
75;21;1;2;315;
25;49;1;2;884;
54;66;1;2;1110;
76;84;1;2;1980;
53;100;1;2;2451;
67;68;1;2;1327;
62;65;1;2;777;
32;87;1;2;129;
0;1;30;24;
1;1;18;113;
2;1;7;203;
3;1;25;306;
4;1;43;404;
5;1;6;500;
6;1;12;606;
7;1;9;706;
8;1;38;811;
9;1;6;903;
10;1;43;1017;
11;1;8;1101;
12;1;20;1209;
13;1;27;1313;
14;1;1;1400;
15;1;8;1507;
16;1;29;1620;
17;1;20;1717;
18;1;47;1835;
19;1;19;1912;
20;1;33;2031;
21;1;34;2129;
22;1;38;2223;
23;1;11;2305;
24;1;37;2436;
25;1;16;2515;
26;1;34;2615;
27;1;43;2701;
28;1;43;2801;
29;1;29;2919;
30;1;33;3004;
31;1;28;3109;
32;1;12;3202;
33;1;1;3300;
34;1;44;3424;
35;1;1;3500;
36;1;48;3609;
37;1;24;3704;
38;1;29;3813;
39;1;11;3902;
40;1;3;4002;
41;1;46;4119;
42;1;1;4200;
43;1;40;4324;
44;1;7;4401;
