****11****
100
15;73;1;2;0;
38;88;1;2;0;
79;58;1;2;0;
53;47;1;2;0;
49;82;1;2;0;
40;30;1;2;0;
79;67;1;2;0;
100;89;1;2;0;
42;86;1;2;0;
14;9;1;2;0;
93;25;1;2;0;
2;12;1;2;0;
78;8;1;2;0;
86;14;1;2;0;
54;6;1;2;0;
39;68;1;2;0;
30;76;1;2;0;
7;8;1;2;0;
85;60;1;2;0;
7;33;1;2;0;
93;46;1;2;0;
63;72;1;2;0;
64;14;1;2;0;
12;5;1;2;0;
51;77;1;2;0;
65;43;1;2;0;
2;66;1;2;0;
6;31;1;2;0;
25;44;1;2;0;
96;79;1;2;0;
49;34;1;2;0;
98;30;1;2;0;
9;5;1;2;0;
38;45;1;2;0;
16;44;1;2;0;
78;8;1;2;0;
89;92;1;2;0;
31;4;1;2;0;
57;94;1;2;0;
8;59;1;2;0;
71;24;1;2;0;
1;24;1;2;0;
90;7;1;2;0;
54;14;1;2;0;
50;1;1;2;0;
44;50;1;2;0;
35;42;1;2;0;
79;95;1;2;0;
98;68;1;2;0;
40;13;1;2;0;
11;69;1;2;2022;
51;12;1;2;944;
54;68;1;2;469;
13;26;1;2;2405;
89;78;1;2;220;
78;36;1;2;689;
43;37;1;2;414;
39;86;1;2;342;
80;17;1;2;2328;
77;84;1;2;1779;
41;47;1;2;380;
12;49;1;2;2270;
14;55;1;2;1125;
62;19;1;2;597;
79;7;1;2;2037;
72;36;1;2;2020;
69;31;1;2;2198;
67;69;1;2;759;
99;100;1;2;1283;
78;76;1;2;397;
95;16;1;2;2208;
81;27;1;2;83;
29;93;1;2;2369;
45;54;1;2;1925;
85;84;1;2;2029;
55;7;1;2;1716;
61;76;1;2;1471;
55;42;1;2;621;
34;93;1;2;2489;
30;70;1;2;1703;
13;16;1;2;1544;
94;96;1;2;1531;
23;25;1;2;108;
59;21;1;2;249;
65;5;1;2;1857;
77;12;1;2;153;
25;24;1;2;832;
55;78;1;2;1805;
53;11;1;2;916;
2;92;1;2;496;
26;56;1;2;2322;
65;49;1;2;1776;
83;72;1;2;1127;
44;82;1;2;1503;
59;46;1;2;1002;
57;22;1;2;1662;
13;47;1;2;503;
45;53;1;2;2224;
70;6;1;2;84;
87;59;1;2;365;
0;1;23;1;
1;1;23;113;
2;1;49;223;
3;1;25;307;
4;1;44;427;
5;1;27;519;
6;1;47;612;
7;1;22;712;
8;1;43;813;
9;1;11;910;
10;1;42;1038;
11;1;1;1100;
12;1;13;1204;
13;1;1;1300;
14;1;6;1401;
15;1;7;1500;
16;1;44;1634;
17;1;6;1705;
18;1;3;1800;
19;1;27;1900;
20;1;34;2008;
21;1;25;2104;
22;1;41;2224;
23;1;30;2312;
24;1;44;2412;
25;1;39;2521;
26;1;41;2610;
27;1;30;2724;
28;1;13;2803;
29;1;45;2930;
30;1;42;3010;
31;1;50;3136;
32;1;35;3231;
33;1;32;3300;
34;1;39;3436;
35;1;37;3506;
36;1;14;3609;
37;1;5;3703;
38;1;14;3808;
39;1;36;3908;
40;1;29;4014;
41;1;41;4104;
42;1;18;4207;
43;1;25;4306;
44;1;4;4402;
