****15****
100
28;51;1;2;0;
93;86;1;2;0;
11;9;1;2;0;
66;56;1;2;0;
96;10;1;2;0;
2;88;1;2;0;
12;36;1;2;0;
66;66;1;2;0;
1;12;1;2;0;
33;50;1;2;0;
24;49;1;2;0;
83;32;1;2;0;
7;52;1;2;0;
41;56;1;2;0;
49;80;1;2;0;
71;76;1;2;0;
82;15;1;2;0;
14;44;1;2;0;
75;31;1;2;0;
99;71;1;2;0;
40;1;1;2;0;
58;51;1;2;0;
88;75;1;2;0;
16;88;1;2;0;
38;100;1;2;0;
89;62;1;2;0;
48;23;1;2;0;
93;6;1;2;0;
74;33;1;2;0;
61;74;1;2;0;
64;84;1;2;0;
50;97;1;2;0;
50;15;1;2;0;
41;25;1;2;0;
45;91;1;2;0;
95;36;1;2;0;
43;4;1;2;0;
86;30;1;2;0;
30;53;1;2;0;
69;67;1;2;0;
52;57;1;2;0;
80;100;1;2;0;
79;72;1;2;0;
57;5;1;2;0;
57;18;1;2;0;
78;72;1;2;0;
53;79;1;2;0;
69;2;1;2;0;
45;61;1;2;0;
26;89;1;2;0;
3;72;1;2;976;
46;75;1;2;1951;
27;56;1;2;2446;
48;23;1;2;1876;
56;2;1;2;423;
87;26;1;2;1259;
91;34;1;2;2291;
20;5;1;2;639;
51;25;1;2;318;
95;37;1;2;1448;
36;40;1;2;1367;
11;37;1;2;948;
72;63;1;2;1889;
36;62;1;2;227;
52;18;1;2;443;
19;4;1;2;468;
43;46;1;2;337;
35;17;1;2;2351;
80;67;1;2;1689;
26;62;1;2;464;
49;97;1;2;880;
44;59;1;2;1028;
66;82;1;2;1798;
43;18;1;2;1227;
94;21;1;2;2486;
46;40;1;2;792;
76;34;1;2;782;
38;68;1;2;490;
57;99;1;2;452;
1;24;1;2;1966;
33;25;1;2;1048;
4;20;1;2;1175;
11;85;1;2;1801;
32;27;1;2;371;
67;20;1;2;1260;
19;18;1;2;2393;
26;93;1;2;29;
78;82;1;2;1464;
99;91;1;2;2332;
86;43;1;2;454;
34;75;1;2;2281;
30;78;1;2;1677;
36;40;1;2;2095;
24;71;1;2;424;
29;38;1;2;1893;
55;8;1;2;1948;
71;34;1;2;1052;
21;63;1;2;2049;
38;61;1;2;2287;
5;46;1;2;956;
0;1;46;34;
1;1;22;112;
2;1;12;210;
3;1;2;301;
4;1;38;418;
5;1;21;509;
6;1;22;619;
7;1;50;742;
8;1;6;800;
9;1;31;925;
10;1;42;1004;
11;1;48;1124;
12;1;29;1211;
13;1;15;1311;
14;1;40;1402;
15;1;30;1516;
16;1;43;1608;
17;1;2;1700;
18;1;2;1800;
19;1;2;1900;
20;1;25;2023;
21;1;3;2102;
22;1;25;2201;
23;1;43;2313;
24;1;11;2404;
25;1;10;2503;
26;1;40;2636;
27;1;8;2701;
28;1;44;2832;
29;1;1;2900;
30;1;37;3006;
31;1;23;3115;
32;1;35;3218;
33;1;35;3332;
34;1;26;3419;
35;1;30;3501;
36;1;12;3600;
37;1;2;3701;
38;1;36;3807;
39;1;22;3911;
40;1;20;4002;
41;1;2;4100;
42;1;41;4233;
43;1;30;4323;
44;1;35;4420;
