****13****
800
99;57;1;2;0;
50;66;1;2;0;
88;65;1;2;0;
5;51;1;2;0;
46;83;1;2;0;
74;22;1;2;0;
47;61;1;2;0;
62;94;1;2;0;
73;38;1;2;0;
9;22;1;2;0;
51;11;1;2;0;
42;91;1;2;0;
33;34;1;2;0;
75;31;1;2;0;
24;49;1;2;0;
45;22;1;2;0;
6;47;1;2;0;
39;93;1;2;0;
11;95;1;2;0;
95;56;1;2;0;
77;68;1;2;0;
29;75;1;2;0;
28;90;1;2;0;
21;1;1;2;0;
27;81;1;2;0;
74;78;1;2;0;
91;15;1;2;0;
68;24;1;2;0;
100;95;1;2;0;
54;24;1;2;0;
43;50;1;2;0;
97;48;1;2;0;
96;88;1;2;0;
40;6;1;2;0;
82;35;1;2;0;
13;11;1;2;0;
54;41;1;2;0;
85;82;1;2;0;
31;57;1;2;0;
82;57;1;2;0;
37;7;1;2;0;
34;28;1;2;0;
73;54;1;2;0;
51;73;1;2;0;
48;56;1;2;0;
48;90;1;2;0;
5;44;1;2;0;
90;53;1;2;0;
83;29;1;2;0;
58;65;1;2;0;
15;71;1;2;0;
27;69;1;2;0;
11;11;1;2;0;
2;93;1;2;0;
68;35;1;2;0;
50;56;1;2;0;
41;35;1;2;0;
83;13;1;2;0;
40;85;1;2;0;
85;87;1;2;0;
92;84;1;2;0;
29;97;1;2;0;
80;18;1;2;0;
49;62;1;2;0;
98;58;1;2;0;
78;65;1;2;0;
80;4;1;2;0;
85;43;1;2;0;
15;38;1;2;0;
35;34;1;2;0;
72;84;1;2;0;
89;12;1;2;0;
71;24;1;2;0;
76;10;1;2;0;
60;13;1;2;0;
49;52;1;2;0;
96;29;1;2;0;
100;75;1;2;0;
98;48;1;2;0;
37;95;1;2;0;
57;14;1;2;0;
11;37;1;2;0;
18;47;1;2;0;
79;84;1;2;0;
84;13;1;2;0;
69;55;1;2;0;
49;9;1;2;0;
18;71;1;2;0;
32;94;1;2;0;
80;44;1;2;0;
58;28;1;2;0;
95;53;1;2;0;
56;94;1;2;0;
28;5;1;2;0;
93;16;1;2;0;
52;49;1;2;0;
81;62;1;2;0;
37;50;1;2;0;
61;15;1;2;0;
85;96;1;2;0;
80;53;1;2;0;
3;80;1;2;0;
14;20;1;2;0;
50;97;1;2;0;
65;81;1;2;0;
40;22;1;2;0;
9;34;1;2;0;
27;16;1;2;0;
27;6;1;2;0;
21;71;1;2;0;
21;72;1;2;0;
20;53;1;2;0;
85;8;1;2;0;
3;97;1;2;0;
23;87;1;2;0;
93;54;1;2;0;
92;95;1;2;0;
85;5;1;2;0;
66;34;1;2;0;
1;83;1;2;0;
14;41;1;2;0;
4;74;1;2;0;
26;82;1;2;0;
42;5;1;2;0;
87;14;1;2;0;
75;59;1;2;0;
37;94;1;2;0;
12;73;1;2;0;
54;14;1;2;0;
70;76;1;2;0;
52;62;1;2;0;
81;95;1;2;0;
8;65;1;2;0;
99;73;1;2;0;
50;52;1;2;0;
55;15;1;2;0;
44;11;1;2;0;
41;69;1;2;0;
92;34;1;2;0;
73;79;1;2;0;
47;100;1;2;0;
37;35;1;2;0;
45;48;1;2;0;
7;98;1;2;0;
13;76;1;2;0;
25;17;1;2;0;
37;5;1;2;0;
63;44;1;2;0;
21;62;1;2;0;
69;22;1;2;0;
65;23;1;2;0;
89;8;1;2;0;
85;29;1;2;0;
28;77;1;2;0;
14;53;1;2;0;
7;60;1;2;0;
52;43;1;2;0;
94;48;1;2;0;
43;100;1;2;0;
46;7;1;2;0;
28;70;1;2;0;
75;16;1;2;0;
27;38;1;2;0;
12;99;1;2;0;
51;80;1;2;0;
21;67;1;2;0;
54;61;1;2;0;
74;39;1;2;0;
41;53;1;2;0;
67;54;1;2;0;
57;73;1;2;0;
65;60;1;2;0;
67;10;1;2;0;
8;61;1;2;0;
61;53;1;2;0;
20;88;1;2;0;
22;94;1;2;0;
4;100;1;2;0;
83;15;1;2;0;
99;33;1;2;0;
46;71;1;2;0;
99;99;1;2;0;
31;24;1;2;0;
89;71;1;2;0;
29;55;1;2;0;
76;85;1;2;0;
27;40;1;2;0;
45;46;1;2;0;
49;52;1;2;0;
6;9;1;2;0;
56;25;1;2;0;
49;29;1;2;0;
19;4;1;2;0;
29;53;1;2;0;
18;27;1;2;0;
86;15;1;2;0;
97;36;1;2;0;
65;79;1;2;0;
12;54;1;2;0;
1;40;1;2;0;
60;76;1;2;0;
24;39;1;2;0;
67;20;1;2;0;
84;15;1;2;0;
23;41;1;2;0;
75;78;1;2;0;
66;75;1;2;0;
7;36;1;2;0;
78;87;1;2;0;
88;47;1;2;0;
13;25;1;2;0;
61;61;1;2;0;
61;26;1;2;0;
39;72;1;2;0;
31;39;1;2;0;
63;42;1;2;0;
66;38;1;2;0;
80;32;1;2;0;
58;15;1;2;0;
46;32;1;2;0;
56;72;1;2;0;
62;21;1;2;0;
47;20;1;2;0;
8;76;1;2;0;
6;95;1;2;0;
23;70;1;2;0;
72;83;1;2;0;
30;32;1;2;0;
60;68;1;2;0;
55;42;1;2;0;
58;17;1;2;0;
84;23;1;2;0;
6;63;1;2;0;
54;63;1;2;0;
30;51;1;2;0;
47;85;1;2;0;
74;8;1;2;0;
5;72;1;2;0;
79;64;1;2;0;
48;84;1;2;0;
58;70;1;2;0;
53;29;1;2;0;
4;34;1;2;0;
12;16;1;2;0;
1;18;1;2;0;
57;10;1;2;0;
86;92;1;2;0;
32;92;1;2;0;
7;37;1;2;0;
6;36;1;2;0;
87;52;1;2;0;
20;60;1;2;0;
11;76;1;2;0;
84;89;1;2;0;
39;31;1;2;0;
24;48;1;2;0;
52;76;1;2;0;
77;55;1;2;0;
9;40;1;2;0;
70;61;1;2;0;
58;79;1;2;0;
70;43;1;2;0;
70;53;1;2;0;
34;76;1;2;0;
89;92;1;2;0;
11;27;1;2;0;
43;82;1;2;0;
39;6;1;2;0;
57;22;1;2;0;
94;95;1;2;0;
4;18;1;2;0;
43;55;1;2;0;
45;71;1;2;0;
61;6;1;2;0;
10;83;1;2;0;
18;19;1;2;0;
61;40;1;2;0;
62;30;1;2;0;
92;47;1;2;0;
58;33;1;2;0;
90;20;1;2;0;
59;33;1;2;0;
2;49;1;2;0;
90;58;1;2;0;
70;35;1;2;0;
5;73;1;2;0;
52;99;1;2;0;
79;49;1;2;0;
21;40;1;2;0;
6;30;1;2;0;
22;23;1;2;0;
1;82;1;2;0;
62;14;1;2;0;
63;54;1;2;0;
12;72;1;2;0;
38;2;1;2;0;
92;96;1;2;0;
86;93;1;2;0;
45;75;1;2;0;
2;66;1;2;0;
9;6;1;2;0;
91;13;1;2;0;
56;69;1;2;0;
61;76;1;2;0;
60;66;1;2;0;
58;81;1;2;0;
88;58;1;2;0;
14;2;1;2;0;
71;29;1;2;0;
55;34;1;2;0;
100;92;1;2;0;
35;91;1;2;0;
39;20;1;2;0;
35;35;1;2;0;
94;37;1;2;0;
53;3;1;2;0;
94;43;1;2;0;
15;50;1;2;0;
63;27;1;2;0;
25;23;1;2;0;
44;34;1;2;0;
55;83;1;2;0;
91;69;1;2;0;
84;13;1;2;0;
97;90;1;2;0;
47;48;1;2;0;
33;33;1;2;0;
39;24;1;2;0;
53;25;1;2;0;
58;46;1;2;0;
61;62;1;2;0;
100;7;1;2;0;
56;66;1;2;0;
56;19;1;2;0;
44;32;1;2;0;
93;39;1;2;0;
66;99;1;2;0;
22;8;1;2;0;
67;57;1;2;0;
73;15;1;2;0;
47;71;1;2;0;
63;31;1;2;0;
3;53;1;2;0;
54;55;1;2;0;
77;64;1;2;0;
53;90;1;2;0;
25;4;1;2;0;
96;33;1;2;0;
22;3;1;2;0;
51;65;1;2;0;
34;95;1;2;0;
4;51;1;2;0;
93;77;1;2;0;
11;12;1;2;0;
33;83;1;2;0;
78;31;1;2;0;
53;40;1;2;0;
62;7;1;2;0;
44;67;1;2;0;
14;73;1;2;0;
82;18;1;2;0;
62;7;1;2;0;
21;9;1;2;0;
91;42;1;2;0;
63;93;1;2;0;
59;48;1;2;0;
87;62;1;2;0;
99;31;1;2;0;
38;61;1;2;0;
42;22;1;2;0;
43;72;1;2;0;
53;47;1;2;0;
11;66;1;2;0;
5;7;1;2;0;
84;18;1;2;0;
79;66;1;2;0;
35;92;1;2;0;
24;8;1;2;0;
52;14;1;2;0;
49;14;1;2;0;
6;7;1;2;0;
61;44;1;2;0;
20;11;1;2;0;
74;9;1;2;0;
71;68;1;2;0;
31;65;1;2;0;
39;35;1;2;0;
11;1;1;2;0;
100;16;1;2;0;
7;35;1;2;0;
85;37;1;2;0;
100;20;1;2;0;
80;23;1;2;0;
27;31;1;2;0;
88;27;1;2;0;
44;93;1;2;0;
86;57;1;2;0;
36;5;1;2;0;
67;10;1;2;0;
66;38;1;2;0;
29;96;1;2;15769;
67;30;1;2;16394;
19;81;1;2;10561;
78;15;1;2;17414;
14;67;1;2;7288;
94;41;1;2;19909;
76;29;1;2;7161;
72;21;1;2;1103;
28;57;1;2;1071;
46;18;1;2;1257;
83;98;1;2;2925;
37;16;1;2;8198;
53;34;1;2;19193;
84;11;1;2;16353;
51;77;1;2;2838;
38;70;1;2;3761;
54;97;1;2;7417;
97;68;1;2;2476;
25;47;1;2;1721;
62;93;1;2;18823;
11;27;1;2;17443;
60;63;1;2;11975;
37;67;1;2;17836;
47;50;1;2;15293;
23;1;1;2;17180;
65;90;1;2;11639;
47;43;1;2;12573;
58;92;1;2;16802;
41;68;1;2;10016;
32;29;1;2;15371;
92;92;1;2;211;
97;51;1;2;4026;
21;87;1;2;3210;
26;33;1;2;8322;
94;55;1;2;4218;
38;71;1;2;18187;
55;18;1;2;10136;
17;27;1;2;7226;
98;19;1;2;14281;
25;2;1;2;16094;
45;93;1;2;10200;
43;41;1;2;6967;
3;61;1;2;7151;
82;86;1;2;1108;
11;32;1;2;5189;
39;21;1;2;2233;
61;76;1;2;19722;
25;44;1;2;5071;
32;41;1;2;4479;
6;65;1;2;19667;
61;61;1;2;13176;
55;3;1;2;6170;
51;58;1;2;10624;
86;39;1;2;8093;
5;49;1;2;10150;
78;40;1;2;1415;
74;100;1;2;6085;
87;76;1;2;4174;
30;59;1;2;16205;
91;64;1;2;4750;
53;25;1;2;16346;
7;31;1;2;7479;
1;34;1;2;5899;
7;71;1;2;11095;
99;75;1;2;2549;
73;52;1;2;761;
68;78;1;2;11359;
90;64;1;2;4477;
3;46;1;2;7342;
8;36;1;2;1676;
30;89;1;2;3572;
64;47;1;2;3229;
52;100;1;2;15057;
98;6;1;2;2484;
82;56;1;2;10341;
18;29;1;2;7537;
94;48;1;2;16305;
68;38;1;2;85;
22;92;1;2;3951;
81;52;1;2;12381;
8;33;1;2;8760;
59;96;1;2;2543;
93;47;1;2;7343;
59;44;1;2;10062;
96;77;1;2;18792;
58;47;1;2;11125;
72;40;1;2;4756;
15;59;1;2;13211;
22;80;1;2;16942;
73;13;1;2;15875;
12;20;1;2;2201;
39;31;1;2;4825;
65;23;1;2;2388;
41;81;1;2;17068;
23;28;1;2;3680;
13;38;1;2;4774;
30;61;1;2;8553;
47;76;1;2;2654;
53;97;1;2;18999;
99;69;1;2;4926;
47;33;1;2;2113;
80;71;1;2;14133;
55;87;1;2;7934;
81;28;1;2;2295;
51;50;1;2;19700;
1;62;1;2;14210;
45;44;1;2;9642;
32;42;1;2;6020;
25;95;1;2;3430;
2;45;1;2;9544;
43;43;1;2;16743;
4;22;1;2;17507;
46;29;1;2;18099;
59;9;1;2;2142;
56;11;1;2;7141;
32;11;1;2;11885;
46;7;1;2;11221;
20;38;1;2;9905;
21;15;1;2;8588;
66;68;1;2;491;
83;11;1;2;12652;
33;14;1;2;19831;
5;59;1;2;14293;
63;69;1;2;2147;
1;76;1;2;16743;
40;60;1;2;5477;
92;5;1;2;568;
88;76;1;2;3125;
77;96;1;2;3245;
60;13;1;2;3647;
39;47;1;2;9256;
60;79;1;2;5906;
55;35;1;2;7730;
78;50;1;2;6384;
10;2;1;2;4161;
4;41;1;2;8204;
8;32;1;2;12722;
19;71;1;2;7356;
68;99;1;2;14406;
82;58;1;2;8463;
12;48;1;2;15352;
4;60;1;2;19255;
61;14;1;2;1400;
77;44;1;2;16166;
13;53;1;2;13135;
76;8;1;2;3169;
99;15;1;2;18154;
77;34;1;2;9310;
31;53;1;2;13983;
31;34;1;2;761;
44;98;1;2;13856;
55;1;1;2;2198;
96;62;1;2;13061;
72;90;1;2;734;
97;2;1;2;11088;
75;29;1;2;863;
93;27;1;2;19259;
95;56;1;2;10563;
19;86;1;2;14181;
41;68;1;2;17079;
73;63;1;2;10344;
53;17;1;2;15791;
43;13;1;2;10488;
99;36;1;2;18445;
98;85;1;2;9765;
49;59;1;2;8611;
59;4;1;2;10627;
84;50;1;2;8536;
41;68;1;2;13415;
3;60;1;2;19670;
98;33;1;2;19483;
90;37;1;2;11928;
34;79;1;2;16259;
40;30;1;2;17596;
34;27;1;2;8384;
82;76;1;2;9200;
10;86;1;2;19491;
16;69;1;2;4851;
26;62;1;2;10871;
24;16;1;2;15253;
90;13;1;2;2479;
19;54;1;2;13848;
64;87;1;2;4115;
25;26;1;2;17504;
21;12;1;2;18468;
2;45;1;2;14375;
45;6;1;2;9809;
91;21;1;2;11469;
86;98;1;2;9919;
100;22;1;2;19340;
73;11;1;2;4250;
31;29;1;2;14995;
24;44;1;2;3643;
48;20;1;2;8124;
1;41;1;2;6883;
81;94;1;2;5964;
87;38;1;2;5140;
31;28;1;2;7597;
44;65;1;2;9311;
21;64;1;2;3698;
62;88;1;2;17870;
18;18;1;2;11306;
28;94;1;2;19658;
76;41;1;2;19181;
49;94;1;2;11193;
38;26;1;2;357;
70;12;1;2;3315;
8;95;1;2;19557;
66;90;1;2;17653;
21;10;1;2;1032;
50;23;1;2;12391;
41;41;1;2;17927;
60;68;1;2;7768;
27;43;1;2;13472;
62;43;1;2;12540;
40;80;1;2;7161;
12;50;1;2;11710;
20;57;1;2;19717;
60;74;1;2;18929;
63;94;1;2;2986;
82;95;1;2;14949;
88;35;1;2;2788;
11;47;1;2;14058;
28;73;1;2;3562;
89;86;1;2;19427;
43;26;1;2;4811;
70;37;1;2;13124;
12;8;1;2;13225;
49;67;1;2;8990;
26;82;1;2;13452;
61;15;1;2;10307;
71;2;1;2;4868;
20;12;1;2;4719;
89;91;1;2;16959;
51;79;1;2;17048;
56;21;1;2;3619;
41;42;1;2;13311;
26;6;1;2;599;
68;6;1;2;1322;
34;31;1;2;13131;
94;44;1;2;8220;
1;14;1;2;11539;
94;85;1;2;4734;
33;73;1;2;3017;
44;24;1;2;16137;
93;79;1;2;354;
19;71;1;2;2829;
29;97;1;2;6435;
51;16;1;2;3446;
39;1;1;2;16513;
60;47;1;2;12340;
95;47;1;2;9598;
31;40;1;2;7354;
30;72;1;2;7109;
72;67;1;2;12424;
93;12;1;2;2724;
86;30;1;2;2823;
72;11;1;2;13285;
64;61;1;2;7334;
60;99;1;2;13961;
39;10;1;2;10338;
61;4;1;2;10493;
96;86;1;2;19294;
68;15;1;2;5179;
64;39;1;2;5109;
83;31;1;2;7292;
32;16;1;2;7905;
4;39;1;2;7701;
24;2;1;2;11000;
59;14;1;2;15403;
47;4;1;2;17761;
28;65;1;2;6293;
60;12;1;2;19981;
30;31;1;2;19837;
24;94;1;2;12598;
36;28;1;2;14402;
59;12;1;2;9323;
63;15;1;2;190;
78;91;1;2;17162;
52;49;1;2;3681;
77;95;1;2;16262;
62;75;1;2;14685;
51;86;1;2;8548;
24;15;1;2;8925;
64;90;1;2;19206;
42;25;1;2;2973;
2;35;1;2;15513;
77;98;1;2;7088;
43;75;1;2;10983;
62;78;1;2;18252;
46;6;1;2;2856;
33;68;1;2;18855;
85;18;1;2;16740;
52;93;1;2;19526;
49;57;1;2;8672;
92;50;1;2;16728;
63;52;1;2;10986;
96;80;1;2;15630;
44;74;1;2;9523;
34;87;1;2;19945;
73;32;1;2;6019;
10;65;1;2;9227;
21;1;1;2;15862;
17;52;1;2;5903;
79;100;1;2;19189;
83;44;1;2;15757;
12;6;1;2;6287;
79;1;1;2;102;
91;97;1;2;8557;
81;30;1;2;5089;
48;54;1;2;17103;
21;63;1;2;4578;
61;83;1;2;5922;
70;51;1;2;13403;
24;82;1;2;12224;
33;16;1;2;5312;
92;27;1;2;19362;
54;57;1;2;6164;
48;47;1;2;3969;
15;79;1;2;16318;
20;79;1;2;12625;
5;99;1;2;8303;
6;12;1;2;9650;
55;33;1;2;13403;
59;56;1;2;19089;
63;89;1;2;15379;
9;80;1;2;2720;
65;86;1;2;12101;
21;85;1;2;2868;
73;99;1;2;4547;
6;18;1;2;4522;
93;75;1;2;12533;
43;80;1;2;14086;
79;87;1;2;12484;
17;45;1;2;6187;
37;59;1;2;5548;
72;20;1;2;18882;
85;84;1;2;3635;
7;4;1;2;16192;
76;76;1;2;8828;
75;81;1;2;6633;
100;26;1;2;6710;
27;68;1;2;1078;
66;98;1;2;15659;
37;14;1;2;3853;
63;50;1;2;17888;
30;73;1;2;6793;
28;10;1;2;13653;
63;16;1;2;4630;
82;91;1;2;3694;
99;65;1;2;7162;
37;16;1;2;18822;
50;43;1;2;19534;
42;8;1;2;2668;
72;44;1;2;9071;
50;58;1;2;14108;
35;39;1;2;13159;
91;18;1;2;12664;
82;32;1;2;4723;
76;13;1;2;12207;
97;63;1;2;7101;
51;100;1;2;10209;
29;49;1;2;17783;
27;42;1;2;11350;
21;13;1;2;19674;
81;14;1;2;8940;
95;49;1;2;12141;
29;91;1;2;8155;
72;73;1;2;619;
82;48;1;2;9444;
83;45;1;2;7179;
49;95;1;2;456;
82;75;1;2;3428;
57;1;1;2;13452;
39;22;1;2;9906;
16;54;1;2;16644;
2;48;1;2;11553;
79;28;1;2;12589;
74;51;1;2;5961;
100;33;1;2;20;
90;67;1;2;2182;
91;67;1;2;19609;
43;48;1;2;11121;
43;4;1;2;16252;
36;42;1;2;1391;
41;9;1;2;15611;
60;63;1;2;13016;
78;41;1;2;6767;
87;66;1;2;16968;
68;65;1;2;4621;
49;7;1;2;5655;
73;49;1;2;10890;
44;44;1;2;14257;
41;38;1;2;9815;
86;74;1;2;16358;
5;14;1;2;13556;
29;25;1;2;10351;
4;55;1;2;6325;
55;41;1;2;5911;
9;61;1;2;13451;
0;1;46;40;
1;1;21;111;
2;1;35;230;
3;1;25;304;
4;1;14;404;
5;1;20;511;
6;1;18;615;
7;1;25;711;
8;1;10;809;
9;1;15;914;
10;1;17;1010;
11;1;43;1102;
12;1;40;1239;
13;1;13;1307;
14;1;10;1404;
15;1;4;1500;
16;1;35;1625;
17;1;9;1702;
18;1;46;1810;
19;1;49;1938;
20;1;27;2005;
21;1;11;2109;
22;1;26;2208;
23;1;35;2311;
24;1;28;2420;
25;1;26;2517;
26;1;8;2607;
27;1;14;2713;
28;1;21;2807;
29;1;37;2910;
30;1;3;3002;
31;1;37;3112;
32;1;15;3211;
33;1;9;3306;
34;1;29;3401;
35;1;21;3501;
36;1;29;3626;
37;1;4;3701;
38;1;19;3812;
39;1;40;3906;
40;1;40;4006;
41;1;42;4117;
42;1;39;4225;
43;1;45;4303;
44;1;34;4426;
45;1;41;4503;
46;1;20;4616;
47;1;27;4700;
48;1;23;4818;
49;1;47;4939;
50;1;46;5039;
51;1;11;5103;
52;1;50;5213;
53;1;28;5308;
54;1;2;5400;
55;1;17;5504;
56;1;34;5631;
57;1;40;5731;
58;1;15;5813;
59;1;32;5913;
60;1;16;6013;
61;1;40;6114;
62;1;50;6215;
63;1;22;6311;
64;1;3;6402;
65;1;26;6515;
66;1;36;6611;
67;1;21;6718;
68;1;50;6847;
69;1;5;6902;
70;1;15;7007;
71;1;45;7114;
72;1;33;7210;
73;1;23;7319;
74;1;20;7403;
75;1;1;7500;
76;1;28;7601;
77;1;22;7718;
78;1;5;7803;
79;1;1;7900;
80;1;12;8007;
81;1;6;8104;
82;1;14;8206;
83;1;35;8324;
84;1;24;8413;
85;1;19;8509;
86;1;16;8604;
87;1;39;8710;
88;1;1;8800;
89;1;49;8930;
90;1;17;9008;
91;1;8;9103;
92;1;40;9228;
93;1;22;9303;
94;1;24;9401;
95;1;5;9501;
96;1;50;9609;
97;1;37;9713;
98;1;36;9833;
99;1;29;9904;
100;1;13;10008;
101;1;1;10100;
102;1;13;10208;
103;1;30;10313;
104;1;4;10403;
105;1;36;10507;
106;1;28;10612;
107;1;17;10705;
108;1;23;10817;
109;1;14;10908;
110;1;12;11003;
111;1;35;11112;
112;1;30;11201;
113;1;27;11315;
114;1;45;11406;
115;1;28;11500;
116;1;5;11603;
117;1;38;11701;
118;1;22;11810;
119;1;33;11916;
120;1;46;12019;
121;1;49;12131;
122;1;10;12204;
123;1;43;12313;
124;1;5;12403;
125;1;32;12502;
126;1;28;12624;
127;1;33;12716;
128;1;38;12831;
129;1;26;12919;
130;1;20;13002;
131;1;40;13134;
132;1;33;13217;
133;1;46;13313;
134;1;46;13443;
135;1;29;13518;
136;1;47;13644;
137;1;18;13703;
138;1;43;13832;
139;1;41;13915;
140;1;20;14002;
141;1;18;14107;
142;1;39;14218;
143;1;6;14305;
144;1;13;14407;
145;1;11;14501;
146;1;36;14605;
147;1;9;14705;
148;1;30;14813;
149;1;22;14916;
150;1;33;15019;
151;1;18;15112;
152;1;28;15224;
153;1;36;15323;
154;1;46;15401;
155;1;21;15512;
156;1;50;15637;
157;1;15;15714;
158;1;40;15821;
159;1;19;15911;
