****3****
100
49;88;1;2;0;
67;38;1;2;0;
23;70;1;2;0;
26;22;1;2;0;
81;56;1;2;0;
30;21;1;2;0;
56;83;1;2;0;
51;38;1;2;0;
78;20;1;2;0;
34;55;1;2;0;
37;73;1;2;0;
58;82;1;2;0;
92;73;1;2;0;
42;97;1;2;0;
85;80;1;2;0;
5;86;1;2;0;
19;24;1;2;0;
23;41;1;2;0;
93;100;1;2;0;
62;25;1;2;0;
7;44;1;2;0;
97;62;1;2;0;
78;47;1;2;0;
99;8;1;2;0;
18;32;1;2;0;
62;54;1;2;0;
57;19;1;2;0;
87;48;1;2;0;
91;80;1;2;0;
96;28;1;2;0;
59;53;1;2;0;
13;29;1;2;0;
76;35;1;2;0;
21;20;1;2;0;
86;35;1;2;0;
96;92;1;2;0;
78;92;1;2;0;
53;7;1;2;0;
38;51;1;2;0;
14;7;1;2;0;
34;27;1;2;0;
13;90;1;2;0;
46;99;1;2;0;
37;88;1;2;0;
31;33;1;2;0;
15;41;1;2;0;
37;27;1;2;0;
70;12;1;2;0;
13;90;1;2;0;
83;50;1;2;0;
24;30;1;2;1520;
53;21;1;2;1977;
60;10;1;2;1904;
25;16;1;2;1909;
52;28;1;2;35;
97;79;1;2;221;
36;9;1;2;1778;
3;49;1;2;2458;
81;18;1;2;304;
94;60;1;2;1149;
95;83;1;2;1400;
88;36;1;2;1372;
84;47;1;2;485;
31;71;1;2;560;
63;22;1;2;488;
84;70;1;2;247;
42;6;1;2;653;
84;8;1;2;228;
14;88;1;2;2265;
55;33;1;2;1086;
30;80;1;2;1896;
34;67;1;2;1451;
10;50;1;2;2306;
95;32;1;2;1952;
96;94;1;2;1795;
24;78;1;2;1735;
82;19;1;2;1422;
48;55;1;2;121;
14;68;1;2;950;
50;75;1;2;2132;
97;56;1;2;801;
75;42;1;2;977;
39;51;1;2;2142;
50;46;1;2;1198;
31;41;1;2;54;
85;16;1;2;1252;
9;97;1;2;9;
90;96;1;2;603;
30;61;1;2;494;
10;63;1;2;2488;
74;59;1;2;229;
17;33;1;2;120;
78;24;1;2;1034;
88;73;1;2;956;
30;55;1;2;446;
18;91;1;2;2499;
34;52;1;2;2356;
69;93;1;2;676;
10;75;1;2;185;
71;36;1;2;648;
0;1;5;5;
1;1;2;102;
2;1;13;213;
3;1;3;303;
4;1;29;429;
5;1;14;514;
6;1;5;605;
7;1;2;702;
8;1;8;808;
9;1;12;912;
10;1;6;1006;
11;1;2;1102;
12;1;19;1219;
13;1;33;1333;
14;1;15;1415;
15;1;26;1526;
16;1;12;1612;
17;1;5;1705;
18;1;13;1813;
19;1;12;1912;
