****6****
100
15;99;1;2;0;
99;100;1;2;0;
73;25;1;2;0;
95;33;1;2;0;
6;94;1;2;0;
50;6;1;2;0;
51;11;1;2;0;
50;41;1;2;0;
34;9;1;2;0;
30;64;1;2;0;
70;12;1;2;0;
20;9;1;2;0;
6;49;1;2;0;
95;78;1;2;0;
65;52;1;2;0;
9;79;1;2;0;
2;7;1;2;0;
78;74;1;2;0;
83;72;1;2;0;
58;41;1;2;0;
65;60;1;2;0;
46;67;1;2;0;
70;47;1;2;0;
59;4;1;2;0;
55;88;1;2;0;
19;77;1;2;0;
52;90;1;2;0;
37;57;1;2;0;
38;31;1;2;0;
34;2;1;2;0;
82;94;1;2;0;
32;35;1;2;0;
52;61;1;2;0;
9;87;1;2;0;
32;18;1;2;0;
27;48;1;2;0;
77;24;1;2;0;
14;99;1;2;0;
70;72;1;2;0;
54;76;1;2;0;
12;72;1;2;0;
52;63;1;2;0;
61;88;1;2;0;
71;51;1;2;0;
70;56;1;2;0;
4;3;1;2;0;
50;36;1;2;0;
38;1;1;2;0;
48;98;1;2;0;
87;80;1;2;0;
15;65;1;2;478;
44;88;1;2;1317;
94;9;1;2;66;
47;85;1;2;1745;
70;36;1;2;511;
82;76;1;2;405;
84;97;1;2;2347;
88;100;1;2;186;
75;37;1;2;1903;
22;34;1;2;617;
53;48;1;2;1761;
84;43;1;2;828;
28;36;1;2;481;
47;34;1;2;316;
26;55;1;2;2488;
70;37;1;2;1347;
33;20;1;2;1872;
3;59;1;2;1087;
74;85;1;2;707;
45;59;1;2;1606;
55;11;1;2;2188;
82;46;1;2;311;
48;73;1;2;2476;
22;20;1;2;91;
33;97;1;2;566;
31;66;1;2;1265;
4;50;1;2;1208;
25;4;1;2;103;
94;77;1;2;2466;
50;22;1;2;128;
88;28;1;2;732;
77;61;1;2;2260;
8;60;1;2;1023;
27;34;1;2;2094;
32;66;1;2;2217;
91;96;1;2;1901;
86;51;1;2;1559;
52;75;1;2;1033;
29;20;1;2;513;
91;70;1;2;1903;
10;9;1;2;816;
92;37;1;2;1522;
20;96;1;2;2344;
72;23;1;2;1266;
95;6;1;2;1107;
14;96;1;2;1852;
50;33;1;2;2353;
36;36;1;2;1980;
78;17;1;2;1819;
44;7;1;2;82;
0;1;7;7;
1;1;26;126;
2;1;5;205;
3;1;26;326;
4;1;25;425;
5;1;14;514;
6;1;30;630;
7;1;6;706;
8;1;18;818;
9;1;30;930;
10;1;23;1023;
11;1;9;1109;
12;1;11;1211;
13;1;22;1322;
14;1;27;1427;
15;1;21;1521;
16;1;29;1629;
17;1;28;1728;
18;1;28;1828;
19;1;17;1917;
