****9****
100
90;90;1;2;0;
4;77;1;2;0;
15;67;1;2;0;
30;57;1;2;0;
49;67;1;2;0;
31;37;1;2;0;
73;14;1;2;0;
7;52;1;2;0;
79;70;1;2;0;
3;48;1;2;0;
90;76;1;2;0;
75;44;1;2;0;
41;35;1;2;0;
1;57;1;2;0;
8;88;1;2;0;
77;49;1;2;0;
30;80;1;2;0;
77;44;1;2;0;
47;6;1;2;0;
53;47;1;2;0;
25;83;1;2;0;
35;97;1;2;0;
49;41;1;2;0;
48;27;1;2;0;
10;2;1;2;0;
74;51;1;2;0;
30;1;1;2;0;
95;70;1;2;0;
35;95;1;2;0;
26;94;1;2;0;
35;3;1;2;0;
42;64;1;2;0;
34;70;1;2;0;
7;32;1;2;0;
75;59;1;2;0;
30;99;1;2;0;
94;64;1;2;0;
95;42;1;2;0;
4;94;1;2;0;
68;65;1;2;0;
96;93;1;2;0;
16;25;1;2;0;
93;10;1;2;0;
94;79;1;2;0;
56;72;1;2;0;
24;90;1;2;0;
26;65;1;2;0;
53;11;1;2;0;
34;12;1;2;0;
43;61;1;2;0;
22;24;1;2;2425;
67;88;1;2;1450;
8;43;1;2;2065;
27;8;1;2;1067;
20;75;1;2;1560;
12;84;1;2;1583;
43;91;1;2;762;
66;33;1;2;2464;
83;85;1;2;660;
68;48;1;2;2364;
28;22;1;2;2078;
39;88;1;2;1970;
96;96;1;2;1277;
98;74;1;2;2255;
96;93;1;2;2492;
69;57;1;2;254;
88;51;1;2;78;
78;16;1;2;1989;
45;98;1;2;1103;
23;66;1;2;1170;
46;45;1;2;2264;
41;35;1;2;2414;
75;82;1;2;1112;
4;80;1;2;819;
39;75;1;2;2408;
49;95;1;2;2319;
45;83;1;2;1252;
80;60;1;2;2309;
99;57;1;2;1176;
55;79;1;2;2070;
58;76;1;2;2183;
34;17;1;2;1440;
97;43;1;2;1293;
56;46;1;2;1307;
40;85;1;2;47;
68;85;1;2;1576;
5;29;1;2;2478;
39;61;1;2;1016;
93;11;1;2;2152;
45;65;1;2;1547;
13;74;1;2;1565;
26;7;1;2;1784;
26;4;1;2;1675;
7;11;1;2;13;
19;2;1;2;1558;
5;21;1;2;1299;
85;25;1;2;1992;
100;16;1;2;1213;
74;8;1;2;957;
4;52;1;2;2325;
0;1;25;25;
1;1;22;122;
2;1;13;213;
3;1;32;332;
4;1;1;401;
5;1;10;510;
6;1;31;631;
7;1;15;715;
8;1;10;810;
9;1;10;910;
10;1;28;1028;
11;1;14;1114;
12;1;8;1208;
13;1;25;1325;
14;1;23;1423;
15;1;5;1505;
16;1;9;1609;
17;1;17;1717;
18;1;19;1819;
19;1;31;1931;
