****11****
100
82;95;1;2;0;
59;53;1;2;0;
97;39;1;2;0;
87;81;1;2;0;
14;13;1;2;0;
27;1;1;2;0;
28;28;1;2;0;
98;74;1;2;0;
31;45;1;2;0;
2;56;1;2;0;
15;69;1;2;0;
2;19;1;2;0;
46;10;1;2;0;
83;43;1;2;0;
69;76;1;2;0;
20;50;1;2;0;
70;79;1;2;0;
54;66;1;2;0;
69;40;1;2;0;
98;34;1;2;0;
53;24;1;2;0;
34;32;1;2;0;
4;83;1;2;0;
57;34;1;2;0;
27;58;1;2;0;
41;41;1;2;0;
26;94;1;2;0;
12;24;1;2;0;
55;46;1;2;0;
18;23;1;2;0;
21;37;1;2;0;
73;90;1;2;0;
67;26;1;2;0;
7;35;1;2;0;
18;4;1;2;0;
68;22;1;2;0;
79;53;1;2;0;
5;82;1;2;0;
36;61;1;2;0;
67;62;1;2;0;
19;59;1;2;0;
55;96;1;2;0;
4;18;1;2;0;
19;59;1;2;0;
63;88;1;2;0;
81;35;1;2;0;
25;5;1;2;0;
24;91;1;2;0;
83;82;1;2;0;
78;52;1;2;0;
37;45;1;2;467;
15;98;1;2;476;
49;85;1;2;1901;
67;98;1;2;946;
26;4;1;2;230;
29;73;1;2;1390;
39;35;1;2;1215;
72;69;1;2;1330;
76;44;1;2;2461;
10;77;1;2;1549;
61;13;1;2;1204;
33;80;1;2;1848;
61;28;1;2;2117;
2;46;1;2;658;
60;23;1;2;1861;
66;4;1;2;1504;
43;42;1;2;1695;
7;13;1;2;1421;
95;41;1;2;1054;
77;50;1;2;321;
85;11;1;2;1870;
89;95;1;2;573;
42;8;1;2;834;
79;9;1;2;700;
65;20;1;2;328;
55;86;1;2;995;
18;80;1;2;1857;
67;86;1;2;1185;
36;32;1;2;1881;
1;8;1;2;730;
43;44;1;2;40;
97;32;1;2;276;
30;73;1;2;1919;
42;3;1;2;1867;
99;20;1;2;1066;
31;74;1;2;2252;
14;43;1;2;1813;
91;61;1;2;964;
80;97;1;2;1039;
9;97;1;2;1995;
39;39;1;2;382;
80;87;1;2;2410;
67;16;1;2;2422;
61;9;1;2;36;
67;8;1;2;915;
40;38;1;2;1918;
51;4;1;2;2050;
92;94;1;2;503;
19;73;1;2;1205;
76;33;1;2;206;
0;1;6;6;
1;1;15;115;
2;1;33;233;
3;1;23;323;
4;1;23;423;
5;1;6;506;
6;1;3;603;
7;1;22;722;
8;1;30;830;
9;1;8;908;
10;1;24;1024;
11;1;25;1125;
12;1;11;1211;
13;1;25;1325;
14;1;15;1415;
15;1;24;1524;
16;1;11;1611;
17;1;25;1725;
18;1;2;1802;
19;1;20;1920;
