****18****
100
68;28;1;2;0;
10;46;1;2;0;
16;90;1;2;0;
39;7;1;2;0;
97;92;1;2;0;
76;71;1;2;0;
12;73;1;2;0;
49;72;1;2;0;
1;6;1;2;0;
26;82;1;2;0;
14;16;1;2;0;
59;31;1;2;0;
5;55;1;2;0;
13;56;1;2;0;
98;18;1;2;0;
50;65;1;2;0;
97;59;1;2;0;
11;13;1;2;0;
100;49;1;2;0;
19;48;1;2;0;
92;47;1;2;0;
18;55;1;2;0;
19;18;1;2;0;
26;19;1;2;0;
23;3;1;2;0;
1;88;1;2;0;
71;11;1;2;0;
71;75;1;2;0;
17;35;1;2;0;
83;14;1;2;0;
52;32;1;2;0;
79;49;1;2;0;
43;41;1;2;0;
61;42;1;2;0;
89;31;1;2;0;
90;32;1;2;0;
29;59;1;2;0;
86;48;1;2;0;
77;63;1;2;0;
18;51;1;2;0;
65;70;1;2;0;
39;35;1;2;0;
80;61;1;2;0;
62;96;1;2;0;
95;96;1;2;0;
10;47;1;2;0;
27;40;1;2;0;
47;69;1;2;0;
80;59;1;2;0;
63;20;1;2;0;
89;52;1;2;603;
18;10;1;2;1797;
17;38;1;2;948;
34;89;1;2;1766;
4;79;1;2;2090;
35;39;1;2;62;
31;33;1;2;1393;
92;31;1;2;2060;
31;77;1;2;1591;
10;35;1;2;1231;
29;76;1;2;1933;
31;45;1;2;2379;
70;61;1;2;873;
71;46;1;2;2243;
88;1;1;2;531;
40;88;1;2;804;
57;18;1;2;2319;
69;61;1;2;398;
8;91;1;2;887;
15;52;1;2;1270;
36;32;1;2;1215;
60;14;1;2;2370;
93;83;1;2;2061;
16;53;1;2;2433;
27;40;1;2;1670;
68;32;1;2;1417;
47;40;1;2;2470;
11;9;1;2;1353;
5;16;1;2;478;
27;82;1;2;2182;
36;17;1;2;2072;
20;28;1;2;755;
100;20;1;2;28;
92;88;1;2;841;
82;66;1;2;2457;
72;34;1;2;1971;
1;32;1;2;1944;
47;42;1;2;1269;
53;98;1;2;2007;
1;25;1;2;751;
100;12;1;2;1229;
30;84;1;2;378;
25;35;1;2;577;
50;27;1;2;201;
31;60;1;2;1491;
51;31;1;2;2478;
3;83;1;2;1467;
46;29;1;2;781;
45;81;1;2;814;
11;33;1;2;2459;
0;1;18;18;
1;1;5;105;
2;1;6;206;
3;1;11;311;
4;1;26;426;
5;1;32;532;
6;1;33;633;
7;1;20;720;
8;1;27;827;
9;1;13;913;
10;1;2;1002;
11;1;21;1121;
12;1;30;1230;
13;1;19;1319;
14;1;18;1418;
15;1;12;1512;
16;1;12;1612;
17;1;26;1726;
18;1;2;1802;
19;1;2;1902;
