****7****
100
55;4;1;2;0;
2;90;1;2;0;
16;31;1;2;0;
58;99;1;2;0;
26;16;1;2;0;
4;60;1;2;0;
84;16;1;2;0;
12;47;1;2;0;
65;44;1;2;0;
29;61;1;2;0;
14;86;1;2;0;
79;55;1;2;0;
85;54;1;2;0;
37;1;1;2;0;
76;55;1;2;0;
14;30;1;2;0;
58;67;1;2;0;
71;73;1;2;0;
49;81;1;2;0;
23;74;1;2;0;
96;26;1;2;0;
85;31;1;2;0;
42;97;1;2;0;
77;58;1;2;0;
40;57;1;2;0;
18;5;1;2;0;
42;48;1;2;0;
11;26;1;2;0;
53;48;1;2;0;
26;28;1;2;0;
2;92;1;2;0;
9;59;1;2;0;
10;31;1;2;0;
83;11;1;2;0;
63;5;1;2;0;
84;59;1;2;0;
31;21;1;2;0;
89;24;1;2;0;
17;66;1;2;0;
81;8;1;2;0;
22;50;1;2;0;
12;16;1;2;0;
49;22;1;2;0;
41;1;1;2;0;
21;19;1;2;0;
80;74;1;2;0;
62;40;1;2;0;
84;23;1;2;0;
22;18;1;2;0;
33;85;1;2;0;
23;69;1;2;1441;
5;89;1;2;786;
28;57;1;2;584;
60;64;1;2;333;
61;27;1;2;953;
9;100;1;2;1746;
9;73;1;2;2060;
40;46;1;2;2357;
31;82;1;2;1841;
52;99;1;2;2126;
88;73;1;2;1405;
82;77;1;2;530;
65;56;1;2;2419;
64;67;1;2;453;
85;27;1;2;1759;
73;35;1;2;1730;
54;95;1;2;2155;
4;34;1;2;1220;
16;16;1;2;844;
2;68;1;2;1005;
20;55;1;2;883;
11;37;1;2;83;
37;53;1;2;752;
24;16;1;2;1057;
73;53;1;2;616;
49;77;1;2;890;
76;30;1;2;1208;
27;86;1;2;1708;
23;1;1;2;1461;
53;2;1;2;646;
81;73;1;2;1399;
81;83;1;2;158;
58;72;1;2;211;
95;95;1;2;2146;
98;19;1;2;1293;
27;67;1;2;1110;
91;94;1;2;843;
54;72;1;2;53;
50;95;1;2;1099;
61;47;1;2;820;
92;27;1;2;1345;
29;59;1;2;1575;
54;69;1;2;2048;
79;63;1;2;179;
23;60;1;2;1424;
68;86;1;2;40;
41;29;1;2;260;
95;82;1;2;1736;
35;83;1;2;690;
74;43;1;2;467;
0;1;20;20;
1;1;1;101;
2;1;7;207;
3;1;27;327;
4;1;32;432;
5;1;30;530;
6;1;23;623;
7;1;10;710;
8;1;33;833;
9;1;23;923;
10;1;21;1021;
11;1;30;1130;
12;1;18;1218;
13;1;1;1301;
14;1;6;1406;
15;1;26;1526;
16;1;6;1606;
17;1;27;1727;
18;1;25;1825;
19;1;12;1912;
