****5****
100
87;64;1;2;0;
24;52;1;2;0;
2;22;1;2;0;
14;8;1;2;0;
17;60;1;2;0;
72;41;1;2;0;
80;51;1;2;0;
42;84;1;2;0;
11;46;1;2;0;
34;72;1;2;0;
37;77;1;2;0;
46;26;1;2;0;
76;72;1;2;0;
33;27;1;2;0;
21;71;1;2;0;
79;7;1;2;0;
86;2;1;2;0;
10;39;1;2;0;
76;75;1;2;0;
47;44;1;2;0;
35;70;1;2;0;
84;66;1;2;0;
20;25;1;2;0;
2;82;1;2;0;
23;35;1;2;0;
6;59;1;2;0;
64;3;1;2;0;
85;39;1;2;0;
74;69;1;2;0;
17;46;1;2;0;
91;96;1;2;0;
4;76;1;2;0;
49;14;1;2;0;
15;24;1;2;0;
88;61;1;2;0;
67;74;1;2;0;
82;50;1;2;0;
92;53;1;2;0;
27;93;1;2;0;
35;49;1;2;0;
79;40;1;2;0;
59;42;1;2;0;
94;43;1;2;0;
32;67;1;2;0;
64;49;1;2;0;
65;54;1;2;0;
96;68;1;2;0;
30;44;1;2;0;
33;44;1;2;0;
20;73;1;2;0;
56;86;1;2;309;
37;88;1;2;2082;
89;14;1;2;94;
75;14;1;2;188;
66;72;1;2;49;
59;67;1;2;2484;
26;30;1;2;350;
42;83;1;2;556;
9;12;1;2;1397;
42;7;1;2;1338;
14;62;1;2;62;
11;98;1;2;480;
100;39;1;2;13;
80;13;1;2;1608;
91;31;1;2;421;
96;89;1;2;2004;
80;66;1;2;880;
16;7;1;2;1607;
95;68;1;2;1086;
69;9;1;2;1476;
63;74;1;2;2098;
94;84;1;2;1703;
12;35;1;2;64;
95;67;1;2;1290;
91;9;1;2;601;
58;4;1;2;819;
44;83;1;2;2437;
58;98;1;2;1176;
7;44;1;2;802;
20;13;1;2;2255;
87;27;1;2;1751;
67;72;1;2;2098;
97;83;1;2;386;
65;77;1;2;1706;
98;67;1;2;1248;
12;76;1;2;1564;
15;71;1;2;136;
84;29;1;2;2318;
11;87;1;2;1161;
5;6;1;2;567;
7;44;1;2;1874;
34;11;1;2;142;
96;59;1;2;857;
45;24;1;2;1531;
8;73;1;2;1271;
32;36;1;2;499;
7;51;1;2;1222;
68;34;1;2;1821;
27;44;1;2;1404;
30;100;1;2;1054;
0;1;28;28;
1;1;28;128;
2;1;1;201;
3;1;30;330;
4;1;23;423;
5;1;20;520;
6;1;22;622;
7;1;17;717;
8;1;10;810;
9;1;21;921;
10;1;9;1009;
11;1;22;1122;
12;1;2;1202;
13;1;10;1310;
14;1;25;1425;
15;1;33;1533;
16;1;17;1617;
17;1;11;1711;
18;1;13;1813;
19;1;16;1916;
