****17****
100
35;6;1;2;0;
3;56;1;2;0;
1;48;1;2;0;
37;28;1;2;0;
93;12;1;2;0;
53;13;1;2;0;
78;64;1;2;0;
9;33;1;2;0;
76;86;1;2;0;
98;87;1;2;0;
17;54;1;2;0;
88;67;1;2;0;
15;38;1;2;0;
85;18;1;2;0;
10;71;1;2;0;
79;44;1;2;0;
28;81;1;2;0;
99;28;1;2;0;
81;87;1;2;0;
55;73;1;2;0;
98;7;1;2;0;
37;28;1;2;0;
22;45;1;2;0;
12;97;1;2;0;
82;10;1;2;0;
36;99;1;2;0;
63;23;1;2;0;
17;29;1;2;0;
60;2;1;2;0;
46;21;1;2;0;
24;76;1;2;0;
65;52;1;2;0;
57;15;1;2;0;
79;37;1;2;0;
2;86;1;2;0;
61;51;1;2;0;
92;49;1;2;0;
78;66;1;2;0;
93;42;1;2;0;
14;27;1;2;0;
51;49;1;2;0;
25;65;1;2;0;
23;41;1;2;0;
46;35;1;2;0;
94;91;1;2;0;
55;70;1;2;0;
67;19;1;2;0;
21;75;1;2;0;
86;99;1;2;0;
63;87;1;2;0;
84;23;1;2;1120;
28;23;1;2;298;
45;67;1;2;783;
58;93;1;2;349;
59;69;1;2;1856;
81;62;1;2;892;
15;55;1;2;923;
22;24;1;2;1499;
92;96;1;2;2065;
77;95;1;2;919;
63;30;1;2;1163;
52;9;1;2;2325;
18;53;1;2;370;
77;11;1;2;1505;
86;21;1;2;956;
11;1;1;2;1709;
30;68;1;2;858;
43;41;1;2;1320;
74;32;1;2;537;
79;9;1;2;539;
46;23;1;2;1910;
87;74;1;2;737;
50;91;1;2;2427;
31;67;1;2;402;
53;4;1;2;173;
96;15;1;2;1936;
99;96;1;2;124;
57;38;1;2;2471;
43;63;1;2;966;
72;41;1;2;1020;
99;38;1;2;1515;
55;24;1;2;1065;
72;25;1;2;2475;
42;55;1;2;1522;
73;8;1;2;1062;
25;55;1;2;451;
81;53;1;2;580;
52;62;1;2;2376;
15;4;1;2;2336;
61;27;1;2;26;
64;77;1;2;1365;
93;31;1;2;13;
43;3;1;2;798;
36;96;1;2;1589;
48;20;1;2;1393;
63;44;1;2;1168;
92;24;1;2;121;
16;27;1;2;1616;
81;93;1;2;1970;
56;54;1;2;1722;
0;1;28;28;
1;1;17;117;
2;1;1;201;
3;1;13;313;
4;1;7;407;
5;1;11;511;
6;1;7;607;
7;1;24;724;
8;1;30;830;
9;1;29;929;
10;1;16;1016;
11;1;12;1112;
12;1;11;1211;
13;1;32;1332;
14;1;8;1408;
15;1;7;1507;
16;1;18;1618;
17;1;4;1704;
18;1;14;1814;
19;1;30;1930;
