****0****
100
9;40;1;2;0;
55;62;1;2;0;
29;93;1;2;0;
6;96;1;2;0;
78;26;1;2;0;
70;51;1;2;0;
81;91;1;2;0;
46;78;1;2;0;
30;51;1;2;0;
44;90;1;2;0;
73;51;1;2;0;
55;53;1;2;0;
26;51;1;2;0;
61;56;1;2;0;
72;1;1;2;0;
52;81;1;2;0;
41;6;1;2;0;
94;69;1;2;0;
50;99;1;2;0;
16;28;1;2;0;
25;86;1;2;0;
30;5;1;2;0;
28;75;1;2;0;
34;57;1;2;0;
78;77;1;2;0;
99;50;1;2;0;
79;53;1;2;0;
54;5;1;2;0;
55;14;1;2;0;
60;27;1;2;0;
67;11;1;2;0;
7;7;1;2;0;
69;100;1;2;0;
27;18;1;2;0;
99;94;1;2;0;
97;75;1;2;0;
31;27;1;2;0;
31;59;1;2;0;
53;64;1;2;0;
67;30;1;2;0;
93;65;1;2;0;
31;71;1;2;0;
69;84;1;2;0;
27;24;1;2;0;
50;87;1;2;0;
50;16;1;2;0;
49;8;1;2;0;
74;69;1;2;0;
59;52;1;2;0;
39;9;1;2;0;
97;35;1;2;1461;
28;13;1;2;2036;
38;66;1;2;1960;
4;47;1;2;625;
21;30;1;2;1992;
41;13;1;2;2062;
16;14;1;2;688;
17;81;1;2;720;
24;6;1;2;471;
83;9;1;2;2485;
91;6;1;2;1980;
74;33;1;2;1317;
38;22;1;2;677;
66;77;1;2;280;
38;49;1;2;501;
33;90;1;2;977;
54;57;1;2;2432;
13;74;1;2;194;
72;97;1;2;434;
100;31;1;2;1606;
18;74;1;2;2025;
71;99;1;2;1977;
88;36;1;2;1867;
70;2;1;2;1864;
50;91;1;2;783;
60;23;1;2;189;
34;76;1;2;948;
73;88;1;2;1809;
93;12;1;2;2061;
19;11;1;2;1125;
5;29;1;2;1909;
96;51;1;2;872;
71;38;1;2;53;
67;59;1;2;1409;
39;60;1;2;565;
12;71;1;2;2018;
26;56;1;2;327;
45;29;1;2;1182;
88;73;1;2;302;
80;43;1;2;659;
51;47;1;2;2242;
46;42;1;2;2029;
40;12;1;2;1337;
69;78;1;2;843;
51;69;1;2;834;
23;32;1;2;1808;
70;58;1;2;2243;
93;54;1;2;2073;
55;41;1;2;1492;
28;21;1;2;940;
0;1;17;17;
1;1;33;133;
2;1;27;227;
3;1;14;314;
4;1;3;403;
5;1;13;513;
6;1;12;612;
7;1;33;733;
8;1;13;813;
9;1;3;903;
10;1;12;1012;
11;1;21;1121;
12;1;30;1230;
13;1;26;1326;
14;1;1;1401;
15;1;14;1514;
16;1;28;1628;
17;1;16;1716;
18;1;22;1822;
19;1;12;1912;
