****8****
100
62;74;1;2;0;
77;95;1;2;0;
48;11;1;2;0;
77;17;1;2;0;
37;72;1;2;0;
83;55;1;2;0;
57;28;1;2;0;
90;23;1;2;0;
31;76;1;2;0;
41;2;1;2;0;
85;90;1;2;0;
87;15;1;2;0;
13;83;1;2;0;
31;3;1;2;0;
64;5;1;2;0;
85;26;1;2;0;
78;61;1;2;0;
20;26;1;2;0;
24;49;1;2;0;
42;12;1;2;0;
20;24;1;2;0;
66;28;1;2;0;
3;7;1;2;0;
2;33;1;2;0;
82;95;1;2;0;
86;19;1;2;0;
36;72;1;2;0;
33;48;1;2;0;
6;63;1;2;0;
50;70;1;2;0;
68;34;1;2;0;
47;97;1;2;0;
46;18;1;2;0;
74;21;1;2;0;
66;67;1;2;0;
32;37;1;2;0;
43;49;1;2;0;
17;45;1;2;0;
55;70;1;2;0;
78;37;1;2;0;
64;15;1;2;0;
55;51;1;2;0;
39;39;1;2;0;
98;44;1;2;0;
53;99;1;2;0;
13;72;1;2;0;
84;11;1;2;0;
69;82;1;2;0;
29;94;1;2;0;
2;46;1;2;0;
61;34;1;2;362;
3;82;1;2;2394;
47;89;1;2;291;
76;25;1;2;113;
91;31;1;2;674;
81;69;1;2;1120;
24;21;1;2;2268;
89;93;1;2;1588;
99;13;1;2;1496;
27;6;1;2;232;
25;18;1;2;1325;
7;20;1;2;1368;
9;19;1;2;1657;
28;94;1;2;1396;
63;36;1;2;457;
1;16;1;2;2304;
36;40;1;2;865;
21;80;1;2;2429;
42;78;1;2;303;
92;57;1;2;1217;
96;81;1;2;2412;
32;39;1;2;1685;
2;47;1;2;2035;
60;26;1;2;173;
94;89;1;2;1060;
58;41;1;2;1612;
42;28;1;2;1358;
99;100;1;2;553;
47;42;1;2;2356;
12;33;1;2;512;
82;28;1;2;518;
69;12;1;2;239;
76;13;1;2;2071;
1;25;1;2;1301;
24;70;1;2;546;
30;28;1;2;480;
55;21;1;2;2227;
20;71;1;2;551;
63;18;1;2;2043;
36;29;1;2;696;
65;62;1;2;1750;
74;30;1;2;1525;
73;6;1;2;1391;
70;58;1;2;503;
41;81;1;2;261;
51;62;1;2;1121;
54;17;1;2;387;
83;88;1;2;1427;
12;2;1;2;1669;
82;38;1;2;1417;
0;1;16;16;
1;1;25;125;
2;1;11;211;
3;1;7;307;
4;1;33;433;
5;1;5;505;
6;1;18;618;
7;1;16;716;
8;1;29;829;
9;1;22;922;
10;1;3;1003;
11;1;23;1123;
12;1;15;1215;
13;1;10;1310;
14;1;24;1424;
15;1;33;1533;
16;1;25;1625;
17;1;26;1726;
18;1;26;1826;
19;1;5;1905;
