****19****
100
80;76;1;2;0;
17;8;1;2;0;
52;13;1;2;0;
40;26;1;2;0;
75;72;1;2;0;
23;84;1;2;0;
55;84;1;2;0;
56;67;1;2;0;
80;22;1;2;0;
55;59;1;2;0;
50;92;1;2;0;
15;30;1;2;0;
11;31;1;2;0;
76;29;1;2;0;
28;21;1;2;0;
100;8;1;2;0;
48;69;1;2;0;
67;100;1;2;0;
81;59;1;2;0;
25;56;1;2;0;
82;99;1;2;0;
39;89;1;2;0;
35;47;1;2;0;
55;14;1;2;0;
68;62;1;2;0;
72;69;1;2;0;
5;39;1;2;0;
50;16;1;2;0;
69;25;1;2;0;
96;48;1;2;0;
45;47;1;2;0;
7;93;1;2;0;
15;74;1;2;0;
44;96;1;2;0;
84;68;1;2;0;
3;65;1;2;0;
66;41;1;2;0;
53;52;1;2;0;
39;60;1;2;0;
66;7;1;2;0;
73;89;1;2;0;
27;77;1;2;0;
27;77;1;2;0;
44;95;1;2;0;
53;39;1;2;0;
43;98;1;2;0;
38;1;1;2;0;
90;52;1;2;0;
26;33;1;2;0;
99;9;1;2;0;
52;1;1;2;2206;
69;94;1;2;1967;
21;32;1;2;2;
38;90;1;2;859;
26;69;1;2;489;
53;97;1;2;472;
99;49;1;2;2220;
93;46;1;2;620;
94;87;1;2;2160;
19;71;1;2;1790;
80;74;1;2;1811;
5;43;1;2;1513;
34;15;1;2;541;
75;52;1;2;131;
39;77;1;2;2443;
80;81;1;2;80;
17;80;1;2;2114;
92;72;1;2;57;
56;65;1;2;358;
23;36;1;2;113;
89;15;1;2;1146;
8;71;1;2;1520;
71;56;1;2;1542;
18;82;1;2;381;
55;21;1;2;868;
11;100;1;2;1127;
64;68;1;2;96;
65;59;1;2;1661;
63;14;1;2;1183;
100;89;1;2;2175;
8;77;1;2;1316;
89;84;1;2;816;
16;7;1;2;141;
57;24;1;2;1796;
49;78;1;2;1639;
21;89;1;2;157;
74;52;1;2;327;
6;68;1;2;1866;
62;30;1;2;398;
34;30;1;2;583;
41;89;1;2;1712;
14;77;1;2;592;
57;44;1;2;1244;
55;100;1;2;1704;
83;48;1;2;2107;
35;20;1;2;2398;
87;94;1;2;157;
6;51;1;2;2500;
35;12;1;2;1985;
30;97;1;2;1472;
0;1;28;28;
1;1;32;132;
2;1;4;204;
3;1;10;310;
4;1;30;430;
5;1;8;508;
6;1;4;604;
7;1;18;718;
8;1;31;831;
9;1;25;925;
10;1;32;1032;
11;1;31;1131;
12;1;2;1202;
13;1;28;1328;
14;1;16;1416;
15;1;27;1527;
16;1;18;1618;
17;1;18;1718;
18;1;1;1801;
19;1;19;1919;
