****12****
100
68;97;1;2;0;
83;61;1;2;0;
15;1;1;2;0;
85;82;1;2;0;
77;17;1;2;0;
97;69;1;2;0;
40;2;1;2;0;
22;93;1;2;0;
42;67;1;2;0;
13;2;1;2;0;
29;44;1;2;0;
18;13;1;2;0;
42;93;1;2;0;
36;79;1;2;0;
57;74;1;2;0;
70;25;1;2;0;
70;52;1;2;0;
85;84;1;2;0;
53;22;1;2;0;
17;81;1;2;0;
90;65;1;2;0;
49;29;1;2;0;
67;23;1;2;0;
22;60;1;2;0;
89;86;1;2;0;
61;69;1;2;0;
29;78;1;2;0;
82;70;1;2;0;
70;69;1;2;0;
100;79;1;2;0;
42;69;1;2;0;
3;11;1;2;0;
73;39;1;2;0;
46;77;1;2;0;
60;15;1;2;0;
57;50;1;2;0;
79;57;1;2;0;
30;45;1;2;0;
79;3;1;2;0;
5;20;1;2;0;
88;65;1;2;0;
40;17;1;2;0;
95;73;1;2;0;
86;16;1;2;0;
41;86;1;2;0;
94;82;1;2;0;
6;96;1;2;0;
92;30;1;2;0;
35;90;1;2;0;
6;46;1;2;0;
4;62;1;2;1838;
82;71;1;2;510;
79;49;1;2;1934;
35;68;1;2;1831;
51;8;1;2;1501;
45;32;1;2;1505;
61;73;1;2;1414;
54;54;1;2;1817;
50;98;1;2;641;
36;87;1;2;437;
81;42;1;2;1693;
28;75;1;2;666;
4;5;1;2;83;
82;39;1;2;2247;
48;90;1;2;2077;
82;86;1;2;189;
2;46;1;2;1865;
58;52;1;2;477;
72;53;1;2;448;
16;88;1;2;698;
17;20;1;2;1825;
79;99;1;2;979;
64;2;1;2;2063;
97;36;1;2;1909;
49;83;1;2;1584;
61;17;1;2;1432;
4;18;1;2;1056;
19;27;1;2;828;
39;51;1;2;521;
9;66;1;2;1354;
64;82;1;2;2270;
13;12;1;2;113;
36;75;1;2;389;
15;71;1;2;36;
81;72;1;2;885;
40;32;1;2;1935;
85;35;1;2;2193;
75;5;1;2;570;
68;43;1;2;1391;
61;51;1;2;291;
93;67;1;2;214;
96;79;1;2;353;
98;66;1;2;1371;
54;80;1;2;856;
44;13;1;2;1052;
17;52;1;2;1540;
58;88;1;2;4;
16;62;1;2;814;
53;81;1;2;1948;
91;41;1;2;1355;
0;1;14;14;
1;1;32;132;
2;1;22;222;
3;1;33;333;
4;1;31;431;
5;1;1;501;
6;1;3;603;
7;1;9;709;
8;1;12;812;
9;1;1;901;
10;1;7;1007;
11;1;2;1102;
12;1;9;1209;
13;1;22;1322;
14;1;8;1408;
15;1;5;1505;
16;1;10;1610;
17;1;27;1727;
18;1;12;1812;
19;1;27;1927;
