****2****
100
67;18;1;2;0;
98;94;1;2;0;
53;20;1;2;0;
29;46;1;2;0;
31;96;1;2;0;
17;68;1;2;0;
64;78;1;2;0;
24;17;1;2;0;
90;69;1;2;0;
19;96;1;2;0;
86;62;1;2;0;
38;22;1;2;0;
45;25;1;2;0;
27;47;1;2;0;
62;66;1;2;0;
26;28;1;2;0;
84;23;1;2;0;
21;88;1;2;0;
95;1;1;2;0;
85;77;1;2;0;
49;2;1;2;0;
96;12;1;2;0;
79;72;1;2;0;
80;69;1;2;0;
40;98;1;2;0;
16;78;1;2;0;
59;53;1;2;0;
51;56;1;2;0;
29;77;1;2;0;
2;90;1;2;0;
42;27;1;2;0;
69;77;1;2;0;
1;42;1;2;0;
64;47;1;2;0;
94;1;1;2;0;
23;42;1;2;0;
2;19;1;2;0;
5;32;1;2;0;
42;85;1;2;0;
52;81;1;2;0;
34;68;1;2;0;
10;45;1;2;0;
20;60;1;2;0;
100;49;1;2;0;
88;1;1;2;0;
90;30;1;2;0;
79;59;1;2;0;
58;79;1;2;0;
52;74;1;2;0;
26;45;1;2;0;
74;100;1;2;902;
75;70;1;2;435;
58;11;1;2;676;
10;44;1;2;845;
77;53;1;2;1790;
48;65;1;2;479;
96;52;1;2;1430;
38;33;1;2;1176;
48;91;1;2;287;
99;16;1;2;507;
95;89;1;2;1292;
33;15;1;2;2148;
28;72;1;2;194;
58;81;1;2;1107;
70;9;1;2;1759;
78;57;1;2;1476;
85;4;1;2;1946;
44;41;1;2;1782;
81;88;1;2;98;
49;38;1;2;58;
93;85;1;2;643;
89;69;1;2;2449;
3;96;1;2;2339;
31;54;1;2;1862;
50;75;1;2;563;
25;5;1;2;578;
65;41;1;2;438;
56;85;1;2;1018;
31;17;1;2;764;
49;17;1;2;1153;
29;62;1;2;1602;
2;50;1;2;514;
36;4;1;2;829;
46;34;1;2;721;
85;35;1;2;1037;
84;12;1;2;1067;
91;76;1;2;1294;
49;83;1;2;644;
100;13;1;2;293;
91;61;1;2;534;
19;42;1;2;1871;
83;43;1;2;598;
15;30;1;2;1366;
43;76;1;2;1864;
28;12;1;2;706;
88;47;1;2;2149;
3;37;1;2;169;
59;37;1;2;1716;
51;89;1;2;1071;
12;79;1;2;833;
0;1;12;12;
1;1;33;133;
2;1;19;219;
3;1;13;313;
4;1;4;404;
5;1;26;526;
6;1;16;616;
7;1;2;702;
8;1;32;832;
9;1;29;929;
10;1;15;1015;
11;1;3;1103;
12;1;2;1202;
13;1;26;1326;
14;1;7;1407;
15;1;32;1532;
16;1;18;1618;
17;1;8;1708;
18;1;18;1818;
19;1;23;1923;
