****14****
100
56;8;1;2;0;
82;12;1;2;0;
47;83;1;2;0;
49;80;1;2;0;
47;48;1;2;0;
100;35;1;2;0;
1;24;1;2;0;
62;33;1;2;0;
52;39;1;2;0;
61;15;1;2;0;
63;65;1;2;0;
25;68;1;2;0;
73;29;1;2;0;
53;15;1;2;0;
65;20;1;2;0;
40;20;1;2;0;
27;21;1;2;0;
32;73;1;2;0;
3;32;1;2;0;
52;49;1;2;0;
79;3;1;2;0;
35;31;1;2;0;
27;48;1;2;0;
15;30;1;2;0;
86;75;1;2;0;
97;49;1;2;0;
92;73;1;2;0;
16;64;1;2;0;
1;20;1;2;0;
30;65;1;2;0;
40;69;1;2;0;
37;66;1;2;0;
42;20;1;2;0;
91;44;1;2;0;
51;94;1;2;0;
45;81;1;2;0;
97;31;1;2;0;
11;75;1;2;0;
79;77;1;2;0;
4;16;1;2;0;
3;52;1;2;0;
64;94;1;2;0;
24;32;1;2;0;
10;24;1;2;0;
51;39;1;2;0;
41;42;1;2;0;
60;77;1;2;0;
8;1;1;2;0;
96;98;1;2;0;
96;46;1;2;0;
91;40;1;2;2295;
39;23;1;2;643;
13;1;1;2;1558;
69;16;1;2;1675;
20;32;1;2;976;
96;15;1;2;153;
19;17;1;2;587;
11;59;1;2;173;
87;18;1;2;1746;
34;15;1;2;1859;
31;57;1;2;369;
8;48;1;2;403;
47;60;1;2;994;
62;80;1;2;1236;
80;52;1;2;901;
91;47;1;2;2040;
63;17;1;2;604;
73;28;1;2;1396;
43;66;1;2;1249;
64;100;1;2;2314;
29;30;1;2;1740;
38;90;1;2;14;
16;36;1;2;1355;
47;98;1;2;1094;
45;77;1;2;1238;
74;19;1;2;1687;
69;81;1;2;1736;
80;5;1;2;2231;
50;47;1;2;356;
88;11;1;2;2210;
41;91;1;2;2245;
54;80;1;2;254;
62;96;1;2;1886;
33;94;1;2;1195;
32;90;1;2;2356;
34;63;1;2;1349;
82;31;1;2;826;
99;10;1;2;1374;
42;11;1;2;669;
51;99;1;2;456;
11;91;1;2;95;
1;44;1;2;2458;
31;57;1;2;446;
49;89;1;2;58;
64;73;1;2;29;
7;58;1;2;1260;
68;92;1;2;793;
13;90;1;2;1733;
63;31;1;2;476;
11;34;1;2;775;
0;1;29;29;
1;1;9;109;
2;1;12;212;
3;1;7;307;
4;1;24;424;
5;1;15;515;
6;1;28;628;
7;1;10;710;
8;1;16;816;
9;1;21;921;
10;1;20;1020;
11;1;18;1118;
12;1;32;1232;
13;1;33;1333;
14;1;24;1424;
15;1;24;1524;
16;1;8;1608;
17;1;33;1733;
18;1;11;1811;
19;1;32;1932;
