****4****
100
41;88;1;2;0;
46;86;1;2;0;
20;7;1;2;0;
60;61;1;2;0;
77;95;1;2;0;
16;34;1;2;0;
55;78;1;2;0;
80;31;1;2;0;
24;10;1;2;0;
84;45;1;2;0;
21;76;1;2;0;
38;14;1;2;0;
50;37;1;2;0;
30;93;1;2;0;
26;32;1;2;0;
70;19;1;2;0;
71;67;1;2;0;
4;42;1;2;0;
25;63;1;2;0;
3;54;1;2;0;
9;18;1;2;0;
87;63;1;2;0;
47;18;1;2;0;
45;22;1;2;0;
27;80;1;2;0;
66;47;1;2;0;
7;55;1;2;0;
13;57;1;2;0;
91;42;1;2;0;
1;69;1;2;0;
25;22;1;2;0;
87;47;1;2;0;
40;42;1;2;0;
89;65;1;2;0;
56;43;1;2;0;
18;64;1;2;0;
60;56;1;2;0;
78;59;1;2;0;
73;22;1;2;0;
32;100;1;2;0;
1;50;1;2;0;
98;7;1;2;0;
4;10;1;2;0;
15;47;1;2;0;
4;68;1;2;0;
15;28;1;2;0;
89;53;1;2;0;
27;81;1;2;0;
94;15;1;2;0;
45;49;1;2;0;
57;14;1;2;2366;
68;69;1;2;1977;
78;41;1;2;825;
10;92;1;2;312;
59;42;1;2;858;
62;3;1;2;2326;
60;6;1;2;2007;
74;86;1;2;1348;
78;12;1;2;207;
71;78;1;2;1699;
71;86;1;2;34;
34;53;1;2;865;
26;31;1;2;1842;
39;92;1;2;794;
4;50;1;2;2456;
28;63;1;2;1137;
18;23;1;2;1348;
27;48;1;2;918;
24;26;1;2;1483;
2;48;1;2;2132;
27;19;1;2;752;
14;4;1;2;1026;
20;82;1;2;69;
19;20;1;2;661;
62;76;1;2;2403;
93;55;1;2;1303;
79;24;1;2;2001;
71;50;1;2;693;
99;25;1;2;85;
91;78;1;2;2278;
59;5;1;2;142;
13;18;1;2;1045;
71;89;1;2;1965;
11;8;1;2;1226;
90;69;1;2;1642;
70;13;1;2;1570;
64;44;1;2;837;
29;66;1;2;1450;
45;16;1;2;2257;
86;6;1;2;965;
74;17;1;2;1776;
33;81;1;2;2225;
47;51;1;2;677;
42;61;1;2;1478;
8;2;1;2;421;
2;23;1;2;2465;
49;86;1;2;1245;
24;66;1;2;612;
47;10;1;2;1487;
95;95;1;2;352;
0;1;20;20;
1;1;29;129;
2;1;21;221;
3;1;3;303;
4;1;9;409;
5;1;3;503;
6;1;2;602;
7;1;10;710;
8;1;27;827;
9;1;8;908;
10;1;3;1003;
11;1;25;1125;
12;1;5;1205;
13;1;29;1329;
14;1;4;1404;
15;1;5;1505;
16;1;13;1613;
17;1;16;1716;
18;1;21;1821;
19;1;4;1904;
