****13****
100
78;51;1;2;0;
24;92;1;2;0;
40;76;1;2;0;
72;71;1;2;0;
67;65;1;2;0;
57;61;1;2;0;
49;9;1;2;0;
91;81;1;2;0;
39;70;1;2;0;
15;34;1;2;0;
23;49;1;2;0;
9;73;1;2;0;
79;47;1;2;0;
39;78;1;2;0;
37;56;1;2;0;
34;15;1;2;0;
6;57;1;2;0;
6;45;1;2;0;
85;77;1;2;0;
67;3;1;2;0;
41;76;1;2;0;
15;42;1;2;0;
84;57;1;2;0;
74;23;1;2;0;
78;88;1;2;0;
8;52;1;2;0;
89;68;1;2;0;
24;67;1;2;0;
15;14;1;2;0;
96;51;1;2;0;
21;29;1;2;0;
17;26;1;2;0;
38;22;1;2;0;
22;22;1;2;0;
51;89;1;2;0;
76;43;1;2;0;
64;90;1;2;0;
84;99;1;2;0;
98;10;1;2;0;
21;76;1;2;0;
97;81;1;2;0;
27;37;1;2;0;
48;3;1;2;0;
4;14;1;2;0;
68;99;1;2;0;
17;89;1;2;0;
80;33;1;2;0;
66;17;1;2;0;
55;40;1;2;0;
90;57;1;2;0;
80;65;1;2;1637;
43;6;1;2;1111;
93;55;1;2;730;
66;30;1;2;1673;
46;9;1;2;972;
45;63;1;2;1860;
59;82;1;2;2496;
75;22;1;2;1632;
7;40;1;2;1473;
13;79;1;2;1096;
21;58;1;2;1284;
20;52;1;2;2129;
6;44;1;2;866;
49;9;1;2;59;
92;6;1;2;2156;
72;51;1;2;2395;
7;61;1;2;285;
41;35;1;2;94;
5;93;1;2;1377;
86;58;1;2;288;
7;78;1;2;369;
45;49;1;2;2168;
87;54;1;2;115;
36;54;1;2;797;
15;98;1;2;1088;
53;69;1;2;954;
6;76;1;2;1448;
40;68;1;2;800;
47;72;1;2;244;
42;57;1;2;1047;
66;16;1;2;2394;
100;60;1;2;919;
32;98;1;2;240;
60;34;1;2;1085;
97;48;1;2;127;
91;52;1;2;843;
35;57;1;2;90;
39;48;1;2;365;
29;95;1;2;801;
63;88;1;2;374;
55;53;1;2;181;
76;52;1;2;1505;
97;36;1;2;1477;
24;95;1;2;966;
5;43;1;2;29;
34;33;1;2;823;
32;19;1;2;744;
57;57;1;2;77;
49;85;1;2;1420;
65;48;1;2;1147;
0;1;11;11;
1;1;16;116;
2;1;27;227;
3;1;15;315;
4;1;20;420;
5;1;20;520;
6;1;33;633;
7;1;11;711;
8;1;33;833;
9;1;19;919;
10;1;19;1019;
11;1;13;1113;
12;1;5;1205;
13;1;27;1327;
14;1;11;1411;
15;1;20;1520;
16;1;5;1605;
17;1;2;1702;
18;1;1;1801;
19;1;27;1927;
