****1****
100
91;88;1;2;0;
17;44;1;2;0;
22;71;1;2;0;
37;28;1;2;0;
50;9;1;2;0;
77;65;1;2;0;
83;73;1;2;0;
43;2;1;2;0;
14;86;1;2;0;
13;66;1;2;0;
36;91;1;2;0;
48;99;1;2;0;
72;98;1;2;0;
37;75;1;2;0;
32;74;1;2;0;
99;74;1;2;0;
61;16;1;2;0;
70;34;1;2;0;
38;6;1;2;0;
62;88;1;2;0;
66;38;1;2;0;
52;100;1;2;0;
62;46;1;2;0;
53;27;1;2;0;
83;65;1;2;0;
93;19;1;2;0;
8;40;1;2;0;
69;79;1;2;0;
38;57;1;2;0;
5;21;1;2;0;
31;3;1;2;0;
94;43;1;2;0;
18;63;1;2;0;
77;56;1;2;0;
20;38;1;2;0;
95;37;1;2;0;
27;98;1;2;0;
36;41;1;2;0;
43;89;1;2;0;
67;25;1;2;0;
5;11;1;2;0;
95;12;1;2;0;
51;63;1;2;0;
42;40;1;2;0;
72;46;1;2;0;
60;2;1;2;0;
49;5;1;2;0;
96;18;1;2;0;
20;72;1;2;0;
25;39;1;2;0;
61;19;1;2;888;
40;68;1;2;309;
80;10;1;2;107;
98;87;1;2;2304;
9;81;1;2;1399;
11;44;1;2;2406;
50;67;1;2;1948;
9;68;1;2;1386;
65;63;1;2;253;
84;87;1;2;893;
75;47;1;2;888;
2;86;1;2;1144;
64;17;1;2;1237;
67;67;1;2;1763;
26;27;1;2;549;
48;37;1;2;2199;
60;86;1;2;963;
70;46;1;2;439;
27;10;1;2;496;
54;46;1;2;1280;
54;20;1;2;1218;
76;21;1;2;952;
65;36;1;2;1794;
64;54;1;2;947;
1;79;1;2;1325;
67;27;1;2;1401;
79;38;1;2;2279;
58;7;1;2;1908;
55;86;1;2;1658;
67;39;1;2;1801;
65;92;1;2;514;
10;19;1;2;1184;
92;84;1;2;1623;
42;47;1;2;1940;
59;48;1;2;1938;
1;66;1;2;517;
32;96;1;2;83;
47;53;1;2;86;
8;60;1;2;1912;
82;26;1;2;814;
49;91;1;2;187;
87;52;1;2;921;
97;43;1;2;1660;
42;36;1;2;1142;
89;46;1;2;1131;
19;99;1;2;2176;
26;30;1;2;1481;
19;76;1;2;4;
23;35;1;2;695;
11;16;1;2;1545;
0;1;13;13;
1;1;8;108;
2;1;27;227;
3;1;12;312;
4;1;19;419;
5;1;32;532;
6;1;12;612;
7;1;8;708;
8;1;18;818;
9;1;22;922;
10;1;8;1008;
11;1;28;1128;
12;1;14;1214;
13;1;25;1325;
14;1;3;1403;
15;1;16;1516;
16;1;3;1603;
17;1;25;1725;
18;1;3;1803;
19;1;17;1917;
