****10****
100
939;948;1;2;0;
921;903;1;2;0;
916;931;1;2;0;
994;955;1;2;0;
952;901;1;2;0;
930;949;1;2;0;
931;936;1;2;0;
943;933;1;2;0;
932;978;1;2;0;
988;994;1;2;0;
924;966;1;2;0;
945;918;1;2;0;
953;992;1;2;0;
925;903;1;2;0;
986;960;1;2;0;
933;977;1;2;0;
960;954;1;2;0;
980;976;1;2;0;
937;974;1;2;0;
983;990;1;2;0;
928;966;1;2;0;
991;911;1;2;0;
902;934;1;2;0;
944;987;1;2;0;
912;933;1;2;0;
981;989;1;2;0;
951;927;1;2;0;
959;904;1;2;0;
971;984;1;2;0;
959;957;1;2;0;
996;992;1;2;0;
934;908;1;2;0;
998;966;1;2;0;
984;987;1;2;0;
992;919;1;2;0;
977;972;1;2;0;
985;920;1;2;0;
984;940;1;2;0;
906;928;1;2;0;
979;971;1;2;0;
913;912;1;2;0;
960;964;1;2;0;
991;971;1;2;0;
920;962;1;2;0;
907;931;1;2;0;
919;955;1;2;0;
923;905;1;2;0;
963;973;1;2;0;
923;999;1;2;0;
961;916;1;2;0;
918;990;1;2;8006;
904;911;1;2;1239;
996;917;1;2;22425;
975;988;1;2;4299;
987;900;1;2;4032;
979;923;1;2;12102;
941;930;1;2;22283;
913;985;1;2;6759;
970;900;1;2;14028;
994;999;1;2;13416;
962;918;1;2;14987;
902;974;1;2;22811;
927;922;1;2;13724;
932;997;1;2;3251;
950;936;1;2;19276;
985;915;1;2;4499;
993;909;1;2;289;
932;922;1;2;10332;
994;944;1;2;19995;
982;938;1;2;4029;
931;952;1;2;441;
971;955;1;2;2985;
921;982;1;2;18859;
941;966;1;2;19918;
950;916;1;2;14023;
959;954;1;2;19133;
943;947;1;2;6427;
910;931;1;2;17120;
963;977;1;2;10822;
968;960;1;2;8009;
972;943;1;2;10626;
947;914;1;2;214;
995;936;1;2;14996;
918;977;1;2;16663;
989;927;1;2;20033;
945;938;1;2;18620;
969;934;1;2;21813;
953;944;1;2;4393;
960;959;1;2;7390;
963;927;1;2;7848;
904;900;1;2;19183;
950;999;1;2;6169;
903;946;1;2;18080;
938;964;1;2;5193;
939;954;1;2;7744;
909;951;1;2;8024;
984;972;1;2;10534;
907;926;1;2;12850;
912;938;1;2;14784;
995;901;1;2;23101;
0;1;364;364;
1;1;108;1058;
2;1;184;2084;
3;1;328;3178;
4;1;36;3836;
5;1;135;4885;
6;1;81;5781;
7;1;314;6964;
8;1;156;7756;
9;1;197;8747;
10;1;178;9678;
11;1;471;10921;
12;1;342;11742;
13;1;194;12544;
14;1;102;13402;
15;1;240;14490;
16;1;455;15655;
17;1;255;16405;
18;1;379;17479;
19;1;417;18467;
