****6****
100
925;952;1;2;0;
962;916;1;2;0;
923;905;1;2;0;
910;931;1;2;0;
952;925;1;2;0;
937;999;1;2;0;
957;938;1;2;0;
969;939;1;2;0;
960;981;1;2;0;
911;919;1;2;0;
942;991;1;2;0;
927;990;1;2;0;
961;912;1;2;0;
949;989;1;2;0;
947;949;1;2;0;
979;972;1;2;0;
953;942;1;2;0;
940;976;1;2;0;
999;902;1;2;0;
959;952;1;2;0;
928;948;1;2;0;
903;937;1;2;0;
986;972;1;2;0;
928;999;1;2;0;
953;991;1;2;0;
918;947;1;2;0;
982;997;1;2;0;
938;996;1;2;0;
961;939;1;2;0;
985;908;1;2;0;
940;917;1;2;0;
933;993;1;2;0;
959;973;1;2;0;
922;958;1;2;0;
976;933;1;2;0;
962;956;1;2;0;
982;965;1;2;0;
993;920;1;2;0;
937;922;1;2;0;
971;943;1;2;0;
965;941;1;2;0;
990;948;1;2;0;
938;928;1;2;0;
996;900;1;2;0;
919;981;1;2;0;
960;959;1;2;0;
998;993;1;2;0;
953;909;1;2;0;
967;975;1;2;0;
920;995;1;2;0;
908;982;1;2;1095;
942;900;1;2;14571;
915;937;1;2;9369;
986;980;1;2;12787;
928;923;1;2;10087;
918;903;1;2;13065;
970;923;1;2;7761;
931;982;1;2;9494;
924;935;1;2;12666;
943;962;1;2;17991;
990;923;1;2;23623;
941;917;1;2;6788;
990;932;1;2;14675;
960;919;1;2;1660;
948;999;1;2;21347;
984;917;1;2;15380;
968;940;1;2;5588;
934;971;1;2;8919;
950;947;1;2;303;
927;943;1;2;18883;
925;933;1;2;6990;
957;927;1;2;4120;
941;917;1;2;19666;
962;929;1;2;8600;
916;978;1;2;464;
945;914;1;2;20815;
926;983;1;2;21036;
981;917;1;2;17948;
919;919;1;2;9527;
993;946;1;2;687;
933;923;1;2;21577;
996;932;1;2;15272;
976;973;1;2;6862;
989;988;1;2;3004;
925;956;1;2;5965;
908;902;1;2;2081;
913;928;1;2;1705;
905;909;1;2;2079;
973;981;1;2;12697;
936;926;1;2;19762;
994;959;1;2;6994;
985;955;1;2;8537;
904;983;1;2;17945;
991;925;1;2;2393;
960;950;1;2;524;
907;911;1;2;20452;
969;924;1;2;16824;
917;981;1;2;18979;
983;954;1;2;22605;
967;942;1;2;14773;
0;1;126;126;
1;1;87;1037;
2;1;48;1948;
3;1;185;3035;
4;1;375;4175;
5;1;205;4955;
6;1;301;6001;
7;1;431;7081;
8;1;414;8014;
9;1;67;8617;
10;1;97;9597;
11;1;466;10916;
12;1;122;11522;
13;1;283;12633;
14;1;316;13616;
15;1;8;14258;
16;1;367;15567;
17;1;127;16277;
18;1;298;17398;
19;1;38;18088;
