****12****
100
986;988;1;2;0;
935;954;1;2;0;
966;950;1;2;0;
940;985;1;2;0;
957;919;1;2;0;
919;994;1;2;0;
995;903;1;2;0;
984;958;1;2;0;
931;965;1;2;0;
930;972;1;2;0;
973;909;1;2;0;
932;956;1;2;0;
978;970;1;2;0;
971;966;1;2;0;
971;935;1;2;0;
973;957;1;2;0;
975;960;1;2;0;
911;993;1;2;0;
911;904;1;2;0;
978;920;1;2;0;
975;997;1;2;0;
966;970;1;2;0;
952;951;1;2;0;
980;935;1;2;0;
968;962;1;2;0;
908;941;1;2;0;
971;992;1;2;0;
949;902;1;2;0;
915;920;1;2;0;
968;986;1;2;0;
907;941;1;2;0;
943;982;1;2;0;
954;907;1;2;0;
975;965;1;2;0;
963;905;1;2;0;
937;938;1;2;0;
955;904;1;2;0;
908;959;1;2;0;
955;941;1;2;0;
995;923;1;2;0;
903;955;1;2;0;
916;975;1;2;0;
947;966;1;2;0;
977;914;1;2;0;
986;997;1;2;0;
900;946;1;2;0;
990;996;1;2;0;
980;944;1;2;0;
955;956;1;2;0;
961;970;1;2;0;
913;999;1;2;15295;
920;903;1;2;3022;
980;958;1;2;15739;
975;933;1;2;15569;
982;949;1;2;22063;
981;967;1;2;4754;
996;906;1;2;11593;
948;952;1;2;9636;
944;932;1;2;23039;
951;940;1;2;4056;
921;906;1;2;15811;
981;926;1;2;8317;
902;958;1;2;1630;
911;933;1;2;8418;
976;967;1;2;9554;
968;949;1;2;10997;
937;945;1;2;7142;
955;993;1;2;12659;
912;990;1;2;22804;
965;993;1;2;4776;
979;915;1;2;18468;
993;948;1;2;982;
961;950;1;2;22664;
988;914;1;2;3418;
999;942;1;2;5545;
912;911;1;2;19508;
945;900;1;2;3636;
983;956;1;2;19576;
974;920;1;2;10511;
901;937;1;2;17832;
968;916;1;2;16771;
994;961;1;2;22623;
998;923;1;2;11945;
908;963;1;2;13710;
904;914;1;2;6504;
920;927;1;2;12389;
932;924;1;2;9655;
994;907;1;2;23128;
949;933;1;2;14942;
998;934;1;2;15942;
940;955;1;2;19666;
998;901;1;2;18173;
956;999;1;2;17069;
964;907;1;2;17984;
939;964;1;2;18818;
904;984;1;2;2660;
932;968;1;2;4259;
960;914;1;2;7006;
949;915;1;2;10330;
957;913;1;2;50;
0;1;354;354;
1;1;380;1330;
2;1;168;2068;
3;1;268;3118;
4;1;430;4230;
5;1;269;5019;
6;1;420;6120;
7;1;136;6786;
8;1;320;7920;
9;1;48;8598;
10;1;52;9552;
11;1;105;10555;
12;1;63;11463;
13;1;291;12641;
14;1;419;13719;
15;1;395;14645;
16;1;197;15397;
17;1;280;16430;
18;1;79;17179;
19;1;29;18079;
