****3****
100
980;959;1;2;0;
955;937;1;2;0;
952;993;1;2;0;
981;957;1;2;0;
995;971;1;2;0;
958;920;1;2;0;
969;920;1;2;0;
948;962;1;2;0;
941;948;1;2;0;
970;925;1;2;0;
918;907;1;2;0;
952;996;1;2;0;
902;935;1;2;0;
997;946;1;2;0;
972;900;1;2;0;
949;904;1;2;0;
911;904;1;2;0;
994;964;1;2;0;
949;975;1;2;0;
921;944;1;2;0;
998;932;1;2;0;
964;967;1;2;0;
904;964;1;2;0;
929;946;1;2;0;
964;951;1;2;0;
923;983;1;2;0;
910;976;1;2;0;
931;965;1;2;0;
963;928;1;2;0;
963;988;1;2;0;
980;964;1;2;0;
992;991;1;2;0;
968;986;1;2;0;
907;969;1;2;0;
913;981;1;2;0;
966;911;1;2;0;
913;982;1;2;0;
931;969;1;2;0;
999;912;1;2;0;
915;963;1;2;0;
916;991;1;2;0;
998;926;1;2;0;
919;929;1;2;0;
943;982;1;2;0;
909;906;1;2;0;
970;989;1;2;0;
922;963;1;2;0;
933;990;1;2;0;
901;940;1;2;0;
912;915;1;2;0;
973;978;1;2;6014;
986;912;1;2;6736;
908;911;1;2;18584;
975;975;1;2;4694;
966;925;1;2;16281;
985;955;1;2;21197;
920;916;1;2;3902;
990;906;1;2;10606;
905;991;1;2;16834;
959;983;1;2;1364;
974;957;1;2;7742;
904;995;1;2;7600;
966;903;1;2;8133;
940;931;1;2;12299;
982;997;1;2;18195;
902;935;1;2;22975;
966;955;1;2;16197;
989;997;1;2;7869;
934;955;1;2;9705;
921;914;1;2;23106;
921;988;1;2;21515;
950;944;1;2;7388;
992;910;1;2;12543;
946;902;1;2;585;
978;936;1;2;13326;
984;939;1;2;23197;
997;957;1;2;18876;
927;946;1;2;4659;
914;980;1;2;18033;
993;902;1;2;18941;
907;975;1;2;4768;
978;925;1;2;5279;
996;918;1;2;13980;
918;916;1;2;1951;
923;994;1;2;8158;
926;931;1;2;14611;
963;928;1;2;2811;
908;955;1;2;3126;
902;922;1;2;10215;
999;915;1;2;17163;
962;974;1;2;1583;
913;904;1;2;5488;
960;900;1;2;15439;
970;971;1;2;23625;
983;946;1;2;8075;
984;972;1;2;10736;
976;988;1;2;4368;
977;948;1;2;18399;
973;950;1;2;23717;
954;901;1;2;6276;
0;1;337;337;
1;1;264;1214;
2;1;400;2300;
3;1;222;3072;
4;1;327;4127;
5;1;304;5054;
6;1;332;6032;
7;1;89;6739;
8;1;82;7682;
9;1;62;8612;
10;1;85;9585;
11;1;55;10505;
12;1;410;11810;
13;1;420;12770;
14;1;151;13451;
15;1;77;14327;
16;1;381;15581;
17;1;224;16374;
18;1;203;17303;
19;1;234;18284;
