****9****
100
906;990;1;2;0;
990;978;1;2;0;
970;982;1;2;0;
964;939;1;2;0;
966;936;1;2;0;
912;995;1;2;0;
997;941;1;2;0;
964;980;1;2;0;
985;906;1;2;0;
997;918;1;2;0;
962;922;1;2;0;
912;937;1;2;0;
975;924;1;2;0;
959;901;1;2;0;
995;987;1;2;0;
984;901;1;2;0;
978;974;1;2;0;
931;900;1;2;0;
956;996;1;2;0;
992;922;1;2;0;
984;904;1;2;0;
969;933;1;2;0;
997;934;1;2;0;
965;983;1;2;0;
940;914;1;2;0;
953;902;1;2;0;
936;917;1;2;0;
991;911;1;2;0;
941;951;1;2;0;
965;989;1;2;0;
990;949;1;2;0;
942;968;1;2;0;
923;974;1;2;0;
921;932;1;2;0;
922;913;1;2;0;
954;906;1;2;0;
969;924;1;2;0;
991;967;1;2;0;
910;956;1;2;0;
902;902;1;2;0;
970;955;1;2;0;
956;906;1;2;0;
924;948;1;2;0;
918;918;1;2;0;
951;935;1;2;0;
959;941;1;2;0;
984;901;1;2;0;
962;907;1;2;0;
927;983;1;2;0;
991;901;1;2;0;
948;998;1;2;13556;
917;922;1;2;365;
984;984;1;2;899;
938;938;1;2;8382;
945;994;1;2;15013;
970;942;1;2;23275;
940;945;1;2;517;
999;987;1;2;10847;
900;949;1;2;16922;
928;984;1;2;7519;
929;932;1;2;22883;
941;949;1;2;19363;
991;986;1;2;4146;
998;924;1;2;21526;
926;970;1;2;11062;
913;992;1;2;23675;
970;932;1;2;5990;
910;931;1;2;4497;
986;983;1;2;20265;
974;963;1;2;1590;
901;945;1;2;1015;
926;986;1;2;21614;
925;977;1;2;18925;
960;927;1;2;18901;
933;906;1;2;4669;
900;919;1;2;6715;
962;942;1;2;7308;
970;904;1;2;17659;
916;943;1;2;22367;
912;917;1;2;3601;
943;918;1;2;12065;
959;944;1;2;13813;
924;921;1;2;9211;
975;981;1;2;20195;
954;966;1;2;10360;
952;966;1;2;15757;
993;981;1;2;12158;
919;903;1;2;10599;
975;971;1;2;21928;
915;935;1;2;15565;
971;979;1;2;9548;
919;938;1;2;5722;
906;914;1;2;7505;
970;989;1;2;8524;
961;943;1;2;17073;
959;947;1;2;7232;
980;993;1;2;2675;
991;964;1;2;22625;
958;939;1;2;8132;
969;907;1;2;5927;
0;1;297;297;
1;1;54;1004;
2;1;207;2107;
3;1;93;2943;
4;1;375;4175;
5;1;147;4897;
6;1;234;5934;
7;1;81;6731;
8;1;336;7936;
9;1;447;8997;
10;1;351;9851;
11;1;102;10552;
12;1;67;11467;
13;1;363;12713;
14;1;120;13420;
15;1;31;14281;
16;1;424;15624;
17;1;70;16220;
18;1;61;17161;
19;1;229;18279;
