****16****
100
908;905;1;2;0;
915;964;1;2;0;
935;931;1;2;0;
952;905;1;2;0;
913;965;1;2;0;
995;975;1;2;0;
959;991;1;2;0;
980;980;1;2;0;
910;954;1;2;0;
906;962;1;2;0;
958;983;1;2;0;
907;912;1;2;0;
947;974;1;2;0;
947;943;1;2;0;
924;906;1;2;0;
988;932;1;2;0;
963;903;1;2;0;
996;951;1;2;0;
987;900;1;2;0;
908;952;1;2;0;
965;903;1;2;0;
927;924;1;2;0;
946;959;1;2;0;
956;956;1;2;0;
914;962;1;2;0;
971;972;1;2;0;
997;930;1;2;0;
985;944;1;2;0;
904;984;1;2;0;
940;980;1;2;0;
942;928;1;2;0;
912;906;1;2;0;
932;909;1;2;0;
909;971;1;2;0;
909;917;1;2;0;
923;927;1;2;0;
972;902;1;2;0;
951;918;1;2;0;
962;960;1;2;0;
974;928;1;2;0;
922;945;1;2;0;
900;920;1;2;0;
975;985;1;2;0;
916;932;1;2;0;
970;956;1;2;0;
912;912;1;2;0;
985;925;1;2;0;
970;969;1;2;0;
986;979;1;2;0;
992;995;1;2;0;
996;915;1;2;20245;
968;969;1;2;2973;
986;983;1;2;18724;
913;911;1;2;22040;
958;912;1;2;18288;
986;949;1;2;22530;
970;919;1;2;23489;
934;984;1;2;1541;
911;906;1;2;5305;
997;986;1;2;17382;
945;982;1;2;18542;
919;903;1;2;4731;
997;941;1;2;1727;
935;954;1;2;16961;
948;965;1;2;12195;
980;903;1;2;3861;
981;973;1;2;15011;
939;907;1;2;14550;
933;919;1;2;18349;
949;968;1;2;20508;
904;913;1;2;12473;
979;985;1;2;17395;
923;982;1;2;19763;
950;970;1;2;16963;
941;918;1;2;6610;
944;950;1;2;2984;
997;984;1;2;1983;
921;923;1;2;4049;
981;908;1;2;12433;
947;957;1;2;13441;
900;914;1;2;1858;
987;993;1;2;18969;
929;968;1;2;20245;
912;970;1;2;13890;
902;912;1;2;19232;
957;908;1;2;20289;
915;905;1;2;23647;
998;978;1;2;8006;
941;911;1;2;9178;
954;959;1;2;6003;
936;911;1;2;5346;
984;950;1;2;23036;
916;979;1;2;5783;
931;943;1;2;13336;
916;946;1;2;1921;
971;955;1;2;20716;
929;971;1;2;12850;
970;921;1;2;17083;
987;914;1;2;465;
964;921;1;2;2382;
0;1;449;449;
1;1;360;1310;
2;1;327;2227;
3;1;100;2950;
4;1;169;3969;
5;1;402;5152;
6;1;293;5993;
7;1;261;6911;
8;1;183;7783;
9;1;157;8707;
10;1;344;9844;
11;1;303;10753;
12;1;341;11741;
13;1;236;12586;
14;1;324;13624;
15;1;262;14512;
16;1;359;15559;
17;1;130;16280;
18;1;243;17343;
19;1;165;18215;
