****7****
100
927;992;1;2;0;
980;909;1;2;0;
996;963;1;2;0;
963;934;1;2;0;
930;958;1;2;0;
997;933;1;2;0;
994;920;1;2;0;
942;920;1;2;0;
901;994;1;2;0;
950;914;1;2;0;
910;924;1;2;0;
904;931;1;2;0;
958;997;1;2;0;
965;999;1;2;0;
948;914;1;2;0;
962;976;1;2;0;
906;942;1;2;0;
937;955;1;2;0;
905;952;1;2;0;
989;987;1;2;0;
910;938;1;2;0;
972;957;1;2;0;
910;966;1;2;0;
977;912;1;2;0;
960;928;1;2;0;
978;971;1;2;0;
904;935;1;2;0;
954;962;1;2;0;
932;972;1;2;0;
961;932;1;2;0;
986;975;1;2;0;
960;993;1;2;0;
917;997;1;2;0;
900;974;1;2;0;
902;941;1;2;0;
914;912;1;2;0;
979;986;1;2;0;
969;990;1;2;0;
953;999;1;2;0;
902;965;1;2;0;
979;980;1;2;0;
988;983;1;2;0;
915;943;1;2;0;
997;999;1;2;0;
967;958;1;2;0;
932;953;1;2;0;
986;944;1;2;0;
998;903;1;2;0;
942;998;1;2;0;
930;944;1;2;0;
939;944;1;2;8497;
971;930;1;2;15376;
961;935;1;2;3122;
915;953;1;2;21038;
947;941;1;2;19677;
915;936;1;2;11793;
914;903;1;2;7172;
998;909;1;2;10281;
943;907;1;2;3673;
937;958;1;2;2014;
933;949;1;2;13620;
941;920;1;2;10566;
923;981;1;2;9271;
904;948;1;2;16773;
964;996;1;2;5478;
959;911;1;2;17192;
951;977;1;2;3365;
954;928;1;2;10840;
994;971;1;2;22390;
986;908;1;2;19813;
960;993;1;2;8567;
930;934;1;2;17814;
931;910;1;2;17108;
971;914;1;2;3643;
912;979;1;2;18417;
946;990;1;2;588;
969;994;1;2;11833;
996;900;1;2;10560;
931;994;1;2;23335;
978;933;1;2;11206;
983;945;1;2;17112;
938;976;1;2;12568;
913;959;1;2;12949;
921;930;1;2;8145;
978;994;1;2;5963;
983;940;1;2;15561;
951;962;1;2;11748;
949;958;1;2;12216;
922;941;1;2;6208;
971;920;1;2;18436;
927;955;1;2;3412;
977;993;1;2;22257;
913;906;1;2;11572;
911;980;1;2;7092;
971;910;1;2;22877;
915;946;1;2;16903;
997;997;1;2;16882;
925;998;1;2;5141;
953;973;1;2;327;
927;944;1;2;14310;
0;1;234;234;
1;1;272;1222;
2;1;198;2098;
3;1;460;3310;
4;1;451;4251;
5;1;17;4767;
6;1;139;5839;
7;1;214;6864;
8;1;475;8075;
9;1;177;8727;
10;1;402;9902;
11;1;30;10480;
12;1;347;11747;
13;1;124;12474;
14;1;168;13468;
15;1;111;14361;
16;1;89;15289;
17;1;14;16164;
18;1;292;17392;
19;1;438;18488;
