****2****
100
911;917;1;2;0;
965;969;1;2;0;
921;911;1;2;0;
960;914;1;2;0;
907;995;1;2;0;
955;967;1;2;0;
947;987;1;2;0;
969;923;1;2;0;
991;965;1;2;0;
976;984;1;2;0;
915;978;1;2;0;
945;980;1;2;0;
939;920;1;2;0;
934;989;1;2;0;
957;995;1;2;0;
920;920;1;2;0;
912;938;1;2;0;
941;986;1;2;0;
949;902;1;2;0;
952;956;1;2;0;
949;907;1;2;0;
924;996;1;2;0;
946;945;1;2;0;
971;938;1;2;0;
910;999;1;2;0;
922;977;1;2;0;
978;919;1;2;0;
957;969;1;2;0;
991;944;1;2;0;
910;948;1;2;0;
939;930;1;2;0;
968;904;1;2;0;
968;910;1;2;0;
942;917;1;2;0;
964;994;1;2;0;
926;913;1;2;0;
901;902;1;2;0;
909;948;1;2;0;
947;980;1;2;0;
986;909;1;2;0;
932;960;1;2;0;
986;962;1;2;0;
931;996;1;2;0;
931;922;1;2;0;
992;941;1;2;0;
923;931;1;2;0;
923;943;1;2;0;
987;992;1;2;0;
905;929;1;2;0;
961;969;1;2;0;
923;987;1;2;16446;
977;989;1;2;10814;
925;988;1;2;15359;
963;997;1;2;7740;
975;936;1;2;9869;
958;984;1;2;8859;
980;976;1;2;46;
955;959;1;2;3641;
999;947;1;2;10277;
904;976;1;2;7560;
926;900;1;2;6481;
908;929;1;2;17572;
904;954;1;2;22392;
980;969;1;2;13001;
988;996;1;2;22519;
910;954;1;2;17760;
963;986;1;2;14826;
909;942;1;2;11102;
978;993;1;2;14681;
940;997;1;2;5295;
967;923;1;2;16814;
981;984;1;2;7163;
937;988;1;2;181;
934;968;1;2;5612;
928;908;1;2;15015;
962;970;1;2;5373;
928;933;1;2;3321;
974;942;1;2;3084;
979;920;1;2;13256;
932;912;1;2;2758;
913;979;1;2;12050;
946;913;1;2;20597;
908;950;1;2;4943;
976;984;1;2;1485;
913;964;1;2;17963;
998;926;1;2;16744;
937;906;1;2;6687;
914;932;1;2;8876;
934;912;1;2;3202;
946;996;1;2;10460;
956;909;1;2;14461;
994;907;1;2;21685;
915;915;1;2;12721;
977;991;1;2;9963;
906;904;1;2;2659;
948;954;1;2;10617;
907;943;1;2;4093;
952;957;1;2;21666;
938;991;1;2;471;
949;938;1;2;15924;
0;1;224;224;
1;1;397;1347;
2;1;63;1963;
3;1;54;2904;
4;1;443;4243;
5;1;145;4895;
6;1;374;6074;
7;1;9;6659;
8;1;310;7910;
9;1;269;8819;
10;1;411;9911;
11;1;326;10776;
12;1;53;11453;
13;1;344;12694;
14;1;157;13457;
15;1;377;14627;
16;1;319;15519;
17;1;313;16463;
18;1;202;17302;
19;1;327;18377;
