****13****
100
949;986;1;2;0;
916;964;1;2;0;
929;965;1;2;0;
979;905;1;2;0;
922;945;1;2;0;
915;925;1;2;0;
951;985;1;2;0;
994;955;1;2;0;
955;939;1;2;0;
967;925;1;2;0;
938;995;1;2;0;
954;950;1;2;0;
911;999;1;2;0;
995;982;1;2;0;
928;950;1;2;0;
938;929;1;2;0;
937;954;1;2;0;
993;918;1;2;0;
919;925;1;2;0;
923;941;1;2;0;
922;990;1;2;0;
919;973;1;2;0;
975;913;1;2;0;
980;931;1;2;0;
904;947;1;2;0;
908;942;1;2;0;
942;962;1;2;0;
993;905;1;2;0;
961;940;1;2;0;
940;941;1;2;0;
990;978;1;2;0;
970;979;1;2;0;
932;916;1;2;0;
949;903;1;2;0;
993;972;1;2;0;
996;967;1;2;0;
915;915;1;2;0;
940;942;1;2;0;
981;972;1;2;0;
973;985;1;2;0;
971;933;1;2;0;
928;965;1;2;0;
995;973;1;2;0;
971;908;1;2;0;
965;963;1;2;0;
901;907;1;2;0;
941;924;1;2;0;
939;925;1;2;0;
992;988;1;2;0;
928;985;1;2;0;
961;924;1;2;13893;
976;992;1;2;8891;
918;973;1;2;1272;
944;958;1;2;21273;
929;938;1;2;20983;
977;911;1;2;13016;
985;928;1;2;6684;
939;936;1;2;20677;
963;975;1;2;12106;
907;963;1;2;14256;
992;976;1;2;21929;
996;904;1;2;12148;
992;975;1;2;23562;
908;971;1;2;9036;
947;900;1;2;5607;
951;977;1;2;19412;
979;915;1;2;3080;
969;954;1;2;12545;
953;969;1;2;1347;
961;976;1;2;7373;
950;920;1;2;1142;
963;968;1;2;8958;
920;960;1;2;548;
950;920;1;2;9096;
990;919;1;2;21019;
969;922;1;2;12286;
960;901;1;2;4635;
931;923;1;2;17234;
938;928;1;2;6866;
920;989;1;2;15488;
917;991;1;2;16041;
939;906;1;2;11899;
970;926;1;2;22472;
923;928;1;2;12049;
948;971;1;2;22941;
925;940;1;2;7592;
979;952;1;2;55;
997;983;1;2;20248;
972;973;1;2;1650;
917;993;1;2;19815;
989;963;1;2;12319;
982;902;1;2;3806;
994;924;1;2;3709;
915;948;1;2;11841;
907;996;1;2;13486;
919;921;1;2;11538;
953;900;1;2;14892;
940;949;1;2;162;
903;974;1;2;14165;
993;943;1;2;13457;
0;1;51;51;
1;1;458;1408;
2;1;298;2198;
3;1;102;2952;
4;1;42;3842;
5;1;353;5103;
6;1;282;5982;
7;1;237;6887;
8;1;127;7727;
9;1;40;8590;
10;1;254;9754;
11;1;177;10627;
12;1;81;11481;
13;1;238;12588;
14;1;350;13650;
15;1;266;14516;
16;1;259;15459;
17;1;248;16398;
18;1;121;17221;
19;1;189;18239;
