****18****
100
976;913;1;2;0;
902;901;1;2;0;
914;974;1;2;0;
905;901;1;2;0;
936;945;1;2;0;
920;913;1;2;0;
978;921;1;2;0;
987;924;1;2;0;
949;935;1;2;0;
954;968;1;2;0;
937;975;1;2;0;
900;984;1;2;0;
988;965;1;2;0;
962;936;1;2;0;
967;979;1;2;0;
908;995;1;2;0;
945;910;1;2;0;
948;911;1;2;0;
984;953;1;2;0;
912;973;1;2;0;
999;985;1;2;0;
986;929;1;2;0;
906;926;1;2;0;
906;907;1;2;0;
961;912;1;2;0;
976;950;1;2;0;
988;928;1;2;0;
934;928;1;2;0;
994;996;1;2;0;
964;913;1;2;0;
928;972;1;2;0;
908;925;1;2;0;
934;956;1;2;0;
936;971;1;2;0;
909;900;1;2;0;
944;908;1;2;0;
985;930;1;2;0;
990;943;1;2;0;
908;996;1;2;0;
951;921;1;2;0;
908;979;1;2;0;
923;948;1;2;0;
907;958;1;2;0;
976;953;1;2;0;
906;992;1;2;0;
966;986;1;2;0;
964;974;1;2;0;
911;951;1;2;0;
930;999;1;2;0;
922;992;1;2;0;
900;966;1;2;23136;
985;948;1;2;4894;
929;909;1;2;163;
932;930;1;2;19892;
911;954;1;2;6621;
970;964;1;2;22093;
924;922;1;2;3025;
942;909;1;2;16419;
917;972;1;2;14969;
999;972;1;2;23019;
943;972;1;2;2617;
996;909;1;2;22120;
990;990;1;2;18284;
981;922;1;2;4456;
932;985;1;2;19708;
983;956;1;2;15934;
963;932;1;2;6053;
936;974;1;2;772;
925;943;1;2;16210;
965;995;1;2;1038;
927;938;1;2;12887;
907;934;1;2;5374;
935;977;1;2;5120;
973;910;1;2;20070;
941;994;1;2;23165;
967;977;1;2;3393;
957;993;1;2;4885;
969;981;1;2;19977;
943;906;1;2;6151;
989;923;1;2;14219;
911;902;1;2;11011;
905;909;1;2;9146;
960;996;1;2;285;
906;969;1;2;18862;
927;962;1;2;13516;
985;929;1;2;1387;
999;986;1;2;4569;
945;956;1;2;23374;
917;951;1;2;5681;
933;992;1;2;21767;
944;903;1;2;2360;
994;908;1;2;18617;
930;968;1;2;21406;
995;975;1;2;2546;
918;954;1;2;3478;
987;939;1;2;17444;
933;990;1;2;2359;
925;935;1;2;9064;
997;904;1;2;4062;
928;938;1;2;14082;
0;1;432;432;
1;1;183;1133;
2;1;447;2347;
3;1;415;3265;
4;1;404;4204;
5;1;455;5205;
6;1;231;5931;
7;1;359;7009;
8;1;300;7900;
9;1;346;8896;
10;1;129;9629;
11;1;425;10875;
12;1;356;11756;
13;1;399;12749;
14;1;331;13631;
15;1;55;14305;
16;1;288;15488;
17;1;272;16422;
18;1;58;17158;
19;1;172;18222;
