****15****
100
992;909;1;2;0;
924;911;1;2;0;
905;979;1;2;0;
936;919;1;2;0;
936;904;1;2;0;
994;975;1;2;0;
939;978;1;2;0;
905;992;1;2;0;
904;990;1;2;0;
975;966;1;2;0;
956;900;1;2;0;
947;921;1;2;0;
964;953;1;2;0;
970;909;1;2;0;
913;969;1;2;0;
993;957;1;2;0;
930;917;1;2;0;
969;936;1;2;0;
949;957;1;2;0;
907;985;1;2;0;
961;953;1;2;0;
961;900;1;2;0;
931;918;1;2;0;
945;988;1;2;0;
908;920;1;2;0;
906;916;1;2;0;
920;954;1;2;0;
989;984;1;2;0;
907;959;1;2;0;
946;972;1;2;0;
981;939;1;2;0;
982;911;1;2;0;
908;951;1;2;0;
999;909;1;2;0;
960;907;1;2;0;
995;922;1;2;0;
960;908;1;2;0;
974;944;1;2;0;
978;919;1;2;0;
984;987;1;2;0;
991;990;1;2;0;
955;964;1;2;0;
996;945;1;2;0;
900;956;1;2;0;
904;998;1;2;0;
980;985;1;2;0;
989;962;1;2;0;
949;998;1;2;0;
913;948;1;2;0;
959;926;1;2;0;
955;906;1;2;22549;
968;914;1;2;14162;
964;993;1;2;21897;
948;932;1;2;2038;
990;987;1;2;7814;
939;984;1;2;9235;
995;941;1;2;14653;
975;926;1;2;17636;
938;975;1;2;21187;
903;976;1;2;3789;
929;931;1;2;17161;
929;951;1;2;1173;
904;915;1;2;14558;
950;915;1;2;2647;
939;906;1;2;17874;
993;945;1;2;19740;
999;992;1;2;19768;
955;967;1;2;18733;
949;957;1;2;7604;
993;961;1;2;16942;
949;942;1;2;13960;
959;972;1;2;20260;
935;928;1;2;5588;
957;978;1;2;2578;
962;917;1;2;8068;
955;962;1;2;4962;
985;961;1;2;5585;
955;917;1;2;7906;
904;918;1;2;13989;
981;964;1;2;19739;
933;913;1;2;5548;
969;924;1;2;15002;
905;911;1;2;4243;
960;968;1;2;16206;
978;931;1;2;5427;
907;938;1;2;3473;
980;975;1;2;6345;
946;931;1;2;4947;
931;987;1;2;16915;
973;920;1;2;13220;
929;954;1;2;365;
979;923;1;2;3317;
901;980;1;2;2211;
903;992;1;2;8894;
983;971;1;2;15493;
932;978;1;2;186;
996;958;1;2;19698;
922;956;1;2;9311;
916;987;1;2;11509;
981;961;1;2;7434;
0;1;86;86;
1;1;268;1218;
2;1;120;2020;
3;1;230;3080;
4;1;122;3922;
5;1;70;4820;
6;1;123;5823;
7;1;25;6675;
8;1;178;7778;
9;1;428;8978;
10;1;453;9953;
11;1;195;10645;
12;1;103;11503;
13;1;113;12463;
14;1;368;13668;
15;1;136;14386;
16;1;22;15222;
17;1;323;16473;
18;1;109;17209;
19;1;419;18469;
