****1****
100
973;909;1;2;0;
919;909;1;2;0;
968;947;1;2;0;
910;945;1;2;0;
929;983;1;2;0;
907;905;1;2;0;
910;908;1;2;0;
996;905;1;2;0;
928;961;1;2;0;
923;910;1;2;0;
948;983;1;2;0;
958;984;1;2;0;
973;945;1;2;0;
940;970;1;2;0;
999;972;1;2;0;
936;972;1;2;0;
933;955;1;2;0;
933;953;1;2;0;
902;943;1;2;0;
951;983;1;2;0;
978;910;1;2;0;
940;989;1;2;0;
919;936;1;2;0;
946;999;1;2;0;
998;969;1;2;0;
909;998;1;2;0;
905;968;1;2;0;
983;930;1;2;0;
913;975;1;2;0;
900;912;1;2;0;
900;936;1;2;0;
936;985;1;2;0;
943;922;1;2;0;
939;997;1;2;0;
965;942;1;2;0;
933;996;1;2;0;
952;973;1;2;0;
985;923;1;2;0;
962;983;1;2;0;
923;912;1;2;0;
904;932;1;2;0;
910;909;1;2;0;
900;993;1;2;0;
991;965;1;2;0;
921;991;1;2;0;
929;921;1;2;0;
979;918;1;2;0;
958;922;1;2;0;
940;949;1;2;0;
972;957;1;2;0;
991;905;1;2;2365;
944;930;1;2;16019;
967;992;1;2;16683;
990;904;1;2;219;
923;915;1;2;343;
975;960;1;2;21732;
993;981;1;2;19137;
922;954;1;2;11012;
940;913;1;2;4365;
980;962;1;2;19240;
990;906;1;2;11026;
943;950;1;2;17907;
986;917;1;2;16895;
959;960;1;2;5025;
989;983;1;2;7142;
929;910;1;2;2169;
912;903;1;2;16070;
934;926;1;2;17373;
988;918;1;2;10558;
917;951;1;2;3594;
917;941;1;2;7430;
923;936;1;2;6573;
959;922;1;2;2802;
939;934;1;2;16891;
976;923;1;2;16652;
928;904;1;2;18883;
993;916;1;2;5205;
939;903;1;2;14927;
991;991;1;2;1080;
909;960;1;2;11653;
941;978;1;2;6832;
979;901;1;2;12733;
919;912;1;2;18913;
976;903;1;2;18303;
994;980;1;2;11122;
998;960;1;2;21466;
913;953;1;2;10331;
932;944;1;2;7375;
928;988;1;2;10378;
995;997;1;2;23704;
913;990;1;2;16380;
924;921;1;2;2145;
924;940;1;2;6712;
998;916;1;2;12707;
906;962;1;2;22441;
989;961;1;2;8786;
929;974;1;2;18702;
934;958;1;2;10236;
993;939;1;2;11282;
996;934;1;2;19166;
0;1;436;436;
1;1;301;1251;
2;1;382;2282;
3;1;402;3252;
4;1;2;3802;
5;1;128;4878;
6;1;120;5820;
7;1;453;7103;
8;1;118;7718;
9;1;201;8751;
10;1;276;9776;
11;1;412;10862;
12;1;463;11863;
13;1;109;12459;
14;1;74;13374;
15;1;105;14355;
16;1;226;15426;
17;1;387;16537;
18;1;185;17285;
19;1;30;18080;
