****4****
100
988;956;1;2;0;
935;936;1;2;0;
942;961;1;2;0;
986;903;1;2;0;
967;987;1;2;0;
926;955;1;2;0;
902;928;1;2;0;
901;930;1;2;0;
933;934;1;2;0;
918;939;1;2;0;
920;929;1;2;0;
968;931;1;2;0;
923;996;1;2;0;
958;905;1;2;0;
996;987;1;2;0;
963;984;1;2;0;
995;951;1;2;0;
920;989;1;2;0;
912;958;1;2;0;
992;931;1;2;0;
997;971;1;2;0;
986;999;1;2;0;
999;988;1;2;0;
981;984;1;2;0;
922;999;1;2;0;
924;995;1;2;0;
929;944;1;2;0;
926;904;1;2;0;
940;936;1;2;0;
962;936;1;2;0;
923;977;1;2;0;
972;970;1;2;0;
928;992;1;2;0;
960;992;1;2;0;
902;904;1;2;0;
923;951;1;2;0;
927;910;1;2;0;
902;926;1;2;0;
950;983;1;2;0;
911;972;1;2;0;
983;987;1;2;0;
919;964;1;2;0;
983;946;1;2;0;
920;976;1;2;0;
982;982;1;2;0;
964;958;1;2;0;
960;937;1;2;0;
980;940;1;2;0;
981;992;1;2;0;
933;984;1;2;0;
997;956;1;2;13085;
924;918;1;2;14815;
903;968;1;2;9973;
966;993;1;2;7932;
905;912;1;2;16484;
988;958;1;2;11800;
964;993;1;2;13926;
981;903;1;2;18447;
918;935;1;2;5252;
999;928;1;2;2692;
935;977;1;2;22495;
923;953;1;2;16603;
913;956;1;2;2510;
986;974;1;2;713;
995;931;1;2;17100;
919;920;1;2;19791;
964;936;1;2;10924;
944;917;1;2;22303;
983;987;1;2;4473;
915;987;1;2;5969;
980;974;1;2;20023;
954;997;1;2;22457;
946;962;1;2;14043;
958;901;1;2;14729;
964;948;1;2;5789;
982;967;1;2;1537;
962;984;1;2;11559;
936;928;1;2;19506;
964;911;1;2;11395;
928;979;1;2;22997;
972;959;1;2;19740;
993;965;1;2;1476;
968;911;1;2;20005;
903;922;1;2;11333;
912;986;1;2;20376;
953;920;1;2;13403;
914;934;1;2;15447;
916;970;1;2;3451;
935;987;1;2;6382;
941;967;1;2;5740;
987;992;1;2;14736;
959;985;1;2;8365;
928;905;1;2;13747;
912;908;1;2;9643;
997;921;1;2;17804;
982;974;1;2;7828;
987;941;1;2;23258;
923;909;1;2;14283;
940;944;1;2;16440;
920;937;1;2;7738;
0;1;153;153;
1;1;77;1027;
2;1;36;1936;
3;1;423;3273;
4;1;261;4061;
5;1;446;5196;
6;1;157;5857;
7;1;90;6740;
8;1;154;7754;
9;1;155;8705;
10;1;154;9654;
11;1;64;10514;
12;1;26;11426;
13;1;454;12804;
14;1;312;13612;
15;1;136;14386;
16;1;238;15438;
17;1;314;16464;
18;1;65;17165;
19;1;225;18275;
