****0****
100
915;980;1;2;0;
990;902;1;2;0;
986;982;1;2;0;
948;967;1;2;0;
990;954;1;2;0;
986;979;1;2;0;
949;920;1;2;0;
905;980;1;2;0;
929;937;1;2;0;
991;915;1;2;0;
921;918;1;2;0;
994;912;1;2;0;
938;934;1;2;0;
978;966;1;2;0;
950;900;1;2;0;
965;917;1;2;0;
933;955;1;2;0;
919;919;1;2;0;
990;967;1;2;0;
938;980;1;2;0;
974;925;1;2;0;
911;923;1;2;0;
997;968;1;2;0;
955;927;1;2;0;
905;947;1;2;0;
994;927;1;2;0;
917;940;1;2;0;
991;955;1;2;0;
974;969;1;2;0;
973;924;1;2;0;
922;938;1;2;0;
941;955;1;2;0;
946;912;1;2;0;
974;936;1;2;0;
979;965;1;2;0;
916;953;1;2;0;
990;979;1;2;0;
929;987;1;2;0;
948;984;1;2;0;
966;905;1;2;0;
983;960;1;2;0;
984;900;1;2;0;
952;976;1;2;0;
907;926;1;2;0;
997;980;1;2;0;
902;919;1;2;0;
971;995;1;2;0;
926;917;1;2;0;
907;901;1;2;0;
953;939;1;2;0;
918;969;1;2;4999;
908;900;1;2;4288;
947;948;1;2;13994;
966;954;1;2;4769;
978;938;1;2;13182;
931;966;1;2;15968;
909;964;1;2;15323;
912;983;1;2;19930;
959;962;1;2;18300;
919;963;1;2;6319;
958;933;1;2;16942;
954;993;1;2;11447;
980;940;1;2;4509;
990;958;1;2;15502;
935;937;1;2;18526;
981;920;1;2;13222;
987;929;1;2;16911;
925;993;1;2;2390;
982;953;1;2;22203;
908;972;1;2;22308;
935;982;1;2;16132;
935;988;1;2;2789;
983;968;1;2;20350;
984;910;1;2;10280;
939;946;1;2;10173;
985;979;1;2;11445;
997;918;1;2;6154;
925;943;1;2;14990;
988;977;1;2;23205;
914;985;1;2;17937;
954;972;1;2;13650;
928;959;1;2;23150;
994;995;1;2;5935;
953;979;1;2;20790;
971;919;1;2;11749;
977;904;1;2;15745;
904;953;1;2;1246;
912;978;1;2;4611;
965;918;1;2;11502;
972;932;1;2;13753;
902;939;1;2;17685;
967;967;1;2;16487;
920;961;1;2;8376;
993;915;1;2;21612;
925;938;1;2;10962;
907;915;1;2;21417;
969;971;1;2;15984;
901;983;1;2;22093;
928;949;1;2;5151;
981;973;1;2;595;
0;1;25;25;
1;1;76;1026;
2;1;227;2127;
3;1;65;2915;
4;1;170;3970;
5;1;269;5019;
6;1;466;6166;
7;1;192;6842;
8;1;232;7832;
9;1;136;8686;
10;1;86;9586;
11;1;447;10897;
12;1;237;11637;
13;1;188;12538;
14;1;362;13662;
15;1;282;14532;
16;1;346;15546;
17;1;203;16353;
18;1;58;17158;
19;1;42;18092;
