****14****
100
975;902;1;2;0;
956;976;1;2;0;
994;959;1;2;0;
950;960;1;2;0;
904;993;1;2;0;
972;982;1;2;0;
978;946;1;2;0;
983;996;1;2;0;
923;966;1;2;0;
909;977;1;2;0;
957;989;1;2;0;
930;938;1;2;0;
977;980;1;2;0;
930;987;1;2;0;
902;975;1;2;0;
951;977;1;2;0;
929;907;1;2;0;
954;924;1;2;0;
918;904;1;2;0;
984;974;1;2;0;
950;956;1;2;0;
956;980;1;2;0;
903;991;1;2;0;
928;978;1;2;0;
957;990;1;2;0;
907;967;1;2;0;
979;938;1;2;0;
905;908;1;2;0;
918;987;1;2;0;
996;920;1;2;0;
915;999;1;2;0;
950;944;1;2;0;
906;904;1;2;0;
968;976;1;2;0;
960;953;1;2;0;
950;962;1;2;0;
909;959;1;2;0;
994;964;1;2;0;
902;923;1;2;0;
943;912;1;2;0;
913;950;1;2;0;
979;944;1;2;0;
940;936;1;2;0;
953;958;1;2;0;
923;901;1;2;0;
931;938;1;2;0;
900;981;1;2;0;
935;906;1;2;0;
985;903;1;2;0;
934;997;1;2;0;
908;984;1;2;8820;
918;995;1;2;13388;
934;998;1;2;15775;
977;910;1;2;4172;
980;941;1;2;18156;
920;977;1;2;21171;
979;900;1;2;14808;
962;991;1;2;2221;
943;926;1;2;17761;
980;981;1;2;7888;
977;990;1;2;6551;
937;960;1;2;3298;
944;994;1;2;16086;
973;972;1;2;12502;
968;904;1;2;13842;
907;924;1;2;13220;
999;955;1;2;12685;
944;917;1;2;3339;
937;960;1;2;20743;
940;992;1;2;297;
977;970;1;2;23750;
950;959;1;2;17288;
967;955;1;2;3683;
986;929;1;2;18201;
915;949;1;2;21531;
985;956;1;2;64;
984;907;1;2;2971;
984;951;1;2;2791;
974;940;1;2;21209;
995;980;1;2;8470;
945;909;1;2;3478;
937;959;1;2;12340;
937;979;1;2;14176;
983;965;1;2;11528;
954;933;1;2;8569;
928;918;1;2;10223;
927;955;1;2;678;
934;939;1;2;5261;
906;965;1;2;15674;
990;960;1;2;23214;
967;957;1;2;12018;
966;994;1;2;9675;
977;983;1;2;8965;
943;919;1;2;23261;
938;973;1;2;7043;
982;953;1;2;8423;
934;933;1;2;16871;
993;967;1;2;21321;
903;925;1;2;11881;
905;915;1;2;19812;
0;1;163;163;
1;1;136;1086;
2;1;383;2283;
3;1;356;3206;
4;1;229;4029;
5;1;227;4977;
6;1;158;5858;
7;1;231;6881;
8;1;236;7836;
9;1;442;8992;
10;1;174;9674;
11;1;280;10730;
12;1;41;11441;
13;1;312;12662;
14;1;255;13555;
15;1;273;14523;
16;1;246;15446;
17;1;60;16210;
18;1;50;17150;
19;1;232;18282;
