****6****
100
548;731;1;2;0;
826;504;1;2;0;
875;180;1;2;0;
853;512;1;2;0;
94;654;1;2;0;
708;309;1;2;0;
609;49;1;2;0;
304;68;1;2;0;
226;596;1;2;0;
812;559;1;2;0;
413;317;1;2;0;
166;243;1;2;0;
545;94;1;2;0;
924;62;1;2;0;
905;888;1;2;0;
60;805;1;2;0;
618;237;1;2;0;
308;844;1;2;0;
417;513;1;2;0;
356;862;1;2;0;
166;415;1;2;0;
171;126;1;2;0;
463;826;1;2;0;
194;689;1;2;0;
421;357;1;2;0;
599;186;1;2;0;
674;764;1;2;0;
428;570;1;2;0;
209;703;1;2;0;
631;114;1;2;0;
942;43;1;2;0;
270;911;1;2;0;
279;929;1;2;0;
754;695;1;2;0;
441;109;1;2;0;
909;958;1;2;0;
876;79;1;2;0;
84;338;1;2;0;
904;629;1;2;0;
378;676;1;2;0;
985;976;1;2;0;
861;658;1;2;0;
91;288;1;2;0;
228;300;1;2;0;
342;210;1;2;0;
765;283;1;2;0;
252;34;1;2;0;
193;883;1;2;0;
962;947;1;2;0;
929;755;1;2;0;
407;837;1;2;22380;
282;915;1;2;13387;
620;170;1;2;6033;
997;198;1;2;18822;
325;58;1;2;7064;
415;698;1;2;20964;
66;391;1;2;2100;
830;674;1;2;17841;
215;866;1;2;18206;
177;164;1;2;21290;
283;571;1;2;4564;
346;852;1;2;4212;
197;823;1;2;868;
675;172;1;2;2224;
138;496;1;2;13109;
963;262;1;2;19306;
14;328;1;2;11571;
627;509;1;2;14498;
492;724;1;2;23011;
590;252;1;2;1684;
617;886;1;2;8666;
481;583;1;2;20769;
259;779;1;2;6037;
910;454;1;2;20857;
759;943;1;2;1154;
665;905;1;2;5370;
972;919;1;2;19349;
317;897;1;2;11434;
688;388;1;2;8248;
924;330;1;2;15104;
675;946;1;2;6329;
997;426;1;2;6552;
522;36;1;2;6406;
869;298;1;2;11926;
36;56;1;2;16933;
401;72;1;2;5737;
28;43;1;2;1552;
982;359;1;2;6478;
149;46;1;2;15602;
38;321;1;2;22131;
531;348;1;2;1849;
908;344;1;2;9321;
220;217;1;2;1007;
663;85;1;2;2775;
558;472;1;2;19098;
396;873;1;2;15331;
491;900;1;2;10780;
855;234;1;2;19264;
116;382;1;2;5281;
765;771;1;2;19089;
0;1;650;93;
1;1;650;1600;
2;1;650;2632;
3;1;650;4120;
4;1;650;5260;
5;1;650;6727;
6;1;650;8073;
7;1;650;9231;
8;1;650;10843;
9;1;650;11913;
10;1;650;13293;
11;1;650;14680;
12;1;650;16050;
13;1;650;17251;
14;1;650;18551;
15;1;650;19594;
16;1;650;21046;
17;1;650;22323;
18;1;650;23709;
19;1;650;24788;
