****2****
100
59;15;1;2;0;
100;35;1;2;0;
91;34;1;2;0;
61;12;1;2;0;
26;17;1;2;0;
51;91;1;2;0;
68;61;1;2;0;
41;49;1;2;0;
69;8;1;2;0;
2;8;1;2;0;
88;45;1;2;0;
47;91;1;2;0;
55;22;1;2;0;
36;74;1;2;0;
22;99;1;2;0;
52;81;1;2;0;
66;51;1;2;0;
67;8;1;2;0;
36;27;1;2;0;
72;61;1;2;0;
96;22;1;2;0;
3;15;1;2;0;
34;43;1;2;0;
64;2;1;2;0;
3;17;1;2;0;
61;90;1;2;0;
61;59;1;2;0;
80;67;1;2;0;
32;67;1;2;0;
40;54;1;2;0;
18;43;1;2;0;
86;35;1;2;0;
46;52;1;2;0;
42;81;1;2;0;
31;13;1;2;0;
94;26;1;2;0;
86;96;1;2;0;
92;19;1;2;0;
39;55;1;2;0;
72;93;1;2;0;
23;84;1;2;0;
82;83;1;2;0;
42;13;1;2;0;
49;26;1;2;0;
31;41;1;2;0;
31;48;1;2;0;
83;16;1;2;0;
82;28;1;2;0;
19;76;1;2;0;
61;49;1;2;0;
88;54;1;2;1040;
26;49;1;2;335;
44;39;1;2;1053;
68;31;1;2;1203;
51;64;1;2;449;
45;28;1;2;1882;
70;59;1;2;2177;
100;58;1;2;669;
15;92;1;2;912;
85;67;1;2;2262;
34;54;1;2;1932;
11;79;1;2;2374;
28;75;1;2;1711;
4;42;1;2;627;
2;44;1;2;103;
34;88;1;2;438;
15;57;1;2;759;
88;8;1;2;2059;
96;74;1;2;1453;
83;59;1;2;754;
82;44;1;2;679;
82;54;1;2;1159;
34;34;1;2;1517;
73;89;1;2;469;
47;90;1;2;1397;
84;23;1;2;1139;
100;90;1;2;456;
75;77;1;2;2139;
59;24;1;2;1793;
34;58;1;2;1207;
75;39;1;2;1227;
21;72;1;2;397;
98;6;1;2;1550;
49;30;1;2;742;
93;76;1;2;1679;
33;11;1;2;2307;
60;11;1;2;2012;
95;37;1;2;470;
90;47;1;2;850;
59;32;1;2;1565;
85;6;1;2;2372;
7;78;1;2;209;
82;76;1;2;2449;
42;24;1;2;799;
38;69;1;2;894;
75;53;1;2;332;
86;64;1;2;2058;
87;58;1;2;1829;
16;100;1;2;1706;
68;58;1;2;641;
0;1;30;30;
1;1;44;144;
2;1;35;235;
3;1;33;333;
4;1;50;450;
5;1;13;513;
6;1;7;607;
7;1;33;733;
8;1;38;838;
9;1;38;938;
10;1;24;1024;
11;1;13;1113;
12;1;50;1250;
13;1;13;1313;
14;1;33;1433;
15;1;38;1538;
16;1;39;1639;
17;1;35;1735;
18;1;39;1839;
19;1;25;1925;
