****8****
100
58;17;1;2;0;
93;77;1;2;0;
34;39;1;2;0;
86;45;1;2;0;
31;42;1;2;0;
73;5;1;2;0;
70;30;1;2;0;
8;79;1;2;0;
98;15;1;2;0;
40;62;1;2;0;
36;35;1;2;0;
96;70;1;2;0;
59;20;1;2;0;
46;1;1;2;0;
50;92;1;2;0;
91;59;1;2;0;
8;35;1;2;0;
87;94;1;2;0;
73;73;1;2;0;
90;3;1;2;0;
66;15;1;2;0;
59;35;1;2;0;
44;18;1;2;0;
13;41;1;2;0;
32;4;1;2;0;
55;20;1;2;0;
39;50;1;2;0;
89;97;1;2;0;
69;34;1;2;0;
49;70;1;2;0;
77;39;1;2;0;
29;36;1;2;0;
73;15;1;2;0;
81;46;1;2;0;
39;71;1;2;0;
100;4;1;2;0;
85;59;1;2;0;
38;80;1;2;0;
76;2;1;2;0;
20;60;1;2;0;
58;74;1;2;0;
79;96;1;2;0;
75;19;1;2;0;
44;96;1;2;0;
52;44;1;2;0;
65;80;1;2;0;
83;45;1;2;0;
15;7;1;2;0;
12;48;1;2;0;
4;50;1;2;0;
70;4;1;2;223;
54;62;1;2;2377;
33;89;1;2;511;
4;48;1;2;1685;
30;26;1;2;1938;
4;44;1;2;2477;
51;47;1;2;546;
68;78;1;2;326;
12;45;1;2;1002;
75;92;1;2;751;
25;61;1;2;1083;
82;66;1;2;1173;
28;50;1;2;1459;
76;53;1;2;1728;
33;34;1;2;1812;
85;90;1;2;1820;
32;40;1;2;123;
23;7;1;2;542;
95;71;1;2;388;
26;45;1;2;1544;
61;21;1;2;1434;
98;2;1;2;585;
1;30;1;2;957;
40;57;1;2;2320;
78;90;1;2;888;
42;74;1;2;235;
54;58;1;2;1969;
64;80;1;2;142;
51;74;1;2;2306;
83;52;1;2;2053;
57;64;1;2;840;
44;13;1;2;1397;
95;13;1;2;1096;
48;52;1;2;454;
53;30;1;2;1153;
43;23;1;2;133;
71;28;1;2;2371;
90;91;1;2;913;
67;94;1;2;1089;
15;76;1;2;1403;
7;84;1;2;105;
19;79;1;2;782;
85;74;1;2;2105;
32;73;1;2;535;
88;25;1;2;300;
80;67;1;2;713;
50;89;1;2;1095;
77;30;1;2;1571;
83;49;1;2;184;
15;63;1;2;2326;
0;1;47;47;
1;1;21;121;
2;1;4;204;
3;1;45;345;
4;1;41;441;
5;1;32;532;
6;1;3;603;
7;1;28;728;
8;1;7;807;
9;1;25;925;
10;1;11;1011;
11;1;29;1129;
12;1;1;1201;
13;1;48;1348;
14;1;5;1405;
15;1;6;1506;
16;1;30;1630;
17;1;24;1724;
18;1;36;1836;
19;1;29;1929;
