****15****
100
12;5;1;2;0;
7;99;1;2;0;
76;32;1;2;0;
19;62;1;2;0;
66;45;1;2;0;
75;85;1;2;0;
19;29;1;2;0;
31;24;1;2;0;
99;92;1;2;0;
53;2;1;2;0;
16;52;1;2;0;
17;55;1;2;0;
30;13;1;2;0;
1;27;1;2;0;
96;19;1;2;0;
8;59;1;2;0;
75;66;1;2;0;
10;50;1;2;0;
97;28;1;2;0;
64;14;1;2;0;
72;90;1;2;0;
99;43;1;2;0;
70;81;1;2;0;
18;21;1;2;0;
24;22;1;2;0;
22;39;1;2;0;
73;90;1;2;0;
93;2;1;2;0;
2;94;1;2;0;
81;49;1;2;0;
64;88;1;2;0;
8;90;1;2;0;
54;69;1;2;0;
92;2;1;2;0;
96;55;1;2;0;
68;20;1;2;0;
96;18;1;2;0;
14;65;1;2;0;
98;83;1;2;0;
85;21;1;2;0;
5;58;1;2;0;
59;77;1;2;0;
47;3;1;2;0;
31;1;1;2;0;
48;11;1;2;0;
49;63;1;2;0;
98;8;1;2;0;
53;3;1;2;0;
76;44;1;2;0;
5;24;1;2;0;
50;72;1;2;603;
45;89;1;2;524;
61;38;1;2;105;
46;58;1;2;695;
3;68;1;2;2017;
2;70;1;2;1781;
2;70;1;2;532;
2;32;1;2;761;
10;36;1;2;848;
37;79;1;2;1718;
12;80;1;2;1848;
58;24;1;2;2240;
17;85;1;2;1315;
59;82;1;2;316;
4;36;1;2;2138;
78;37;1;2;2169;
82;90;1;2;156;
96;92;1;2;374;
60;53;1;2;1787;
26;41;1;2;1900;
48;53;1;2;1311;
93;10;1;2;1361;
78;79;1;2;290;
100;37;1;2;2283;
31;92;1;2;313;
29;70;1;2;1276;
48;51;1;2;2376;
37;47;1;2;1833;
9;58;1;2;1615;
16;83;1;2;217;
54;82;1;2;1508;
24;74;1;2;1095;
17;3;1;2;2002;
46;2;1;2;1835;
8;32;1;2;1288;
53;12;1;2;2379;
39;59;1;2;1891;
63;95;1;2;355;
81;3;1;2;1035;
52;71;1;2;2280;
63;76;1;2;804;
78;99;1;2;960;
54;15;1;2;2487;
57;12;1;2;1700;
47;19;1;2;1416;
81;24;1;2;1272;
32;62;1;2;941;
38;76;1;2;574;
89;57;1;2;553;
98;60;1;2;161;
0;1;40;40;
1;1;22;122;
2;1;5;205;
3;1;16;316;
4;1;49;449;
5;1;4;504;
6;1;14;614;
7;1;4;704;
8;1;20;820;
9;1;17;917;
10;1;10;1010;
11;1;32;1132;
12;1;22;1222;
13;1;9;1309;
14;1;50;1450;
15;1;11;1511;
16;1;41;1641;
17;1;23;1723;
18;1;8;1808;
19;1;23;1923;
