****18****
100
20;39;1;2;0;
49;64;1;2;0;
97;6;1;2;0;
45;55;1;2;0;
38;85;1;2;0;
38;24;1;2;0;
100;22;1;2;0;
84;28;1;2;0;
88;29;1;2;0;
14;55;1;2;0;
49;37;1;2;0;
72;53;1;2;0;
69;63;1;2;0;
5;1;1;2;0;
19;91;1;2;0;
74;91;1;2;0;
81;74;1;2;0;
54;78;1;2;0;
80;50;1;2;0;
84;69;1;2;0;
87;21;1;2;0;
93;86;1;2;0;
42;76;1;2;0;
13;81;1;2;0;
4;27;1;2;0;
36;5;1;2;0;
15;59;1;2;0;
9;35;1;2;0;
74;66;1;2;0;
36;92;1;2;0;
8;61;1;2;0;
82;88;1;2;0;
34;88;1;2;0;
17;65;1;2;0;
37;100;1;2;0;
86;23;1;2;0;
72;78;1;2;0;
61;14;1;2;0;
5;73;1;2;0;
46;61;1;2;0;
51;33;1;2;0;
17;65;1;2;0;
92;25;1;2;0;
100;17;1;2;0;
42;87;1;2;0;
8;49;1;2;0;
47;42;1;2;0;
89;32;1;2;0;
81;5;1;2;0;
49;69;1;2;0;
57;34;1;2;1784;
28;63;1;2;897;
93;67;1;2;890;
39;79;1;2;1094;
71;95;1;2;2408;
14;72;1;2;2288;
30;65;1;2;668;
90;66;1;2;2436;
83;54;1;2;736;
63;10;1;2;1745;
31;66;1;2;892;
74;46;1;2;2355;
77;38;1;2;2040;
5;28;1;2;1173;
31;99;1;2;2302;
73;64;1;2;144;
15;94;1;2;990;
94;83;1;2;673;
72;65;1;2;1130;
81;79;1;2;2494;
90;61;1;2;127;
32;87;1;2;72;
88;15;1;2;24;
62;19;1;2;237;
63;49;1;2;1778;
63;74;1;2;2317;
33;40;1;2;2358;
68;33;1;2;1278;
68;4;1;2;2010;
25;36;1;2;355;
92;25;1;2;2281;
24;8;1;2;2070;
53;47;1;2;619;
71;9;1;2;1323;
17;23;1;2;268;
61;85;1;2;2371;
21;18;1;2;2417;
73;37;1;2;1077;
60;57;1;2;786;
62;81;1;2;2282;
95;72;1;2;2310;
88;47;1;2;1762;
15;99;1;2;496;
8;22;1;2;550;
20;38;1;2;600;
33;51;1;2;446;
18;23;1;2;236;
43;47;1;2;958;
52;6;1;2;785;
64;20;1;2;847;
0;1;14;14;
1;1;16;116;
2;1;12;212;
3;1;39;339;
4;1;3;403;
5;1;8;508;
6;1;23;623;
7;1;19;719;
8;1;9;809;
9;1;3;903;
10;1;28;1028;
11;1;30;1130;
12;1;44;1244;
13;1;48;1348;
14;1;19;1419;
15;1;5;1505;
16;1;32;1632;
17;1;19;1719;
18;1;2;1802;
19;1;1;1901;
