****14****
100
20;2;1;2;0;
61;44;1;2;0;
72;33;1;2;0;
26;41;1;2;0;
87;53;1;2;0;
11;6;1;2;0;
83;48;1;2;0;
89;37;1;2;0;
3;97;1;2;0;
61;84;1;2;0;
89;27;1;2;0;
14;65;1;2;0;
4;40;1;2;0;
18;56;1;2;0;
81;22;1;2;0;
32;100;1;2;0;
75;44;1;2;0;
43;46;1;2;0;
76;68;1;2;0;
87;14;1;2;0;
72;49;1;2;0;
19;54;1;2;0;
96;59;1;2;0;
42;99;1;2;0;
55;55;1;2;0;
34;96;1;2;0;
33;99;1;2;0;
12;36;1;2;0;
38;30;1;2;0;
92;18;1;2;0;
3;75;1;2;0;
17;77;1;2;0;
18;11;1;2;0;
74;45;1;2;0;
30;12;1;2;0;
10;2;1;2;0;
60;80;1;2;0;
7;56;1;2;0;
39;1;1;2;0;
6;45;1;2;0;
55;91;1;2;0;
40;39;1;2;0;
41;4;1;2;0;
74;78;1;2;0;
85;17;1;2;0;
47;87;1;2;0;
91;63;1;2;0;
63;60;1;2;0;
25;36;1;2;0;
4;54;1;2;0;
48;13;1;2;1405;
7;45;1;2;37;
14;83;1;2;1479;
71;27;1;2;1708;
13;19;1;2;1118;
53;22;1;2;1604;
82;6;1;2;899;
28;92;1;2;213;
42;6;1;2;980;
66;41;1;2;2193;
20;88;1;2;2303;
26;47;1;2;1769;
91;60;1;2;834;
4;83;1;2;2090;
75;95;1;2;668;
84;48;1;2;739;
67;29;1;2;480;
18;9;1;2;992;
59;50;1;2;2291;
12;68;1;2;23;
21;87;1;2;927;
42;64;1;2;185;
59;55;1;2;899;
58;10;1;2;537;
83;85;1;2;960;
79;68;1;2;758;
95;34;1;2;420;
69;51;1;2;434;
85;62;1;2;2186;
7;73;1;2;165;
69;45;1;2;2295;
70;86;1;2;2479;
70;96;1;2;755;
29;5;1;2;1105;
70;88;1;2;236;
5;18;1;2;1771;
92;64;1;2;2309;
7;32;1;2;250;
82;17;1;2;814;
6;75;1;2;2478;
50;43;1;2;2437;
79;64;1;2;491;
72;33;1;2;918;
71;61;1;2;2047;
28;30;1;2;970;
20;87;1;2;856;
32;30;1;2;2449;
78;36;1;2;1222;
74;69;1;2;676;
35;26;1;2;601;
0;1;18;18;
1;1;25;125;
2;1;5;205;
3;1;46;346;
4;1;4;404;
5;1;19;519;
6;1;12;612;
7;1;27;727;
8;1;3;803;
9;1;23;923;
10;1;48;1048;
11;1;14;1114;
12;1;40;1240;
13;1;27;1327;
14;1;45;1445;
15;1;45;1545;
16;1;48;1648;
17;1;33;1733;
18;1;18;1818;
19;1;30;1930;
