****0****
100
84;37;1;2;0;
67;52;1;2;0;
30;37;1;2;0;
82;84;1;2;0;
65;100;1;2;0;
41;59;1;2;0;
38;45;1;2;0;
25;21;1;2;0;
98;16;1;2;0;
62;100;1;2;0;
53;86;1;2;0;
53;97;1;2;0;
97;71;1;2;0;
29;58;1;2;0;
55;26;1;2;0;
4;90;1;2;0;
63;71;1;2;0;
93;44;1;2;0;
59;75;1;2;0;
80;23;1;2;0;
26;20;1;2;0;
33;63;1;2;0;
16;9;1;2;0;
83;14;1;2;0;
25;97;1;2;0;
65;29;1;2;0;
34;17;1;2;0;
25;30;1;2;0;
39;53;1;2;0;
39;93;1;2;0;
31;43;1;2;0;
82;45;1;2;0;
65;27;1;2;0;
88;23;1;2;0;
53;67;1;2;0;
98;78;1;2;0;
38;30;1;2;0;
40;54;1;2;0;
39;22;1;2;0;
19;15;1;2;0;
70;83;1;2;0;
43;3;1;2;0;
51;19;1;2;0;
85;89;1;2;0;
23;23;1;2;0;
81;53;1;2;0;
65;14;1;2;0;
97;81;1;2;0;
40;37;1;2;0;
56;92;1;2;0;
55;53;1;2;593;
93;34;1;2;1733;
98;24;1;2;1946;
16;38;1;2;1118;
50;32;1;2;1148;
100;50;1;2;1796;
40;73;1;2;2459;
72;25;1;2;1743;
37;74;1;2;497;
29;10;1;2;2253;
72;64;1;2;482;
93;8;1;2;1803;
52;57;1;2;328;
85;24;1;2;1133;
88;73;1;2;2403;
45;24;1;2;1544;
86;15;1;2;2324;
1;86;1;2;2147;
81;23;1;2;2193;
42;3;1;2;1560;
57;74;1;2;1890;
77;66;1;2;2001;
82;18;1;2;2159;
58;54;1;2;1145;
76;93;1;2;1933;
26;37;1;2;152;
25;74;1;2;2056;
48;75;1;2;1522;
95;7;1;2;1753;
68;48;1;2;2012;
1;57;1;2;450;
50;85;1;2;158;
7;66;1;2;374;
20;75;1;2;541;
56;51;1;2;1778;
69;76;1;2;235;
6;52;1;2;209;
57;99;1;2;1658;
45;45;1;2;1327;
8;64;1;2;2213;
20;17;1;2;1569;
58;66;1;2;2378;
14;72;1;2;1445;
86;91;1;2;1598;
64;99;1;2;1472;
83;67;1;2;970;
42;24;1;2;1636;
74;80;1;2;796;
33;77;1;2;595;
98;84;1;2;731;
0;1;10;10;
1;1;5;105;
2;1;3;203;
3;1;33;333;
4;1;13;413;
5;1;18;518;
6;1;39;639;
7;1;28;728;
8;1;40;840;
9;1;11;911;
10;1;15;1015;
11;1;32;1132;
12;1;9;1209;
13;1;29;1329;
14;1;32;1432;
15;1;7;1507;
16;1;13;1613;
17;1;49;1749;
18;1;32;1832;
19;1;4;1904;
