****17****
100
78;19;1;2;0;
89;17;1;2;0;
85;7;1;2;0;
4;80;1;2;0;
95;62;1;2;0;
27;25;1;2;0;
97;43;1;2;0;
43;35;1;2;0;
68;15;1;2;0;
26;76;1;2;0;
2;79;1;2;0;
81;54;1;2;0;
95;3;1;2;0;
71;80;1;2;0;
51;95;1;2;0;
50;81;1;2;0;
65;38;1;2;0;
97;50;1;2;0;
96;52;1;2;0;
29;42;1;2;0;
13;7;1;2;0;
66;62;1;2;0;
2;9;1;2;0;
96;69;1;2;0;
23;73;1;2;0;
44;76;1;2;0;
51;76;1;2;0;
82;97;1;2;0;
78;52;1;2;0;
76;81;1;2;0;
46;25;1;2;0;
13;63;1;2;0;
14;61;1;2;0;
12;9;1;2;0;
64;92;1;2;0;
51;28;1;2;0;
98;16;1;2;0;
89;99;1;2;0;
76;36;1;2;0;
19;50;1;2;0;
8;14;1;2;0;
26;10;1;2;0;
41;7;1;2;0;
6;71;1;2;0;
10;82;1;2;0;
3;8;1;2;0;
58;15;1;2;0;
70;72;1;2;0;
27;81;1;2;0;
32;90;1;2;0;
24;34;1;2;298;
21;2;1;2;2154;
72;77;1;2;708;
42;27;1;2;782;
56;4;1;2;1103;
48;62;1;2;1502;
18;23;1;2;2496;
20;30;1;2;651;
86;99;1;2;2414;
12;31;1;2;1531;
1;54;1;2;1101;
70;27;1;2;178;
27;98;1;2;1016;
19;39;1;2;594;
19;46;1;2;81;
81;94;1;2;1144;
48;11;1;2;1973;
96;83;1;2;465;
53;68;1;2;1717;
82;32;1;2;1925;
94;84;1;2;1266;
87;53;1;2;729;
86;79;1;2;2117;
9;98;1;2;111;
62;68;1;2;1170;
18;48;1;2;455;
87;95;1;2;292;
78;42;1;2;142;
51;47;1;2;2121;
23;28;1;2;2012;
25;21;1;2;1613;
32;59;1;2;1223;
18;44;1;2;501;
100;4;1;2;150;
21;65;1;2;956;
40;34;1;2;1525;
3;72;1;2;856;
77;2;1;2;1449;
85;52;1;2;1453;
13;74;1;2;782;
71;50;1;2;971;
13;34;1;2;618;
60;51;1;2;2408;
85;50;1;2;2351;
59;23;1;2;1047;
100;14;1;2;1074;
89;16;1;2;1083;
77;45;1;2;543;
6;29;1;2;2422;
33;41;1;2;938;
0;1;35;35;
1;1;14;114;
2;1;33;233;
3;1;11;311;
4;1;26;426;
5;1;16;516;
6;1;43;643;
7;1;37;737;
8;1;16;816;
9;1;21;921;
10;1;23;1023;
11;1;18;1118;
12;1;5;1205;
13;1;31;1331;
14;1;42;1442;
15;1;3;1503;
16;1;33;1633;
17;1;5;1705;
18;1;34;1834;
19;1;23;1923;
