****11****
100
55;31;1;2;0;
70;79;1;2;0;
19;100;1;2;0;
74;39;1;2;0;
96;48;1;2;0;
23;9;1;2;0;
46;76;1;2;0;
29;72;1;2;0;
65;55;1;2;0;
97;93;1;2;0;
56;75;1;2;0;
83;55;1;2;0;
88;8;1;2;0;
4;60;1;2;0;
34;83;1;2;0;
20;40;1;2;0;
13;42;1;2;0;
71;84;1;2;0;
41;44;1;2;0;
22;88;1;2;0;
91;45;1;2;0;
96;88;1;2;0;
72;76;1;2;0;
59;89;1;2;0;
82;55;1;2;0;
81;38;1;2;0;
81;16;1;2;0;
92;21;1;2;0;
75;47;1;2;0;
80;60;1;2;0;
30;52;1;2;0;
100;42;1;2;0;
93;70;1;2;0;
25;85;1;2;0;
13;99;1;2;0;
72;55;1;2;0;
95;19;1;2;0;
42;66;1;2;0;
46;100;1;2;0;
54;27;1;2;0;
6;87;1;2;0;
64;87;1;2;0;
54;55;1;2;0;
59;28;1;2;0;
54;38;1;2;0;
87;83;1;2;0;
41;38;1;2;0;
76;85;1;2;0;
59;53;1;2;0;
69;23;1;2;0;
51;92;1;2;1940;
97;62;1;2;423;
62;7;1;2;2060;
68;34;1;2;1574;
54;49;1;2;382;
59;56;1;2;1455;
86;9;1;2;493;
24;91;1;2;267;
14;18;1;2;614;
72;70;1;2;381;
95;20;1;2;1898;
23;16;1;2;633;
93;30;1;2;1934;
13;97;1;2;1876;
91;2;1;2;1870;
7;60;1;2;2058;
81;97;1;2;775;
93;72;1;2;2054;
97;85;1;2;941;
85;9;1;2;1458;
94;55;1;2;414;
47;77;1;2;1294;
61;21;1;2;1698;
33;34;1;2;1233;
91;76;1;2;722;
97;83;1;2;1930;
58;63;1;2;218;
27;7;1;2;1131;
90;3;1;2;1255;
18;40;1;2;2320;
16;85;1;2;968;
86;31;1;2;1644;
23;91;1;2;2270;
89;76;1;2;2406;
3;66;1;2;1125;
18;14;1;2;1315;
44;71;1;2;1930;
18;49;1;2;961;
63;38;1;2;1182;
45;7;1;2;703;
87;23;1;2;2410;
31;60;1;2;700;
4;82;1;2;1208;
49;70;1;2;870;
79;72;1;2;1562;
32;41;1;2;154;
72;36;1;2;1207;
74;53;1;2;494;
82;67;1;2;67;
97;64;1;2;872;
0;1;49;49;
1;1;50;150;
2;1;7;207;
3;1;38;338;
4;1;31;431;
5;1;16;516;
6;1;7;607;
7;1;36;736;
8;1;49;849;
9;1;16;916;
10;1;36;1036;
11;1;20;1120;
12;1;5;1205;
13;1;14;1314;
14;1;43;1443;
15;1;8;1508;
16;1;47;1647;
17;1;33;1733;
18;1;27;1827;
19;1;18;1918;
