****7****
100
22;53;1;2;0;
41;94;1;2;0;
41;18;1;2;0;
92;95;1;2;0;
75;74;1;2;0;
73;68;1;2;0;
56;78;1;2;0;
71;52;1;2;0;
39;65;1;2;0;
22;4;1;2;0;
29;59;1;2;0;
93;82;1;2;0;
88;26;1;2;0;
89;48;1;2;0;
8;60;1;2;0;
71;29;1;2;0;
12;63;1;2;0;
75;4;1;2;0;
81;18;1;2;0;
51;7;1;2;0;
44;23;1;2;0;
75;51;1;2;0;
53;97;1;2;0;
2;43;1;2;0;
14;23;1;2;0;
46;42;1;2;0;
81;39;1;2;0;
23;21;1;2;0;
16;12;1;2;0;
68;23;1;2;0;
23;90;1;2;0;
3;87;1;2;0;
53;77;1;2;0;
42;85;1;2;0;
95;92;1;2;0;
91;90;1;2;0;
67;17;1;2;0;
40;19;1;2;0;
14;41;1;2;0;
61;79;1;2;0;
16;58;1;2;0;
20;48;1;2;0;
96;95;1;2;0;
68;63;1;2;0;
58;36;1;2;0;
85;80;1;2;0;
77;88;1;2;0;
66;29;1;2;0;
16;8;1;2;0;
65;62;1;2;0;
51;8;1;2;1251;
17;24;1;2;2192;
35;89;1;2;1345;
47;67;1;2;2320;
5;39;1;2;928;
52;33;1;2;1891;
15;90;1;2;2343;
51;21;1;2;1601;
90;39;1;2;1989;
6;46;1;2;1892;
67;48;1;2;1425;
70;65;1;2;1819;
11;51;1;2;1014;
93;98;1;2;2377;
90;54;1;2;2076;
35;5;1;2;1817;
99;71;1;2;485;
98;22;1;2;1471;
25;11;1;2;329;
81;68;1;2;62;
54;87;1;2;553;
33;56;1;2;1508;
36;66;1;2;1161;
80;59;1;2;1865;
42;48;1;2;1349;
42;34;1;2;14;
74;32;1;2;608;
99;81;1;2;764;
92;6;1;2;1790;
28;38;1;2;1509;
8;43;1;2;564;
36;76;1;2;206;
80;63;1;2;131;
27;42;1;2;1681;
70;35;1;2;2172;
67;76;1;2;39;
20;49;1;2;2169;
43;47;1;2;907;
88;91;1;2;356;
47;18;1;2;4;
21;77;1;2;1745;
34;13;1;2;2003;
1;44;1;2;98;
34;70;1;2;2050;
77;40;1;2;230;
20;58;1;2;1722;
96;77;1;2;834;
55;19;1;2;560;
95;58;1;2;2370;
40;4;1;2;1592;
0;1;25;25;
1;1;27;127;
2;1;5;205;
3;1;2;302;
4;1;10;410;
5;1;19;519;
6;1;6;606;
7;1;10;710;
8;1;13;813;
9;1;22;922;
10;1;46;1046;
11;1;34;1134;
12;1;32;1232;
13;1;22;1322;
14;1;23;1423;
15;1;27;1527;
16;1;43;1643;
17;1;30;1730;
18;1;47;1847;
19;1;38;1938;
