****5****
100
9;46;1;2;0;
63;72;1;2;0;
9;83;1;2;0;
57;94;1;2;0;
89;29;1;2;0;
80;14;1;2;0;
7;71;1;2;0;
69;81;1;2;0;
11;33;1;2;0;
22;12;1;2;0;
48;10;1;2;0;
56;64;1;2;0;
38;95;1;2;0;
56;43;1;2;0;
89;64;1;2;0;
90;49;1;2;0;
10;4;1;2;0;
72;70;1;2;0;
86;80;1;2;0;
63;26;1;2;0;
8;95;1;2;0;
91;14;1;2;0;
17;60;1;2;0;
47;27;1;2;0;
92;20;1;2;0;
90;91;1;2;0;
30;46;1;2;0;
6;19;1;2;0;
40;61;1;2;0;
61;80;1;2;0;
24;2;1;2;0;
80;33;1;2;0;
57;51;1;2;0;
54;43;1;2;0;
30;17;1;2;0;
68;37;1;2;0;
11;11;1;2;0;
3;27;1;2;0;
70;49;1;2;0;
6;13;1;2;0;
68;95;1;2;0;
3;49;1;2;0;
92;60;1;2;0;
67;83;1;2;0;
20;79;1;2;0;
62;95;1;2;0;
32;41;1;2;0;
80;89;1;2;0;
91;33;1;2;0;
83;72;1;2;0;
1;2;1;2;2149;
11;12;1;2;616;
90;81;1;2;85;
95;45;1;2;2008;
41;99;1;2;2156;
33;58;1;2;332;
67;29;1;2;1731;
29;76;1;2;18;
21;7;1;2;461;
12;39;1;2;874;
83;92;1;2;1886;
43;2;1;2;2031;
57;43;1;2;2099;
19;89;1;2;1729;
1;30;1;2;1066;
31;14;1;2;1044;
31;80;1;2;931;
58;60;1;2;2353;
21;81;1;2;2165;
19;44;1;2;466;
52;78;1;2;2023;
86;73;1;2;1757;
31;29;1;2;174;
57;48;1;2;1787;
32;100;1;2;1520;
57;82;1;2;580;
39;12;1;2;920;
2;22;1;2;2220;
40;42;1;2;269;
84;12;1;2;655;
19;63;1;2;218;
96;48;1;2;1106;
75;79;1;2;1436;
97;87;1;2;1294;
59;70;1;2;186;
2;26;1;2;272;
10;65;1;2;1882;
97;66;1;2;1746;
96;58;1;2;2387;
27;93;1;2;1764;
1;11;1;2;752;
53;59;1;2;1243;
76;33;1;2;263;
28;81;1;2;2416;
31;39;1;2;1934;
33;92;1;2;2378;
16;1;1;2;2295;
63;50;1;2;119;
82;97;1;2;701;
43;24;1;2;1206;
0;1;15;15;
1;1;26;126;
2;1;40;240;
3;1;1;301;
4;1;28;428;
5;1;48;548;
6;1;35;635;
7;1;4;704;
8;1;32;832;
9;1;47;947;
10;1;33;1033;
11;1;13;1113;
12;1;48;1248;
13;1;16;1316;
14;1;3;1403;
15;1;18;1518;
16;1;48;1648;
17;1;47;1747;
18;1;15;1815;
19;1;16;1916;
