****16****
100
87;66;1;2;0;
60;62;1;2;0;
21;100;1;2;0;
70;78;1;2;0;
97;29;1;2;0;
57;89;1;2;0;
50;11;1;2;0;
56;100;1;2;0;
16;71;1;2;0;
4;36;1;2;0;
37;15;1;2;0;
67;11;1;2;0;
25;68;1;2;0;
71;16;1;2;0;
93;80;1;2;0;
90;79;1;2;0;
98;1;1;2;0;
40;18;1;2;0;
100;62;1;2;0;
47;49;1;2;0;
90;55;1;2;0;
37;92;1;2;0;
17;92;1;2;0;
91;33;1;2;0;
14;46;1;2;0;
68;3;1;2;0;
13;86;1;2;0;
13;89;1;2;0;
53;83;1;2;0;
4;45;1;2;0;
14;45;1;2;0;
75;11;1;2;0;
45;67;1;2;0;
80;97;1;2;0;
28;78;1;2;0;
45;17;1;2;0;
84;81;1;2;0;
8;1;1;2;0;
24;51;1;2;0;
85;37;1;2;0;
48;4;1;2;0;
39;60;1;2;0;
89;3;1;2;0;
49;93;1;2;0;
37;4;1;2;0;
90;51;1;2;0;
49;64;1;2;0;
13;45;1;2;0;
82;45;1;2;0;
41;9;1;2;0;
22;85;1;2;2440;
58;17;1;2;2120;
58;92;1;2;1551;
94;81;1;2;1005;
97;71;1;2;2063;
37;74;1;2;961;
29;62;1;2;748;
70;12;1;2;790;
86;77;1;2;698;
67;21;1;2;2101;
76;94;1;2;1435;
5;51;1;2;49;
41;60;1;2;84;
28;53;1;2;1330;
62;1;1;2;570;
7;37;1;2;111;
53;18;1;2;262;
2;87;1;2;544;
3;24;1;2;1886;
96;91;1;2;1854;
34;18;1;2;465;
9;22;1;2;1158;
52;62;1;2;542;
86;41;1;2;965;
53;54;1;2;1521;
90;13;1;2;227;
52;65;1;2;1778;
75;18;1;2;2462;
62;20;1;2;2138;
25;67;1;2;1418;
60;53;1;2;2319;
41;61;1;2;2275;
24;12;1;2;911;
66;49;1;2;2279;
65;1;1;2;2382;
13;90;1;2;784;
1;41;1;2;947;
58;68;1;2;1122;
1;29;1;2;2097;
68;6;1;2;2070;
77;17;1;2;646;
3;57;1;2;1758;
2;32;1;2;459;
63;50;1;2;1833;
64;14;1;2;2214;
18;78;1;2;2166;
85;30;1;2;1808;
67;87;1;2;1399;
19;88;1;2;1485;
89;7;1;2;1454;
0;1;28;28;
1;1;34;134;
2;1;15;215;
3;1;19;319;
4;1;38;438;
5;1;23;523;
6;1;22;622;
7;1;40;740;
8;1;7;807;
9;1;38;938;
10;1;2;1002;
11;1;6;1106;
12;1;1;1201;
13;1;17;1317;
14;1;21;1421;
15;1;18;1518;
16;1;34;1634;
17;1;49;1749;
18;1;22;1822;
19;1;20;1920;
