****1****
100
74;60;1;2;0;
79;6;1;2;0;
86;11;1;2;0;
82;56;1;2;0;
8;65;1;2;0;
94;70;1;2;0;
19;96;1;2;0;
52;83;1;2;0;
16;90;1;2;0;
12;7;1;2;0;
2;27;1;2;0;
88;10;1;2;0;
5;20;1;2;0;
16;17;1;2;0;
70;99;1;2;0;
22;43;1;2;0;
58;100;1;2;0;
48;95;1;2;0;
63;29;1;2;0;
51;70;1;2;0;
45;96;1;2;0;
91;16;1;2;0;
92;94;1;2;0;
50;7;1;2;0;
36;14;1;2;0;
13;37;1;2;0;
40;52;1;2;0;
99;96;1;2;0;
71;14;1;2;0;
64;92;1;2;0;
65;85;1;2;0;
35;74;1;2;0;
36;34;1;2;0;
69;98;1;2;0;
15;71;1;2;0;
20;11;1;2;0;
66;10;1;2;0;
26;9;1;2;0;
56;28;1;2;0;
15;91;1;2;0;
41;79;1;2;0;
79;32;1;2;0;
83;77;1;2;0;
27;53;1;2;0;
43;90;1;2;0;
45;7;1;2;0;
26;31;1;2;0;
80;61;1;2;0;
64;100;1;2;0;
11;78;1;2;0;
70;30;1;2;1691;
36;91;1;2;866;
44;46;1;2;1092;
11;88;1;2;585;
41;67;1;2;1530;
23;43;1;2;127;
28;85;1;2;925;
72;43;1;2;1373;
54;75;1;2;1609;
69;74;1;2;879;
99;96;1;2;310;
39;31;1;2;380;
56;26;1;2;2466;
1;88;1;2;255;
37;29;1;2;136;
5;51;1;2;653;
50;78;1;2;944;
85;1;1;2;163;
96;6;1;2;1015;
68;75;1;2;1610;
50;73;1;2;394;
13;11;1;2;1819;
67;18;1;2;2286;
18;18;1;2;2133;
4;7;1;2;334;
9;63;1;2;1397;
56;12;1;2;610;
91;48;1;2;2341;
69;96;1;2;2134;
73;63;1;2;1778;
3;65;1;2;1083;
27;29;1;2;1740;
34;95;1;2;2117;
66;12;1;2;804;
37;68;1;2;891;
37;76;1;2;1407;
87;83;1;2;2482;
66;25;1;2;38;
46;94;1;2;452;
84;18;1;2;333;
43;20;1;2;559;
79;99;1;2;1440;
24;32;1;2;859;
87;49;1;2;1284;
20;85;1;2;469;
58;73;1;2;1055;
59;11;1;2;1194;
71;77;1;2;1831;
34;74;1;2;627;
93;57;1;2;1104;
0;1;14;14;
1;1;2;102;
2;1;9;209;
3;1;1;301;
4;1;30;430;
5;1;7;507;
6;1;16;616;
7;1;3;703;
8;1;40;840;
9;1;28;928;
10;1;42;1042;
11;1;38;1138;
12;1;4;1204;
13;1;11;1311;
14;1;24;1424;
15;1;46;1546;
16;1;18;1618;
17;1;49;1749;
18;1;14;1814;
19;1;28;1928;
