****13****
100
49;51;1;2;0;
48;62;1;2;0;
88;69;1;2;0;
10;82;1;2;0;
5;88;1;2;0;
68;48;1;2;0;
96;48;1;2;0;
29;8;1;2;0;
67;27;1;2;0;
37;56;1;2;0;
46;36;1;2;0;
70;33;1;2;0;
84;61;1;2;0;
18;4;1;2;0;
50;32;1;2;0;
35;50;1;2;0;
34;82;1;2;0;
11;21;1;2;0;
2;21;1;2;0;
2;58;1;2;0;
60;22;1;2;0;
5;56;1;2;0;
69;86;1;2;0;
15;88;1;2;0;
12;51;1;2;0;
43;10;1;2;0;
38;64;1;2;0;
42;74;1;2;0;
25;11;1;2;0;
29;74;1;2;0;
94;63;1;2;0;
23;27;1;2;0;
96;85;1;2;0;
47;97;1;2;0;
57;100;1;2;0;
55;17;1;2;0;
21;11;1;2;0;
72;42;1;2;0;
48;38;1;2;0;
29;12;1;2;0;
89;23;1;2;0;
21;78;1;2;0;
87;14;1;2;0;
51;11;1;2;0;
24;79;1;2;0;
36;69;1;2;0;
93;58;1;2;0;
95;88;1;2;0;
42;93;1;2;0;
37;51;1;2;0;
92;43;1;2;345;
65;53;1;2;1658;
6;53;1;2;1762;
86;64;1;2;2014;
8;84;1;2;1512;
94;97;1;2;89;
56;72;1;2;812;
91;40;1;2;1896;
100;86;1;2;2077;
42;78;1;2;1384;
44;21;1;2;1510;
10;85;1;2;784;
99;90;1;2;22;
77;75;1;2;260;
44;35;1;2;2145;
88;80;1;2;2055;
82;36;1;2;144;
7;78;1;2;1556;
25;78;1;2;588;
30;71;1;2;2067;
23;14;1;2;2492;
58;75;1;2;2097;
97;73;1;2;480;
89;1;1;2;2048;
95;44;1;2;334;
33;31;1;2;210;
18;65;1;2;1358;
27;23;1;2;2111;
74;47;1;2;1596;
7;28;1;2;1349;
16;2;1;2;1031;
46;11;1;2;989;
13;8;1;2;380;
69;48;1;2;967;
51;42;1;2;2266;
68;26;1;2;787;
64;96;1;2;1620;
47;22;1;2;581;
7;95;1;2;2065;
45;1;1;2;650;
52;69;1;2;223;
25;66;1;2;2290;
19;78;1;2;134;
90;46;1;2;1284;
61;97;1;2;997;
75;64;1;2;1417;
72;79;1;2;2104;
85;25;1;2;699;
21;31;1;2;1262;
55;27;1;2;1881;
0;1;18;18;
1;1;29;129;
2;1;38;238;
3;1;33;333;
4;1;5;405;
5;1;4;504;
6;1;9;609;
7;1;25;725;
8;1;31;831;
9;1;43;943;
10;1;14;1014;
11;1;29;1129;
12;1;25;1225;
13;1;26;1326;
14;1;25;1425;
15;1;2;1502;
16;1;3;1603;
17;1;40;1740;
18;1;4;1804;
19;1;26;1926;
