****9****
100
62;95;1;2;0;
56;92;1;2;0;
46;38;1;2;0;
92;39;1;2;0;
4;54;1;2;0;
10;1;1;2;0;
26;65;1;2;0;
95;16;1;2;0;
99;99;1;2;0;
43;5;1;2;0;
25;54;1;2;0;
36;26;1;2;0;
51;42;1;2;0;
33;80;1;2;0;
15;18;1;2;0;
11;77;1;2;0;
64;18;1;2;0;
20;10;1;2;0;
7;11;1;2;0;
100;11;1;2;0;
16;9;1;2;0;
11;41;1;2;0;
74;57;1;2;0;
56;72;1;2;0;
7;51;1;2;0;
28;31;1;2;0;
56;15;1;2;0;
8;58;1;2;0;
57;41;1;2;0;
38;71;1;2;0;
10;100;1;2;0;
99;26;1;2;0;
17;18;1;2;0;
35;23;1;2;0;
80;86;1;2;0;
85;47;1;2;0;
94;95;1;2;0;
87;19;1;2;0;
3;95;1;2;0;
42;61;1;2;0;
97;22;1;2;0;
44;52;1;2;0;
36;51;1;2;0;
9;44;1;2;0;
43;98;1;2;0;
15;5;1;2;0;
97;65;1;2;0;
30;65;1;2;0;
35;16;1;2;0;
40;14;1;2;0;
53;24;1;2;773;
98;71;1;2;181;
17;73;1;2;1577;
10;34;1;2;724;
83;77;1;2;1650;
19;79;1;2;897;
14;74;1;2;436;
28;78;1;2;717;
93;59;1;2;1075;
27;26;1;2;1080;
92;78;1;2;441;
4;75;1;2;351;
55;43;1;2;2404;
99;5;1;2;829;
40;87;1;2;1801;
31;57;1;2;803;
83;71;1;2;285;
33;50;1;2;543;
79;94;1;2;1680;
41;72;1;2;2151;
95;64;1;2;2488;
20;19;1;2;1361;
67;73;1;2;1162;
38;72;1;2;1851;
95;63;1;2;1377;
79;45;1;2;1520;
94;28;1;2;874;
82;60;1;2;513;
99;90;1;2;1759;
74;82;1;2;1541;
78;76;1;2;1899;
59;47;1;2;1113;
15;65;1;2;1860;
65;3;1;2;721;
71;49;1;2;919;
63;79;1;2;1606;
12;73;1;2;1179;
31;54;1;2;75;
52;53;1;2;1514;
66;26;1;2;1569;
51;4;1;2;1326;
52;14;1;2;1222;
71;28;1;2;1612;
14;44;1;2;2400;
29;14;1;2;1917;
57;77;1;2;1964;
30;40;1;2;846;
30;71;1;2;1351;
93;74;1;2;1522;
45;39;1;2;540;
0;1;29;29;
1;1;41;141;
2;1;15;215;
3;1;42;342;
4;1;42;442;
5;1;29;529;
6;1;49;649;
7;1;14;714;
8;1;8;808;
9;1;23;923;
10;1;28;1028;
11;1;2;1102;
12;1;49;1249;
13;1;6;1306;
14;1;17;1417;
15;1;27;1527;
16;1;14;1614;
17;1;45;1745;
18;1;32;1832;
19;1;44;1944;
