****19****
100
43;67;1;2;0;
45;90;1;2;0;
70;96;1;2;0;
47;29;1;2;0;
12;66;1;2;0;
68;75;1;2;0;
83;79;1;2;0;
15;35;1;2;0;
37;39;1;2;0;
53;97;1;2;0;
94;31;1;2;0;
26;87;1;2;0;
80;96;1;2;0;
93;13;1;2;0;
17;44;1;2;0;
63;59;1;2;0;
62;8;1;2;0;
48;83;1;2;0;
3;95;1;2;0;
11;66;1;2;0;
12;79;1;2;0;
41;95;1;2;0;
57;7;1;2;0;
29;45;1;2;0;
46;34;1;2;0;
41;91;1;2;0;
64;18;1;2;0;
77;95;1;2;0;
14;21;1;2;0;
7;30;1;2;0;
16;69;1;2;0;
40;30;1;2;0;
28;40;1;2;0;
12;83;1;2;0;
34;23;1;2;0;
48;97;1;2;0;
1;40;1;2;0;
91;57;1;2;0;
47;72;1;2;0;
54;44;1;2;0;
57;94;1;2;0;
34;20;1;2;0;
12;62;1;2;0;
66;77;1;2;0;
82;72;1;2;0;
58;49;1;2;0;
92;97;1;2;0;
78;72;1;2;0;
36;90;1;2;0;
54;21;1;2;0;
12;53;1;2;2104;
64;93;1;2;2386;
72;39;1;2;1234;
25;34;1;2;2058;
19;67;1;2;1070;
82;28;1;2;1908;
58;61;1;2;465;
15;61;1;2;2156;
63;39;1;2;1542;
99;28;1;2;585;
19;91;1;2;151;
88;54;1;2;1323;
48;25;1;2;1496;
30;2;1;2;2275;
69;72;1;2;318;
78;53;1;2;1287;
53;62;1;2;1848;
50;28;1;2;2152;
91;90;1;2;1039;
3;88;1;2;2211;
68;59;1;2;1171;
38;46;1;2;541;
99;45;1;2;1492;
51;75;1;2;1993;
35;95;1;2;432;
38;72;1;2;1165;
67;76;1;2;1716;
61;26;1;2;1370;
63;68;1;2;629;
55;71;1;2;698;
74;38;1;2;616;
35;27;1;2;2485;
49;78;1;2;1187;
39;28;1;2;463;
83;14;1;2;2369;
45;51;1;2;477;
64;70;1;2;1696;
91;30;1;2;1491;
98;44;1;2;2020;
94;98;1;2;2325;
29;71;1;2;492;
75;5;1;2;1676;
66;5;1;2;2201;
53;43;1;2;1059;
67;25;1;2;531;
74;22;1;2;935;
53;85;1;2;1056;
12;27;1;2;246;
95;76;1;2;655;
46;21;1;2;825;
0;1;17;17;
1;1;50;150;
2;1;24;224;
3;1;28;328;
4;1;26;426;
5;1;30;530;
6;1;17;617;
7;1;41;741;
8;1;34;834;
9;1;33;933;
10;1;45;1045;
11;1;28;1128;
12;1;28;1228;
13;1;11;1311;
14;1;5;1405;
15;1;38;1538;
16;1;35;1635;
17;1;26;1726;
18;1;49;1849;
19;1;39;1939;
