****13****
100
609;894;1;2;0;
525;92;1;2;0;
732;699;1;2;0;
465;18;1;2;0;
400;738;1;2;0;
651;764;1;2;0;
825;657;1;2;0;
422;432;1;2;0;
48;683;1;2;0;
788;512;1;2;0;
703;692;1;2;0;
299;281;1;2;0;
302;877;1;2;0;
394;884;1;2;0;
983;363;1;2;0;
975;591;1;2;0;
257;851;1;2;0;
34;340;1;2;0;
549;850;1;2;0;
709;300;1;2;0;
588;712;1;2;0;
63;764;1;2;0;
368;484;1;2;0;
195;767;1;2;0;
166;334;1;2;0;
279;220;1;2;0;
25;577;1;2;0;
853;327;1;2;0;
805;246;1;2;0;
562;787;1;2;0;
960;888;1;2;0;
729;568;1;2;0;
738;762;1;2;0;
260;638;1;2;0;
964;968;1;2;0;
937;551;1;2;0;
679;351;1;2;0;
314;399;1;2;0;
834;861;1;2;0;
165;352;1;2;0;
194;443;1;2;0;
923;219;1;2;0;
371;775;1;2;0;
897;175;1;2;0;
20;810;1;2;0;
313;980;1;2;0;
697;41;1;2;0;
547;434;1;2;0;
155;158;1;2;0;
423;118;1;2;0;
126;359;1;2;1505;
156;709;1;2;17175;
554;894;1;2;2640;
719;597;1;2;21238;
513;520;1;2;1205;
236;294;1;2;20597;
762;666;1;2;2762;
75;997;1;2;8592;
115;895;1;2;1615;
621;53;1;2;10144;
738;530;1;2;12957;
109;685;1;2;22540;
794;591;1;2;5190;
690;661;1;2;8747;
780;173;1;2;5775;
440;408;1;2;10629;
348;522;1;2;6954;
65;596;1;2;18761;
478;62;1;2;14192;
676;683;1;2;17550;
296;772;1;2;8765;
626;881;1;2;9113;
312;26;1;2;7112;
596;715;1;2;23306;
124;495;1;2;1809;
523;286;1;2;18977;
215;634;1;2;9358;
277;698;1;2;4935;
982;528;1;2;15983;
286;203;1;2;13160;
642;851;1;2;1342;
527;476;1;2;11532;
97;140;1;2;8655;
608;735;1;2;22601;
780;210;1;2;1852;
124;732;1;2;20368;
579;298;1;2;991;
204;574;1;2;981;
775;908;1;2;1680;
760;193;1;2;6951;
427;835;1;2;1938;
866;361;1;2;22351;
536;809;1;2;22470;
232;769;1;2;2990;
994;548;1;2;4403;
250;23;1;2;2987;
791;601;1;2;16115;
318;156;1;2;21246;
894;283;1;2;18883;
997;42;1;2;18722;
0;1;302;269;
1;1;361;262;
2;1;186;272;
3;1;145;273;
4;1;382;269;
5;1;304;300;
6;1;179;299;
7;1;197;298;
8;1;398;271;
9;1;300;289;
10;1;172;299;
11;1;358;279;
12;1;24;251;
13;1;461;256;
14;1;247;255;
15;1;33;300;
16;1;323;293;
17;1;61;260;
18;1;466;257;
19;1;432;298;
