****3****
100
789;315;1;2;0;
944;601;1;2;0;
554;728;1;2;0;
986;335;1;2;0;
869;817;1;2;0;
866;653;1;2;0;
888;418;1;2;0;
298;115;1;2;0;
416;585;1;2;0;
723;212;1;2;0;
557;804;1;2;0;
344;733;1;2;0;
148;152;1;2;0;
836;743;1;2;0;
191;959;1;2;0;
836;980;1;2;0;
273;132;1;2;0;
932;179;1;2;0;
859;918;1;2;0;
513;79;1;2;0;
86;731;1;2;0;
83;973;1;2;0;
500;732;1;2;0;
439;915;1;2;0;
317;514;1;2;0;
478;225;1;2;0;
317;174;1;2;0;
957;816;1;2;0;
325;792;1;2;0;
558;868;1;2;0;
102;394;1;2;0;
847;727;1;2;0;
525;778;1;2;0;
905;735;1;2;0;
47;769;1;2;0;
165;132;1;2;0;
851;247;1;2;0;
456;351;1;2;0;
979;247;1;2;0;
617;647;1;2;0;
760;95;1;2;0;
871;428;1;2;0;
620;827;1;2;0;
244;944;1;2;0;
971;153;1;2;0;
163;424;1;2;0;
898;361;1;2;0;
150;774;1;2;0;
139;406;1;2;0;
508;537;1;2;0;
527;24;1;2;8528;
377;271;1;2;19407;
727;601;1;2;5516;
344;247;1;2;6545;
790;469;1;2;14693;
409;295;1;2;6406;
704;617;1;2;5822;
867;41;1;2;22316;
227;542;1;2;15467;
717;300;1;2;21711;
254;826;1;2;11566;
274;202;1;2;6878;
101;281;1;2;8726;
175;624;1;2;13155;
7;765;1;2;2247;
619;173;1;2;6144;
474;228;1;2;18474;
834;94;1;2;19736;
739;673;1;2;19495;
769;741;1;2;17068;
307;346;1;2;16264;
221;971;1;2;10862;
404;72;1;2;4610;
188;598;1;2;10193;
569;604;1;2;14688;
419;575;1;2;13604;
915;400;1;2;14490;
27;233;1;2;24224;
884;971;1;2;758;
282;92;1;2;14686;
331;398;1;2;23618;
205;970;1;2;13331;
632;374;1;2;5479;
692;913;1;2;5579;
374;481;1;2;20176;
173;251;1;2;20706;
495;165;1;2;9079;
45;544;1;2;18365;
41;779;1;2;23128;
60;60;1;2;13833;
820;390;1;2;14439;
926;946;1;2;11513;
2;577;1;2;11932;
501;268;1;2;1670;
597;994;1;2;21131;
648;518;1;2;20314;
274;12;1;2;9857;
651;409;1;2;8236;
908;449;1;2;10186;
488;860;1;2;12449;
0;1;159;280;
1;1;248;280;
2;1;457;293;
3;1;322;260;
4;1;122;285;
5;1;310;291;
6;1;112;258;
7;1;86;269;
8;1;257;253;
9;1;377;282;
10;1;467;254;
11;1;32;275;
12;1;173;292;
13;1;175;271;
14;1;131;286;
15;1;331;292;
16;1;65;279;
17;1;73;271;
18;1;123;294;
19;1;330;296;
