****15****
100
446;679;1;2;0;
138;906;1;2;0;
146;579;1;2;0;
629;668;1;2;0;
342;309;1;2;0;
764;286;1;2;0;
63;798;1;2;0;
3;749;1;2;0;
978;331;1;2;0;
740;9;1;2;0;
250;700;1;2;0;
392;534;1;2;0;
62;1;1;2;0;
168;376;1;2;0;
433;867;1;2;0;
853;231;1;2;0;
897;990;1;2;0;
488;42;1;2;0;
920;116;1;2;0;
709;262;1;2;0;
776;824;1;2;0;
547;839;1;2;0;
973;550;1;2;0;
939;951;1;2;0;
232;678;1;2;0;
311;833;1;2;0;
730;54;1;2;0;
718;791;1;2;0;
54;886;1;2;0;
518;839;1;2;0;
104;370;1;2;0;
69;1;1;2;0;
712;556;1;2;0;
394;631;1;2;0;
672;455;1;2;0;
892;447;1;2;0;
630;791;1;2;0;
637;603;1;2;0;
692;576;1;2;0;
905;923;1;2;0;
605;215;1;2;0;
108;334;1;2;0;
620;825;1;2;0;
477;673;1;2;0;
62;994;1;2;0;
863;518;1;2;0;
716;931;1;2;0;
518;427;1;2;0;
487;263;1;2;0;
409;510;1;2;0;
69;301;1;2;5977;
699;443;1;2;22709;
301;134;1;2;2067;
557;408;1;2;10234;
123;515;1;2;17379;
742;692;1;2;220;
766;753;1;2;7096;
629;270;1;2;9655;
559;139;1;2;12203;
397;402;1;2;7255;
906;470;1;2;4086;
214;520;1;2;15646;
510;172;1;2;5177;
381;728;1;2;3363;
560;202;1;2;1651;
73;943;1;2;9000;
414;61;1;2;18203;
101;689;1;2;17146;
502;599;1;2;3521;
330;348;1;2;2458;
918;605;1;2;16003;
158;170;1;2;23504;
840;679;1;2;24628;
7;411;1;2;9852;
581;971;1;2;10396;
22;395;1;2;19989;
154;161;1;2;1326;
391;261;1;2;7748;
897;762;1;2;5179;
541;443;1;2;2565;
939;712;1;2;11116;
510;869;1;2;14058;
248;60;1;2;11345;
510;66;1;2;5046;
500;647;1;2;5394;
691;20;1;2;4767;
176;174;1;2;7882;
722;564;1;2;24083;
307;460;1;2;10776;
843;352;1;2;5164;
78;642;1;2;21248;
566;151;1;2;8614;
575;751;1;2;14655;
614;260;1;2;15049;
64;759;1;2;17657;
836;449;1;2;21882;
355;977;1;2;11722;
33;698;1;2;9877;
324;356;1;2;6244;
376;199;1;2;6592;
0;1;370;278;
1;1;166;280;
2;1;193;268;
3;1;207;269;
4;1;418;297;
5;1;85;278;
6;1;300;298;
7;1;288;252;
8;1;336;289;
9;1;475;292;
10;1;65;269;
11;1;426;264;
12;1;430;299;
13;1;469;300;
14;1;124;269;
15;1;125;296;
16;1;147;290;
17;1;125;291;
18;1;310;283;
19;1;162;277;
