****19****
100
185;468;1;2;0;
942;569;1;2;0;
575;608;1;2;0;
693;370;1;2;0;
977;613;1;2;0;
993;473;1;2;0;
244;922;1;2;0;
253;146;1;2;0;
149;500;1;2;0;
792;385;1;2;0;
738;97;1;2;0;
516;657;1;2;0;
210;122;1;2;0;
484;757;1;2;0;
304;620;1;2;0;
28;840;1;2;0;
88;970;1;2;0;
408;14;1;2;0;
577;100;1;2;0;
735;905;1;2;0;
64;727;1;2;0;
729;660;1;2;0;
648;333;1;2;0;
157;149;1;2;0;
184;300;1;2;0;
885;921;1;2;0;
396;400;1;2;0;
929;606;1;2;0;
521;764;1;2;0;
362;177;1;2;0;
384;741;1;2;0;
368;823;1;2;0;
710;776;1;2;0;
188;638;1;2;0;
227;923;1;2;0;
894;643;1;2;0;
1;974;1;2;0;
654;1;1;2;0;
659;810;1;2;0;
149;842;1;2;0;
109;33;1;2;0;
115;505;1;2;0;
784;395;1;2;0;
110;657;1;2;0;
159;823;1;2;0;
833;894;1;2;0;
563;552;1;2;0;
68;625;1;2;0;
327;255;1;2;0;
262;906;1;2;0;
177;508;1;2;13298;
530;481;1;2;11875;
530;139;1;2;5289;
678;333;1;2;24347;
62;799;1;2;10670;
197;193;1;2;23098;
853;703;1;2;18869;
37;596;1;2;22737;
589;663;1;2;1707;
267;270;1;2;10603;
172;798;1;2;16994;
423;327;1;2;13282;
975;208;1;2;11734;
688;237;1;2;18507;
510;298;1;2;20540;
835;495;1;2;10840;
974;347;1;2;8844;
934;736;1;2;11910;
161;324;1;2;24909;
660;590;1;2;19734;
773;114;1;2;13335;
744;536;1;2;23060;
196;863;1;2;2231;
139;550;1;2;9157;
765;59;1;2;15458;
190;246;1;2;510;
159;219;1;2;23950;
478;504;1;2;522;
745;665;1;2;24425;
27;676;1;2;12584;
929;800;1;2;24763;
629;544;1;2;24258;
8;739;1;2;192;
242;229;1;2;5608;
64;346;1;2;17098;
536;535;1;2;24829;
502;693;1;2;24650;
167;522;1;2;10430;
566;267;1;2;9401;
641;645;1;2;23270;
657;573;1;2;10392;
786;554;1;2;15009;
154;561;1;2;2649;
385;154;1;2;7801;
517;217;1;2;3465;
707;753;1;2;10182;
143;606;1;2;13791;
148;772;1;2;23136;
9;338;1;2;2374;
886;330;1;2;24168;
0;1;439;286;
1;1;198;291;
2;1;123;253;
3;1;186;278;
4;1;163;273;
5;1;12;266;
6;1;89;278;
7;1;384;300;
8;1;235;288;
9;1;445;279;
10;1;94;284;
11;1;376;267;
12;1;445;287;
13;1;54;273;
14;1;122;285;
15;1;198;262;
16;1;72;297;
17;1;202;294;
18;1;349;289;
19;1;322;261;
