****12****
100
5;10;1;2;0;
35;41;1;2;0;
100;48;1;2;0;
5;80;1;2;0;
21;69;1;2;0;
86;78;1;2;0;
28;88;1;2;0;
96;38;1;2;0;
99;35;1;2;0;
15;21;1;2;0;
32;39;1;2;0;
98;10;1;2;0;
59;85;1;2;0;
12;38;1;2;0;
27;96;1;2;0;
20;83;1;2;0;
6;55;1;2;0;
24;57;1;2;0;
2;80;1;2;0;
36;22;1;2;0;
49;22;1;2;0;
99;76;1;2;0;
61;46;1;2;0;
66;12;1;2;0;
33;32;1;2;0;
32;16;1;2;0;
22;29;1;2;0;
25;80;1;2;0;
13;36;1;2;0;
17;92;1;2;0;
84;37;1;2;0;
26;41;1;2;0;
43;1;1;2;0;
97;44;1;2;0;
81;33;1;2;0;
18;81;1;2;0;
6;68;1;2;0;
8;66;1;2;0;
14;25;1;2;0;
77;98;1;2;0;
56;60;1;2;0;
13;77;1;2;0;
41;38;1;2;0;
56;5;1;2;0;
25;25;1;2;0;
48;8;1;2;0;
61;74;1;2;0;
48;3;1;2;0;
74;97;1;2;0;
98;6;1;2;0;
29;15;1;2;10;
86;83;1;2;1425;
51;96;1;2;421;
80;93;1;2;1151;
91;57;1;2;1085;
83;94;1;2;934;
88;19;1;2;1671;
35;78;1;2;969;
60;26;1;2;223;
86;22;1;2;1891;
43;2;1;2;1758;
33;87;1;2;157;
30;89;1;2;166;
3;20;1;2;1125;
84;63;1;2;1599;
42;45;1;2;1776;
7;84;1;2;2439;
96;71;1;2;1794;
97;30;1;2;2173;
52;15;1;2;1182;
4;10;1;2;1516;
71;42;1;2;1016;
72;71;1;2;2173;
68;25;1;2;529;
60;61;1;2;510;
9;2;1;2;1443;
51;60;1;2;311;
63;7;1;2;1352;
4;55;1;2;977;
23;6;1;2;1999;
62;61;1;2;795;
55;32;1;2;2373;
85;55;1;2;659;
56;23;1;2;1075;
99;34;1;2;2276;
3;42;1;2;342;
4;44;1;2;1209;
41;6;1;2;1550;
47;62;1;2;2332;
83;84;1;2;1281;
86;45;1;2;288;
97;51;1;2;1114;
50;36;1;2;1415;
24;43;1;2;1358;
75;41;1;2;2070;
86;44;1;2;148;
50;99;1;2;2372;
25;91;1;2;1179;
6;38;1;2;865;
93;20;1;2;1101;
0;1;537;339;
1;1;585;441;
2;1;502;203;
3;1;577;656;
4;1;523;431;
5;1;526;506;
6;1;535;750;
7;1;506;1190;
8;1;538;1190;
9;1;528;1363;
10;1;551;1450;
11;1;564;1661;
12;1;506;1233;
13;1;531;1351;
14;1;514;1855;
15;1;551;1933;
16;1;507;1656;
17;1;544;2043;
18;1;523;2206;
19;1;510;2106;
20;1;543;2392;
21;1;561;2124;
22;1;587;2472;
23;1;513;2624;
24;1;518;2537;
25;1;516;2984;
26;1;506;2650;
27;1;514;3062;
28;1;552;3099;
29;1;526;3203;
30;1;593;3400;
31;1;568;3542;
32;1;515;3607;
33;1;558;3614;
34;1;534;3688;
35;1;585;3970;
36;1;506;3867;
37;1;505;3766;
38;1;515;4266;
39;1;568;4152;
40;1;561;4448;
41;1;505;4412;
42;1;514;4605;
43;1;580;4504;
44;1;513;4577;
45;1;582;4990;
46;1;585;4795;
47;1;556;5166;
48;1;563;5139;
49;1;588;4944;
