****9****
100
30;72;1;2;0;
16;83;1;2;0;
28;87;1;2;0;
73;47;1;2;0;
15;17;1;2;0;
15;10;1;2;0;
69;13;1;2;0;
91;11;1;2;0;
94;54;1;2;0;
41;52;1;2;0;
26;34;1;2;0;
100;55;1;2;0;
40;25;1;2;0;
58;24;1;2;0;
37;67;1;2;0;
99;18;1;2;0;
38;14;1;2;0;
100;18;1;2;0;
52;24;1;2;0;
16;18;1;2;0;
93;83;1;2;0;
27;13;1;2;0;
95;69;1;2;0;
23;88;1;2;0;
74;15;1;2;0;
91;99;1;2;0;
48;90;1;2;0;
6;88;1;2;0;
14;63;1;2;0;
11;2;1;2;0;
81;9;1;2;0;
20;18;1;2;0;
74;71;1;2;0;
87;25;1;2;0;
47;3;1;2;0;
94;39;1;2;0;
85;20;1;2;0;
3;31;1;2;0;
41;77;1;2;0;
70;14;1;2;0;
92;60;1;2;0;
65;39;1;2;0;
49;70;1;2;0;
78;14;1;2;0;
84;88;1;2;0;
16;64;1;2;0;
48;87;1;2;0;
33;21;1;2;0;
9;20;1;2;0;
97;55;1;2;0;
22;90;1;2;617;
58;62;1;2;1727;
40;54;1;2;62;
9;67;1;2;697;
20;83;1;2;246;
20;52;1;2;623;
33;87;1;2;1966;
100;50;1;2;956;
38;83;1;2;251;
47;2;1;2;2322;
1;75;1;2;187;
46;32;1;2;930;
44;23;1;2;554;
67;31;1;2;571;
81;2;1;2;1875;
38;21;1;2;1473;
20;53;1;2;2098;
41;5;1;2;2239;
62;42;1;2;293;
4;88;1;2;2302;
94;41;1;2;275;
25;38;1;2;1090;
70;81;1;2;2091;
67;100;1;2;1114;
83;80;1;2;919;
82;17;1;2;618;
84;88;1;2;1741;
72;81;1;2;462;
62;42;1;2;204;
34;45;1;2;2082;
59;90;1;2;1236;
58;15;1;2;784;
40;84;1;2;2454;
96;2;1;2;1305;
82;85;1;2;537;
69;18;1;2;396;
28;1;1;2;1509;
40;24;1;2;838;
55;86;1;2;1842;
64;19;1;2;2272;
61;78;1;2;1949;
1;87;1;2;1061;
79;79;1;2;543;
89;74;1;2;947;
98;56;1;2;346;
38;76;1;2;613;
47;56;1;2;724;
44;95;1;2;275;
72;49;1;2;1506;
90;65;1;2;2209;
0;1;505;299;
1;1;516;604;
2;1;577;701;
3;1;531;580;
4;1;581;706;
5;1;595;550;
6;1;590;951;
7;1;513;859;
8;1;582;834;
9;1;540;1147;
10;1;544;1059;
11;1;523;1313;
12;1;583;1456;
13;1;590;1402;
14;1;536;1533;
15;1;541;1873;
16;1;530;2036;
17;1;504;1962;
18;1;511;2031;
19;1;561;2093;
20;1;517;2141;
21;1;596;2242;
22;1;599;2251;
23;1;591;2686;
24;1;549;2707;
25;1;512;2907;
26;1;581;2976;
27;1;585;2964;
28;1;532;2901;
29;1;517;3194;
30;1;528;3121;
31;1;563;3578;
32;1;514;3246;
33;1;515;3468;
34;1;600;3475;
35;1;566;3862;
36;1;535;3967;
37;1;527;3742;
38;1;573;3850;
39;1;517;3947;
40;1;598;4193;
41;1;516;4586;
42;1;513;4374;
43;1;593;4602;
44;1;574;4823;
45;1;516;4976;
46;1;519;4629;
47;1;561;4958;
48;1;544;5083;
49;1;559;5288;
