****17****
100
841;534;1;2;0;
865;282;1;2;0;
707;979;1;2;0;
993;20;1;2;0;
195;349;1;2;0;
410;501;1;2;0;
14;597;1;2;0;
814;892;1;2;0;
634;762;1;2;0;
990;60;1;2;0;
555;242;1;2;0;
404;35;1;2;0;
421;643;1;2;0;
288;208;1;2;0;
974;463;1;2;0;
930;814;1;2;0;
348;146;1;2;0;
447;55;1;2;0;
124;439;1;2;0;
426;670;1;2;0;
140;188;1;2;0;
522;153;1;2;0;
784;335;1;2;0;
396;418;1;2;0;
97;386;1;2;0;
829;3;1;2;0;
627;585;1;2;0;
389;47;1;2;0;
227;677;1;2;0;
607;200;1;2;0;
491;536;1;2;0;
365;839;1;2;0;
33;811;1;2;0;
245;508;1;2;0;
602;670;1;2;0;
178;741;1;2;0;
209;699;1;2;0;
245;993;1;2;0;
34;641;1;2;0;
762;482;1;2;0;
378;942;1;2;0;
484;356;1;2;0;
526;872;1;2;0;
403;753;1;2;0;
900;361;1;2;0;
304;743;1;2;0;
248;21;1;2;0;
581;280;1;2;0;
831;177;1;2;0;
787;784;1;2;0;
846;964;1;2;24497;
407;663;1;2;8926;
399;696;1;2;24352;
512;529;1;2;6725;
453;364;1;2;24963;
979;587;1;2;18397;
83;487;1;2;11668;
738;229;1;2;18543;
758;161;1;2;12883;
589;337;1;2;18672;
724;534;1;2;6452;
600;940;1;2;16327;
72;690;1;2;10471;
184;553;1;2;2638;
25;358;1;2;10744;
221;336;1;2;16829;
172;770;1;2;1693;
482;507;1;2;1340;
40;265;1;2;11570;
228;205;1;2;15693;
851;928;1;2;18818;
790;879;1;2;6182;
390;950;1;2;6347;
38;133;1;2;18486;
565;509;1;2;1084;
104;730;1;2;18131;
581;253;1;2;20292;
544;86;1;2;21930;
87;477;1;2;562;
142;705;1;2;12952;
885;907;1;2;4233;
513;696;1;2;21654;
81;438;1;2;1388;
43;475;1;2;20035;
557;391;1;2;9319;
428;494;1;2;21451;
986;74;1;2;2074;
313;617;1;2;10610;
850;55;1;2;17850;
652;196;1;2;13923;
657;80;1;2;15253;
294;593;1;2;5541;
458;25;1;2;3361;
923;67;1;2;19185;
520;975;1;2;5649;
978;402;1;2;748;
165;387;1;2;19061;
956;51;1;2;16777;
185;901;1;2;17987;
538;904;1;2;13758;
0;1;447;262;
1;1;234;264;
2;1;206;278;
3;1;125;263;
4;1;55;275;
5;1;85;271;
6;1;51;256;
7;1;448;266;
8;1;434;299;
9;1;78;300;
10;1;88;261;
11;1;258;290;
12;1;65;292;
13;1;242;272;
14;1;331;295;
15;1;178;277;
16;1;57;261;
17;1;242;262;
18;1;441;267;
19;1;276;295;
