****10****
100
863;731;1;2;0;
924;774;1;2;0;
672;571;1;2;0;
574;956;1;2;0;
13;271;1;2;0;
70;338;1;2;0;
412;351;1;2;0;
872;102;1;2;0;
917;600;1;2;0;
790;921;1;2;0;
532;698;1;2;0;
175;511;1;2;0;
132;219;1;2;0;
915;320;1;2;0;
250;522;1;2;0;
550;112;1;2;0;
252;825;1;2;0;
237;275;1;2;0;
748;810;1;2;0;
230;760;1;2;0;
81;299;1;2;0;
97;844;1;2;0;
649;320;1;2;0;
297;918;1;2;0;
271;438;1;2;0;
190;802;1;2;0;
135;365;1;2;0;
312;619;1;2;0;
583;226;1;2;0;
290;184;1;2;0;
747;191;1;2;0;
648;351;1;2;0;
15;884;1;2;0;
625;762;1;2;0;
694;855;1;2;0;
873;126;1;2;0;
505;321;1;2;0;
969;154;1;2;0;
640;617;1;2;0;
423;262;1;2;0;
54;612;1;2;0;
63;541;1;2;0;
328;374;1;2;0;
511;262;1;2;0;
951;800;1;2;0;
446;50;1;2;0;
990;93;1;2;0;
400;4;1;2;0;
976;376;1;2;0;
118;21;1;2;0;
582;990;1;2;14904;
87;311;1;2;9383;
592;302;1;2;181;
14;564;1;2;23191;
977;626;1;2;21618;
305;352;1;2;17496;
566;654;1;2;18706;
363;703;1;2;10852;
807;454;1;2;13298;
783;182;1;2;1786;
803;763;1;2;14845;
301;849;1;2;13082;
766;792;1;2;3436;
200;157;1;2;8489;
687;134;1;2;22645;
714;790;1;2;11110;
251;707;1;2;5948;
939;422;1;2;16629;
616;228;1;2;5030;
296;10;1;2;17633;
446;165;1;2;4379;
937;817;1;2;19810;
738;582;1;2;20533;
840;133;1;2;17715;
506;819;1;2;17736;
501;532;1;2;19448;
847;782;1;2;13838;
846;72;1;2;607;
900;687;1;2;13925;
760;335;1;2;2851;
448;132;1;2;16829;
251;68;1;2;20762;
255;805;1;2;1280;
402;996;1;2;8568;
353;853;1;2;18061;
790;353;1;2;3625;
367;199;1;2;5507;
3;397;1;2;19662;
708;648;1;2;9186;
993;407;1;2;14628;
287;855;1;2;12773;
449;457;1;2;20714;
427;63;1;2;1531;
986;464;1;2;8663;
30;817;1;2;2844;
893;958;1;2;8969;
287;676;1;2;10897;
814;679;1;2;14578;
413;386;1;2;16136;
51;730;1;2;22848;
0;1;170;268;
1;1;85;273;
2;1;316;294;
3;1;442;292;
4;1;308;268;
5;1;80;272;
6;1;441;261;
7;1;440;266;
8;1;205;299;
9;1;344;291;
10;1;424;273;
11;1;157;252;
12;1;449;271;
13;1;340;273;
14;1;323;271;
15;1;4;293;
16;1;289;290;
17;1;117;254;
18;1;185;258;
19;1;198;293;
