****0****
100
769;850;1;2;0;
988;502;1;2;0;
212;928;1;2;0;
924;778;1;2;0;
857;597;1;2;0;
90;422;1;2;0;
289;853;1;2;0;
866;40;1;2;0;
782;836;1;2;0;
428;471;1;2;0;
345;836;1;2;0;
630;599;1;2;0;
781;892;1;2;0;
341;128;1;2;0;
914;6;1;2;0;
467;682;1;2;0;
207;454;1;2;0;
183;770;1;2;0;
733;459;1;2;0;
547;590;1;2;0;
55;637;1;2;0;
363;695;1;2;0;
489;228;1;2;0;
86;622;1;2;0;
63;513;1;2;0;
92;759;1;2;0;
701;74;1;2;0;
358;833;1;2;0;
965;50;1;2;0;
961;878;1;2;0;
55;779;1;2;0;
911;614;1;2;0;
232;445;1;2;0;
383;316;1;2;0;
903;930;1;2;0;
257;957;1;2;0;
918;619;1;2;0;
651;758;1;2;0;
199;736;1;2;0;
380;613;1;2;0;
601;823;1;2;0;
372;653;1;2;0;
896;81;1;2;0;
485;860;1;2;0;
130;797;1;2;0;
89;184;1;2;0;
575;999;1;2;0;
149;158;1;2;0;
796;532;1;2;0;
474;698;1;2;0;
813;730;1;2;20243;
730;701;1;2;23512;
839;899;1;2;18983;
218;511;1;2;7536;
393;234;1;2;6256;
288;314;1;2;1360;
500;443;1;2;7937;
940;979;1;2;16445;
291;127;1;2;15028;
86;658;1;2;11264;
783;822;1;2;2260;
141;903;1;2;19871;
150;742;1;2;23850;
246;311;1;2;14108;
942;703;1;2;12289;
642;343;1;2;8491;
178;194;1;2;15515;
159;133;1;2;15581;
67;775;1;2;5291;
484;860;1;2;9901;
374;995;1;2;9672;
345;135;1;2;11280;
17;636;1;2;16790;
938;881;1;2;10801;
722;174;1;2;10953;
388;167;1;2;6354;
719;345;1;2;9840;
492;503;1;2;601;
596;921;1;2;6146;
474;404;1;2;9273;
713;129;1;2;1197;
774;474;1;2;24914;
738;490;1;2;8430;
442;779;1;2;20728;
457;501;1;2;17096;
527;240;1;2;8284;
290;958;1;2;20655;
247;801;1;2;14392;
336;396;1;2;5939;
551;221;1;2;10326;
626;934;1;2;13814;
47;59;1;2;20913;
955;796;1;2;3740;
498;238;1;2;13395;
921;46;1;2;11735;
870;924;1;2;17794;
634;566;1;2;10566;
93;812;1;2;12310;
407;147;1;2;9112;
642;697;1;2;13005;
0;1;132;275;
1;1;17;252;
2;1;73;276;
3;1;46;277;
4;1;223;278;
5;1;376;262;
6;1;393;297;
7;1;358;258;
8;1;18;283;
9;1;462;253;
10;1;198;275;
11;1;96;261;
12;1;189;252;
13;1;7;300;
14;1;495;256;
15;1;431;278;
16;1;82;298;
17;1;80;254;
18;1;375;275;
19;1;33;297;
