****14****
100
27;588;1;2;0;
497;557;1;2;0;
736;46;1;2;0;
856;134;1;2;0;
616;655;1;2;0;
674;139;1;2;0;
956;531;1;2;0;
170;979;1;2;0;
633;130;1;2;0;
337;731;1;2;0;
484;869;1;2;0;
482;658;1;2;0;
761;395;1;2;0;
517;727;1;2;0;
451;949;1;2;0;
926;830;1;2;0;
536;774;1;2;0;
386;271;1;2;0;
819;242;1;2;0;
756;787;1;2;0;
248;429;1;2;0;
277;203;1;2;0;
311;446;1;2;0;
534;295;1;2;0;
576;870;1;2;0;
25;411;1;2;0;
738;507;1;2;0;
69;498;1;2;0;
901;937;1;2;0;
576;703;1;2;0;
885;501;1;2;0;
532;772;1;2;0;
627;270;1;2;0;
395;445;1;2;0;
511;150;1;2;0;
583;110;1;2;0;
931;860;1;2;0;
313;593;1;2;0;
657;846;1;2;0;
888;584;1;2;0;
67;264;1;2;0;
995;804;1;2;0;
770;415;1;2;0;
653;22;1;2;0;
351;581;1;2;0;
725;588;1;2;0;
433;608;1;2;0;
711;59;1;2;0;
877;105;1;2;0;
504;739;1;2;0;
607;438;1;2;20995;
889;649;1;2;11937;
481;306;1;2;955;
720;889;1;2;23293;
984;235;1;2;16480;
753;649;1;2;19890;
127;352;1;2;17902;
203;291;1;2;9264;
810;1;1;2;11431;
39;458;1;2;8390;
129;64;1;2;9573;
977;952;1;2;19936;
841;784;1;2;23622;
550;504;1;2;330;
325;487;1;2;18241;
255;591;1;2;23969;
190;717;1;2;15679;
352;271;1;2;18970;
299;81;1;2;5545;
305;471;1;2;1594;
165;599;1;2;24808;
463;928;1;2;19436;
762;768;1;2;10929;
365;670;1;2;1519;
857;346;1;2;5959;
936;953;1;2;2634;
663;142;1;2;12924;
445;845;1;2;21526;
517;496;1;2;762;
589;800;1;2;21451;
471;316;1;2;5547;
415;779;1;2;5789;
311;540;1;2;6865;
342;256;1;2;9731;
876;113;1;2;17175;
896;400;1;2;18427;
858;414;1;2;12873;
889;858;1;2;16167;
191;374;1;2;19317;
924;314;1;2;4257;
128;784;1;2;13371;
282;199;1;2;24486;
715;861;1;2;14281;
915;202;1;2;6378;
137;77;1;2;3356;
704;972;1;2;703;
575;181;1;2;20140;
587;422;1;2;4591;
795;964;1;2;2523;
499;887;1;2;17234;
0;1;353;266;
1;1;402;273;
2;1;499;252;
3;1;323;263;
4;1;312;264;
5;1;480;263;
6;1;461;268;
7;1;89;271;
8;1;171;262;
9;1;181;297;
10;1;445;253;
11;1;35;266;
12;1;335;279;
13;1;329;291;
14;1;179;267;
15;1;109;284;
16;1;285;263;
17;1;258;283;
18;1;314;283;
19;1;348;276;
