****8****
100
32;93;1;2;0;
88;57;1;2;0;
27;20;1;2;0;
78;29;1;2;0;
60;57;1;2;0;
17;56;1;2;0;
79;91;1;2;0;
56;9;1;2;0;
33;17;1;2;0;
77;81;1;2;0;
49;64;1;2;0;
7;5;1;2;0;
51;54;1;2;0;
53;1;1;2;0;
42;83;1;2;0;
22;26;1;2;0;
27;61;1;2;0;
82;53;1;2;0;
81;11;1;2;0;
34;92;1;2;0;
19;50;1;2;0;
47;97;1;2;0;
40;2;1;2;0;
6;24;1;2;0;
19;34;1;2;0;
56;67;1;2;0;
49;63;1;2;0;
23;52;1;2;0;
16;75;1;2;0;
52;9;1;2;0;
9;26;1;2;0;
86;36;1;2;0;
86;19;1;2;0;
40;66;1;2;0;
29;73;1;2;0;
58;48;1;2;0;
74;56;1;2;0;
44;65;1;2;0;
58;1;1;2;0;
89;28;1;2;0;
35;96;1;2;0;
46;35;1;2;0;
10;69;1;2;0;
86;25;1;2;0;
95;90;1;2;0;
86;4;1;2;0;
15;71;1;2;0;
91;100;1;2;0;
42;82;1;2;0;
18;70;1;2;0;
55;27;1;2;2446;
80;82;1;2;1895;
45;91;1;2;689;
85;70;1;2;1645;
80;16;1;2;2153;
90;36;1;2;854;
66;30;1;2;844;
3;85;1;2;437;
26;75;1;2;658;
67;9;1;2;1963;
36;15;1;2;2022;
5;94;1;2;838;
17;90;1;2;271;
81;74;1;2;2087;
84;6;1;2;1531;
69;47;1;2;260;
91;64;1;2;1639;
3;67;1;2;303;
28;44;1;2;1299;
5;10;1;2;1313;
51;97;1;2;1186;
23;1;1;2;1997;
29;69;1;2;600;
25;2;1;2;716;
42;85;1;2;2183;
75;5;1;2;823;
94;95;1;2;224;
95;49;1;2;2393;
29;29;1;2;2330;
41;85;1;2;2237;
9;36;1;2;1835;
43;58;1;2;1075;
22;38;1;2;1850;
39;62;1;2;2348;
82;56;1;2;1717;
29;82;1;2;2108;
75;27;1;2;1877;
84;22;1;2;1865;
11;50;1;2;12;
81;90;1;2;1980;
60;50;1;2;2230;
87;44;1;2;279;
15;65;1;2;1977;
64;4;1;2;84;
65;37;1;2;1699;
51;17;1;2;846;
92;91;1;2;291;
28;26;1;2;1672;
65;88;1;2;293;
77;68;1;2;2455;
0;1;526;310;
1;1;520;369;
2;1;566;384;
3;1;504;707;
4;1;527;712;
5;1;595;566;
6;1;579;1066;
7;1;570;1198;
8;1;562;1084;
9;1;559;1245;
10;1;529;1291;
11;1;533;1154;
12;1;546;1598;
13;1;594;1692;
14;1;525;1586;
15;1;597;1570;
16;1;540;1755;
17;1;512;1764;
18;1;530;2204;
19;1;585;2288;
20;1;549;2110;
21;1;542;2175;
22;1;590;2741;
23;1;558;2840;
24;1;598;2711;
25;1;508;2993;
26;1;586;2949;
27;1;584;2798;
28;1;588;3337;
29;1;510;3331;
30;1;539;3306;
31;1;514;3151;
32;1;574;3663;
33;1;535;3494;
34;1;592;3550;
35;1;563;3525;
36;1;501;3761;
37;1;520;3850;
38;1;520;4228;
39;1;593;4028;
40;1;544;4491;
41;1;546;4326;
42;1;591;4385;
43;1;512;4361;
44;1;559;4554;
45;1;542;4660;
46;1;578;4694;
47;1;526;4826;
48;1;532;5163;
49;1;558;5321;
