****6****
100
173;731;1;2;0;
19;265;1;2;0;
983;42;1;2;0;
335;460;1;2;0;
327;514;1;2;0;
541;691;1;2;0;
997;45;1;2;0;
253;334;1;2;0;
167;566;1;2;0;
535;436;1;2;0;
817;341;1;2;0;
177;164;1;2;0;
444;55;1;2;0;
839;583;1;2;0;
143;673;1;2;0;
868;667;1;2;0;
403;239;1;2;0;
284;737;1;2;0;
280;970;1;2;0;
548;959;1;2;0;
484;89;1;2;0;
649;832;1;2;0;
133;253;1;2;0;
166;299;1;2;0;
170;700;1;2;0;
87;986;1;2;0;
392;615;1;2;0;
150;188;1;2;0;
669;340;1;2;0;
122;163;1;2;0;
13;989;1;2;0;
182;767;1;2;0;
579;817;1;2;0;
504;211;1;2;0;
786;403;1;2;0;
521;621;1;2;0;
491;521;1;2;0;
453;976;1;2;0;
773;618;1;2;0;
274;942;1;2;0;
669;712;1;2;0;
928;412;1;2;0;
327;429;1;2;0;
599;995;1;2;0;
120;720;1;2;0;
510;132;1;2;0;
61;691;1;2;0;
251;991;1;2;0;
507;106;1;2;0;
553;644;1;2;0;
508;73;1;2;12192;
351;593;1;2;16710;
326;717;1;2;19856;
951;659;1;2;4076;
663;938;1;2;22910;
341;718;1;2;15709;
687;837;1;2;5031;
196;321;1;2;10130;
886;571;1;2;3355;
744;676;1;2;4239;
388;535;1;2;20789;
652;885;1;2;7508;
720;210;1;2;17549;
757;513;1;2;20986;
462;175;1;2;20321;
930;515;1;2;4355;
349;201;1;2;17985;
840;749;1;2;16478;
390;986;1;2;1852;
283;730;1;2;9657;
81;469;1;2;23813;
951;120;1;2;16958;
765;191;1;2;22332;
944;947;1;2;3803;
485;760;1;2;4315;
963;41;1;2;20809;
158;390;1;2;404;
190;229;1;2;14197;
541;970;1;2;9503;
815;605;1;2;13653;
763;685;1;2;13115;
246;987;1;2;20081;
966;751;1;2;3507;
247;47;1;2;8250;
392;531;1;2;13385;
359;846;1;2;23565;
544;3;1;2;2250;
281;544;1;2;6721;
767;85;1;2;22108;
590;251;1;2;6259;
790;13;1;2;11168;
810;611;1;2;7622;
301;928;1;2;5377;
982;526;1;2;24231;
961;917;1;2;12415;
51;627;1;2;15250;
533;522;1;2;12090;
405;154;1;2;417;
856;272;1;2;17213;
629;861;1;2;16577;
0;1;358;252;
1;1;372;271;
2;1;311;282;
3;1;170;263;
4;1;261;272;
5;1;444;288;
6;1;219;256;
7;1;54;297;
8;1;158;282;
9;1;220;291;
10;1;405;298;
11;1;447;259;
12;1;171;252;
13;1;330;278;
14;1;283;291;
15;1;435;292;
16;1;192;256;
17;1;263;255;
18;1;140;284;
19;1;317;252;
