****18****
100
81;13;1;2;0;
69;73;1;2;0;
71;46;1;2;0;
74;27;1;2;0;
46;8;1;2;0;
9;2;1;2;0;
34;29;1;2;0;
52;7;1;2;0;
14;30;1;2;0;
95;69;1;2;0;
66;62;1;2;0;
72;70;1;2;0;
58;46;1;2;0;
93;73;1;2;0;
83;60;1;2;0;
76;15;1;2;0;
72;44;1;2;0;
39;94;1;2;0;
90;64;1;2;0;
20;35;1;2;0;
72;81;1;2;0;
36;57;1;2;0;
61;40;1;2;0;
63;26;1;2;0;
69;58;1;2;0;
94;34;1;2;0;
71;65;1;2;0;
56;81;1;2;0;
10;100;1;2;0;
53;44;1;2;0;
59;28;1;2;0;
10;82;1;2;0;
72;48;1;2;0;
28;13;1;2;0;
12;99;1;2;0;
47;83;1;2;0;
79;35;1;2;0;
39;91;1;2;0;
74;53;1;2;0;
17;94;1;2;0;
62;62;1;2;0;
79;85;1;2;0;
27;34;1;2;0;
65;88;1;2;0;
34;69;1;2;0;
84;44;1;2;0;
97;93;1;2;0;
78;20;1;2;0;
41;5;1;2;0;
84;4;1;2;0;
3;30;1;2;1638;
82;16;1;2;1624;
24;41;1;2;863;
40;34;1;2;806;
2;65;1;2;2193;
80;50;1;2;2023;
19;83;1;2;49;
2;79;1;2;258;
95;56;1;2;719;
87;60;1;2;1344;
42;62;1;2;158;
79;95;1;2;1305;
6;71;1;2;624;
37;10;1;2;950;
30;63;1;2;554;
59;94;1;2;770;
100;13;1;2;284;
62;66;1;2;2402;
71;60;1;2;599;
100;98;1;2;1949;
11;39;1;2;1621;
56;69;1;2;1137;
17;74;1;2;360;
70;63;1;2;242;
56;44;1;2;1802;
59;3;1;2;1686;
11;54;1;2;2416;
45;15;1;2;2230;
62;38;1;2;1080;
81;37;1;2;1347;
12;99;1;2;1175;
8;55;1;2;2198;
46;23;1;2;1042;
7;92;1;2;1072;
29;99;1;2;591;
65;57;1;2;1795;
47;19;1;2;1709;
41;64;1;2;377;
53;25;1;2;566;
24;57;1;2;494;
44;20;1;2;1506;
55;27;1;2;1258;
35;25;1;2;1056;
88;83;1;2;1528;
7;63;1;2;1121;
17;79;1;2;395;
82;26;1;2;118;
100;18;1;2;578;
84;70;1;2;1676;
6;45;1;2;1511;
0;1;563;274;
1;1;524;174;
2;1;595;380;
3;1;585;553;
4;1;527;749;
5;1;568;696;
6;1;552;921;
7;1;523;1124;
8;1;591;1138;
9;1;568;1387;
10;1;526;1221;
11;1;571;1446;
12;1;592;1549;
13;1;565;1678;
14;1;511;1674;
15;1;543;1885;
16;1;550;2016;
17;1;596;1951;
18;1;569;2197;
19;1;525;2146;
20;1;505;2221;
21;1;555;2106;
22;1;518;2436;
23;1;586;2769;
24;1;529;2873;
25;1;531;3016;
26;1;576;3060;
27;1;502;3014;
28;1;558;2995;
29;1;558;3370;
30;1;527;3456;
31;1;594;3303;
32;1;518;3258;
33;1;524;3481;
34;1;521;3908;
35;1;584;3857;
36;1;591;4142;
37;1;582;4055;
38;1;518;3858;
39;1;567;4120;
40;1;523;4030;
41;1;505;4584;
42;1;501;4427;
43;1;569;4810;
44;1;523;4878;
45;1;579;4755;
46;1;529;4950;
47;1;577;4835;
48;1;512;5247;
49;1;536;4956;
