****1****
100
454;408;1;2;0;
909;847;1;2;0;
556;118;1;2;0;
654;926;1;2;0;
602;116;1;2;0;
928;300;1;2;0;
540;23;1;2;0;
160;80;1;2;0;
877;519;1;2;0;
779;371;1;2;0;
926;562;1;2;0;
201;359;1;2;0;
361;780;1;2;0;
512;235;1;2;0;
404;396;1;2;0;
683;857;1;2;0;
156;591;1;2;0;
703;63;1;2;0;
708;709;1;2;0;
988;310;1;2;0;
824;916;1;2;0;
961;715;1;2;0;
290;472;1;2;0;
147;166;1;2;0;
342;925;1;2;0;
889;619;1;2;0;
838;89;1;2;0;
977;198;1;2;0;
220;841;1;2;0;
784;623;1;2;0;
236;467;1;2;0;
831;743;1;2;0;
409;886;1;2;0;
806;469;1;2;0;
594;793;1;2;0;
130;769;1;2;0;
708;90;1;2;0;
483;998;1;2;0;
913;629;1;2;0;
515;607;1;2;0;
906;755;1;2;0;
225;95;1;2;0;
195;554;1;2;0;
645;414;1;2;0;
394;428;1;2;0;
36;981;1;2;0;
246;219;1;2;0;
724;655;1;2;0;
104;529;1;2;0;
123;697;1;2;0;
673;252;1;2;16871;
381;693;1;2;21824;
730;957;1;2;8680;
596;563;1;2;13256;
351;140;1;2;24377;
897;693;1;2;20016;
311;438;1;2;16992;
698;418;1;2;8408;
916;493;1;2;7063;
371;373;1;2;6128;
67;46;1;2;17043;
883;778;1;2;13510;
182;507;1;2;12219;
813;454;1;2;20088;
349;156;1;2;22464;
331;53;1;2;9184;
958;715;1;2;21164;
12;412;1;2;22542;
663;680;1;2;21130;
969;402;1;2;9857;
748;469;1;2;3242;
779;351;1;2;10513;
853;884;1;2;18573;
236;48;1;2;24956;
182;396;1;2;7574;
970;79;1;2;8152;
451;36;1;2;13053;
720;399;1;2;1835;
759;61;1;2;13179;
291;381;1;2;4136;
547;129;1;2;24961;
848;907;1;2;22018;
574;111;1;2;17133;
510;347;1;2;18984;
899;880;1;2;18076;
92;849;1;2;16032;
41;651;1;2;7868;
352;723;1;2;10576;
427;481;1;2;12059;
884;123;1;2;17134;
391;669;1;2;11423;
718;868;1;2;7474;
748;793;1;2;540;
13;302;1;2;593;
325;201;1;2;2720;
33;644;1;2;8881;
523;685;1;2;3258;
48;388;1;2;7017;
971;166;1;2;22195;
659;50;1;2;17671;
0;1;375;290;
1;1;43;273;
2;1;10;260;
3;1;377;257;
4;1;203;291;
5;1;121;254;
6;1;204;295;
7;1;56;297;
8;1;478;300;
9;1;391;252;
10;1;236;286;
11;1;400;273;
12;1;154;270;
13;1;289;253;
14;1;380;290;
15;1;427;256;
16;1;481;269;
17;1;28;290;
18;1;378;254;
19;1;98;282;
