****7****
100
307;761;1;2;0;
890;526;1;2;0;
868;795;1;2;0;
822;26;1;2;0;
327;394;1;2;0;
716;731;1;2;0;
243;162;1;2;0;
641;265;1;2;0;
815;471;1;2;0;
192;449;1;2;0;
161;978;1;2;0;
441;204;1;2;0;
635;555;1;2;0;
58;774;1;2;0;
190;375;1;2;0;
378;497;1;2;0;
487;267;1;2;0;
22;354;1;2;0;
413;195;1;2;0;
731;91;1;2;0;
940;446;1;2;0;
174;534;1;2;0;
959;814;1;2;0;
798;126;1;2;0;
284;341;1;2;0;
926;796;1;2;0;
318;366;1;2;0;
352;953;1;2;0;
272;409;1;2;0;
78;462;1;2;0;
135;455;1;2;0;
958;621;1;2;0;
73;331;1;2;0;
327;486;1;2;0;
525;57;1;2;0;
928;817;1;2;0;
855;101;1;2;0;
350;165;1;2;0;
915;500;1;2;0;
642;550;1;2;0;
840;568;1;2;0;
346;510;1;2;0;
285;697;1;2;0;
814;557;1;2;0;
457;891;1;2;0;
18;592;1;2;0;
698;327;1;2;0;
564;122;1;2;0;
657;242;1;2;0;
959;533;1;2;0;
299;887;1;2;17805;
505;987;1;2;21232;
21;901;1;2;7841;
663;451;1;2;13163;
230;148;1;2;15554;
866;196;1;2;7849;
422;652;1;2;13159;
791;243;1;2;4770;
117;159;1;2;5996;
125;400;1;2;15334;
658;50;1;2;13629;
6;554;1;2;1001;
56;927;1;2;9142;
957;589;1;2;22372;
698;170;1;2;3774;
299;35;1;2;920;
714;809;1;2;6771;
371;951;1;2;1476;
725;420;1;2;8491;
552;544;1;2;13460;
338;553;1;2;12712;
10;559;1;2;12713;
21;966;1;2;7428;
284;923;1;2;11642;
997;972;1;2;3499;
561;622;1;2;12463;
968;687;1;2;9325;
26;57;1;2;24324;
31;133;1;2;10198;
194;685;1;2;23824;
757;22;1;2;12472;
369;384;1;2;18950;
238;756;1;2;18984;
682;39;1;2;18166;
417;387;1;2;4659;
322;947;1;2;761;
613;914;1;2;12075;
712;291;1;2;4004;
113;322;1;2;8569;
286;515;1;2;9012;
2;271;1;2;20667;
270;991;1;2;7162;
449;229;1;2;23996;
593;262;1;2;7556;
11;678;1;2;2967;
752;999;1;2;18499;
114;611;1;2;574;
163;674;1;2;12710;
621;139;1;2;4132;
211;424;1;2;10580;
0;1;337;275;
1;1;78;284;
2;1;46;268;
3;1;367;294;
4;1;148;254;
5;1;438;259;
6;1;180;300;
7;1;439;293;
8;1;51;289;
9;1;453;267;
10;1;400;277;
11;1;31;275;
12;1;492;251;
13;1;63;282;
14;1;213;286;
15;1;387;299;
16;1;262;264;
17;1;33;260;
18;1;383;251;
19;1;153;281;
