****5****
100
619;77;1;2;0;
841;622;1;2;0;
417;393;1;2;0;
269;252;1;2;0;
864;369;1;2;0;
149;490;1;2;0;
469;49;1;2;0;
346;127;1;2;0;
501;826;1;2;0;
281;253;1;2;0;
798;884;1;2;0;
772;969;1;2;0;
996;653;1;2;0;
387;685;1;2;0;
975;588;1;2;0;
660;945;1;2;0;
664;852;1;2;0;
918;432;1;2;0;
244;187;1;2;0;
683;460;1;2;0;
555;831;1;2;0;
949;375;1;2;0;
879;295;1;2;0;
853;731;1;2;0;
120;134;1;2;0;
983;270;1;2;0;
17;106;1;2;0;
238;364;1;2;0;
110;624;1;2;0;
48;436;1;2;0;
563;59;1;2;0;
380;578;1;2;0;
910;298;1;2;0;
10;506;1;2;0;
836;692;1;2;0;
965;390;1;2;0;
875;265;1;2;0;
116;105;1;2;0;
911;968;1;2;0;
188;383;1;2;0;
101;170;1;2;0;
652;469;1;2;0;
628;889;1;2;0;
832;737;1;2;0;
864;232;1;2;0;
173;427;1;2;0;
290;904;1;2;0;
4;552;1;2;0;
553;13;1;2;0;
57;388;1;2;0;
57;373;1;2;14150;
283;989;1;2;8801;
739;900;1;2;11252;
926;282;1;2;3847;
448;285;1;2;8436;
75;525;1;2;10760;
163;388;1;2;19235;
687;166;1;2;20233;
591;170;1;2;17998;
143;534;1;2;363;
883;942;1;2;23180;
11;576;1;2;20238;
255;315;1;2;13266;
818;240;1;2;23080;
481;687;1;2;6459;
965;113;1;2;6901;
281;628;1;2;9251;
179;314;1;2;14850;
15;904;1;2;12989;
754;399;1;2;1409;
901;281;1;2;5147;
420;643;1;2;14282;
280;897;1;2;8871;
390;66;1;2;22700;
134;547;1;2;3524;
161;511;1;2;2729;
713;143;1;2;4146;
4;322;1;2;18581;
108;336;1;2;12368;
86;442;1;2;5060;
245;342;1;2;17844;
697;114;1;2;14869;
77;745;1;2;7183;
419;134;1;2;6040;
353;619;1;2;15286;
325;132;1;2;22852;
761;196;1;2;12251;
825;199;1;2;7213;
202;658;1;2;722;
482;743;1;2;13025;
865;339;1;2;21732;
527;388;1;2;2268;
832;464;1;2;24874;
738;235;1;2;5060;
357;939;1;2;18158;
874;615;1;2;20624;
253;375;1;2;17112;
423;199;1;2;21369;
618;752;1;2;20996;
149;234;1;2;8479;
0;1;120;300;
1;1;445;285;
2;1;476;284;
3;1;63;260;
4;1;148;285;
5;1;397;284;
6;1;93;253;
7;1;172;269;
8;1;478;286;
9;1;328;280;
10;1;12;284;
11;1;5;263;
12;1;338;272;
13;1;314;299;
14;1;270;299;
15;1;307;292;
16;1;348;254;
17;1;26;274;
18;1;287;289;
19;1;483;286;
