****4****
100
978;991;1;2;0;
837;89;1;2;0;
100;774;1;2;0;
707;209;1;2;0;
877;436;1;2;0;
942;343;1;2;0;
439;326;1;2;0;
569;611;1;2;0;
617;595;1;2;0;
83;747;1;2;0;
480;914;1;2;0;
388;397;1;2;0;
844;960;1;2;0;
269;818;1;2;0;
205;451;1;2;0;
766;182;1;2;0;
793;954;1;2;0;
622;893;1;2;0;
727;681;1;2;0;
453;603;1;2;0;
116;394;1;2;0;
297;906;1;2;0;
719;217;1;2;0;
868;687;1;2;0;
163;951;1;2;0;
786;643;1;2;0;
216;173;1;2;0;
391;411;1;2;0;
485;659;1;2;0;
580;689;1;2;0;
109;345;1;2;0;
223;254;1;2;0;
298;196;1;2;0;
146;25;1;2;0;
876;950;1;2;0;
979;343;1;2;0;
695;276;1;2;0;
248;414;1;2;0;
844;116;1;2;0;
452;7;1;2;0;
418;237;1;2;0;
1;985;1;2;0;
410;391;1;2;0;
747;246;1;2;0;
401;326;1;2;0;
286;862;1;2;0;
671;508;1;2;0;
115;320;1;2;0;
704;612;1;2;0;
344;931;1;2;0;
561;675;1;2;5594;
255;302;1;2;23035;
20;145;1;2;13755;
472;151;1;2;17571;
708;503;1;2;20294;
469;893;1;2;20088;
714;294;1;2;3584;
352;507;1;2;15565;
211;621;1;2;11522;
266;232;1;2;18959;
197;144;1;2;10367;
822;750;1;2;16512;
694;770;1;2;9339;
34;593;1;2;14830;
142;300;1;2;21071;
587;769;1;2;14875;
777;834;1;2;20203;
293;537;1;2;2195;
479;748;1;2;10906;
337;13;1;2;11789;
890;561;1;2;23579;
117;382;1;2;5986;
645;428;1;2;18142;
317;813;1;2;21866;
492;306;1;2;19719;
170;892;1;2;11626;
740;669;1;2;24530;
307;961;1;2;15558;
380;792;1;2;20402;
73;480;1;2;19177;
997;369;1;2;10304;
416;485;1;2;24376;
584;129;1;2;11675;
874;797;1;2;8709;
403;289;1;2;12545;
584;458;1;2;18475;
885;549;1;2;1083;
372;207;1;2;11707;
747;586;1;2;15909;
517;658;1;2;4707;
3;6;1;2;24309;
402;421;1;2;10079;
183;356;1;2;5778;
742;581;1;2;20745;
466;984;1;2;24305;
143;919;1;2;8032;
63;156;1;2;18546;
652;879;1;2;23800;
553;625;1;2;5484;
597;493;1;2;20010;
0;1;120;297;
1;1;306;261;
2;1;249;278;
3;1;90;283;
4;1;286;297;
5;1;376;266;
6;1;152;291;
7;1;201;296;
8;1;483;270;
9;1;248;298;
10;1;127;251;
11;1;49;255;
12;1;159;253;
13;1;481;253;
14;1;401;273;
15;1;103;270;
16;1;319;261;
17;1;382;269;
18;1;190;271;
19;1;201;275;
