****16****
100
67;74;1;2;0;
30;73;1;2;0;
22;3;1;2;0;
4;29;1;2;0;
24;52;1;2;0;
18;89;1;2;0;
85;13;1;2;0;
2;72;1;2;0;
94;67;1;2;0;
72;53;1;2;0;
33;73;1;2;0;
67;38;1;2;0;
3;82;1;2;0;
72;11;1;2;0;
13;58;1;2;0;
99;79;1;2;0;
31;80;1;2;0;
3;4;1;2;0;
82;7;1;2;0;
32;58;1;2;0;
58;1;1;2;0;
98;95;1;2;0;
13;100;1;2;0;
18;6;1;2;0;
18;89;1;2;0;
11;3;1;2;0;
14;29;1;2;0;
40;68;1;2;0;
10;11;1;2;0;
31;22;1;2;0;
20;81;1;2;0;
52;2;1;2;0;
61;55;1;2;0;
5;94;1;2;0;
61;37;1;2;0;
51;70;1;2;0;
37;1;1;2;0;
16;2;1;2;0;
52;33;1;2;0;
59;69;1;2;0;
74;69;1;2;0;
23;87;1;2;0;
97;62;1;2;0;
54;58;1;2;0;
25;84;1;2;0;
31;44;1;2;0;
65;83;1;2;0;
46;77;1;2;0;
37;2;1;2;0;
70;49;1;2;0;
90;21;1;2;1110;
79;73;1;2;347;
80;24;1;2;1338;
38;44;1;2;2382;
59;67;1;2;810;
55;28;1;2;2212;
65;52;1;2;1820;
95;48;1;2;999;
77;45;1;2;1810;
65;46;1;2;659;
13;36;1;2;325;
83;14;1;2;249;
68;45;1;2;416;
85;82;1;2;714;
28;92;1;2;1304;
56;47;1;2;1594;
90;63;1;2;2146;
60;57;1;2;1364;
93;86;1;2;2461;
55;50;1;2;23;
86;15;1;2;231;
89;97;1;2;2093;
12;64;1;2;1778;
10;100;1;2;384;
51;27;1;2;2173;
11;35;1;2;1738;
98;24;1;2;1168;
36;83;1;2;2099;
74;28;1;2;2192;
55;82;1;2;2310;
82;19;1;2;11;
96;7;1;2;1410;
75;70;1;2;1854;
98;31;1;2;178;
7;81;1;2;1271;
55;43;1;2;938;
1;40;1;2;1393;
9;76;1;2;1961;
25;49;1;2;1137;
27;3;1;2;736;
30;37;1;2;1417;
99;32;1;2;1006;
12;59;1;2;2255;
40;8;1;2;580;
19;14;1;2;1697;
25;68;1;2;1910;
17;20;1;2;314;
33;28;1;2;1554;
31;5;1;2;1998;
8;83;1;2;1607;
0;1;566;299;
1;1;514;477;
2;1;562;636;
3;1;524;572;
4;1;507;850;
5;1;564;802;
6;1;560;861;
7;1;580;892;
8;1;559;1351;
9;1;581;1460;
10;1;519;1061;
11;1;559;1494;
12;1;503;1618;
13;1;555;1572;
14;1;548;1908;
15;1;507;1914;
16;1;552;1619;
17;1;506;1954;
18;1;568;1820;
19;1;537;1962;
20;1;507;2120;
21;1;593;2421;
22;1;533;2433;
23;1;591;2862;
24;1;523;2917;
25;1;570;2741;
26;1;503;2741;
27;1;592;2949;
28;1;521;3229;
29;1;587;3177;
30;1;534;3168;
31;1;585;3684;
32;1;564;3301;
33;1;549;3563;
34;1;571;3653;
35;1;509;3670;
36;1;536;3908;
37;1;547;3825;
38;1;525;4088;
39;1;563;3935;
40;1;563;4035;
41;1;540;4477;
42;1;563;4377;
43;1;575;4559;
44;1;580;4492;
45;1;555;4512;
46;1;505;4960;
47;1;549;5031;
48;1;580;4968;
49;1;550;5201;
