****11****
100
736;620;1;2;0;
341;280;1;2;0;
279;700;1;2;0;
537;522;1;2;0;
96;674;1;2;0;
481;387;1;2;0;
880;453;1;2;0;
211;86;1;2;0;
759;667;1;2;0;
281;635;1;2;0;
670;520;1;2;0;
834;508;1;2;0;
573;51;1;2;0;
120;816;1;2;0;
276;439;1;2;0;
233;363;1;2;0;
59;925;1;2;0;
642;689;1;2;0;
976;530;1;2;0;
211;71;1;2;0;
556;691;1;2;0;
810;435;1;2;0;
495;372;1;2;0;
520;605;1;2;0;
39;800;1;2;0;
239;708;1;2;0;
671;424;1;2;0;
567;596;1;2;0;
474;38;1;2;0;
763;101;1;2;0;
477;995;1;2;0;
464;887;1;2;0;
272;457;1;2;0;
575;247;1;2;0;
987;785;1;2;0;
670;894;1;2;0;
827;479;1;2;0;
328;673;1;2;0;
202;200;1;2;0;
277;240;1;2;0;
351;516;1;2;0;
299;22;1;2;0;
939;866;1;2;0;
969;765;1;2;0;
903;731;1;2;0;
865;731;1;2;0;
77;680;1;2;0;
617;348;1;2;0;
489;192;1;2;0;
947;827;1;2;0;
976;616;1;2;182;
803;446;1;2;1712;
475;647;1;2;16318;
104;887;1;2;14922;
619;185;1;2;16596;
909;402;1;2;11424;
673;657;1;2;10551;
890;387;1;2;22465;
921;4;1;2;16301;
409;195;1;2;16195;
235;522;1;2;11133;
306;676;1;2;4662;
353;151;1;2;2293;
950;606;1;2;1876;
898;224;1;2;9724;
219;484;1;2;18820;
508;509;1;2;5697;
879;398;1;2;13756;
975;670;1;2;10386;
770;431;1;2;24508;
511;17;1;2;10373;
867;323;1;2;23928;
20;27;1;2;12960;
171;976;1;2;18252;
209;226;1;2;20015;
783;796;1;2;18304;
758;656;1;2;17016;
742;534;1;2;19442;
112;508;1;2;1397;
485;629;1;2;4043;
404;139;1;2;12623;
196;357;1;2;22824;
312;728;1;2;15853;
282;899;1;2;10277;
505;459;1;2;18769;
655;241;1;2;12419;
937;350;1;2;2652;
78;91;1;2;2267;
617;202;1;2;4231;
177;38;1;2;6590;
167;441;1;2;2784;
173;637;1;2;1700;
502;300;1;2;14742;
856;582;1;2;14708;
890;438;1;2;7970;
797;93;1;2;6500;
852;381;1;2;1870;
561;458;1;2;2024;
804;426;1;2;215;
907;602;1;2;4579;
0;1;138;418;
1;1;78;407;
2;1;441;416;
3;1;85;444;
4;1;365;441;
5;1;1;448;
6;1;94;441;
7;1;88;408;
8;1;39;430;
9;1;361;440;
10;1;412;414;
11;1;451;419;
12;1;10;406;
13;1;295;409;
14;1;12;446;
15;1;393;449;
16;1;16;422;
17;1;156;408;
18;1;387;440;
19;1;101;404;
