****0****
100
98;61;1;2;0;
72;1;1;2;0;
14;22;1;2;0;
33;90;1;2;0;
18;84;1;2;0;
15;33;1;2;0;
8;37;1;2;0;
87;42;1;2;0;
18;18;1;2;0;
24;49;1;2;0;
98;73;1;2;0;
50;51;1;2;0;
10;95;1;2;0;
78;46;1;2;0;
59;50;1;2;0;
5;8;1;2;0;
62;77;1;2;0;
61;27;1;2;0;
98;93;1;2;0;
17;15;1;2;0;
76;31;1;2;0;
99;36;1;2;0;
19;85;1;2;0;
77;89;1;2;0;
2;100;1;2;0;
37;52;1;2;0;
24;86;1;2;0;
2;86;1;2;0;
33;31;1;2;0;
83;91;1;2;0;
80;87;1;2;0;
50;93;1;2;0;
63;10;1;2;0;
19;12;1;2;0;
3;87;1;2;0;
26;30;1;2;0;
18;25;1;2;0;
65;88;1;2;0;
61;41;1;2;0;
76;15;1;2;0;
92;12;1;2;0;
66;16;1;2;0;
50;67;1;2;0;
53;82;1;2;0;
49;35;1;2;0;
24;80;1;2;0;
21;73;1;2;0;
72;36;1;2;0;
83;42;1;2;0;
47;37;1;2;0;
29;25;1;2;1351;
98;1;1;2;1004;
37;61;1;2;1481;
13;75;1;2;1956;
76;40;1;2;1295;
25;58;1;2;192;
58;58;1;2;2251;
81;37;1;2;633;
54;60;1;2;2028;
88;2;1;2;823;
24;82;1;2;250;
41;31;1;2;1231;
71;67;1;2;1018;
46;79;1;2;1495;
60;7;1;2;96;
93;31;1;2;1189;
26;89;1;2;950;
45;21;1;2;358;
36;26;1;2;117;
15;65;1;2;1146;
40;88;1;2;8;
89;81;1;2;137;
38;3;1;2;720;
99;48;1;2;2241;
35;59;1;2;2057;
63;51;1;2;893;
100;76;1;2;638;
94;72;1;2;299;
25;60;1;2;192;
16;74;1;2;1760;
11;13;1;2;550;
36;53;1;2;413;
42;42;1;2;2357;
15;40;1;2;358;
19;27;1;2;1376;
76;41;1;2;1706;
68;40;1;2;1540;
100;85;1;2;630;
53;10;1;2;2109;
31;77;1;2;505;
25;87;1;2;1645;
59;74;1;2;775;
73;16;1;2;1631;
90;82;1;2;227;
54;100;1;2;560;
28;28;1;2;231;
53;95;1;2;425;
54;95;1;2;2099;
30;99;1;2;608;
13;29;1;2;1072;
0;1;521;63;
1;1;574;356;
2;1;564;695;
3;1;517;391;
4;1;567;468;
5;1;577;801;
6;1;538;881;
7;1;548;1020;
8;1;510;1014;
9;1;547;1361;
10;1;521;1042;
11;1;567;1626;
12;1;511;1245;
13;1;565;1341;
14;1;508;1488;
15;1;509;1986;
16;1;550;1733;
17;1;572;2104;
18;1;533;1814;
19;1;600;2298;
20;1;521;2278;
21;1;547;2449;
22;1;558;2299;
23;1;531;2539;
24;1;572;2548;
25;1;581;2761;
26;1;589;2753;
27;1;559;2808;
28;1;595;3102;
29;1;524;3173;
30;1;568;3519;
31;1;534;3444;
32;1;518;3488;
33;1;581;3789;
34;1;597;3656;
35;1;501;3954;
36;1;560;3618;
37;1;527;3903;
38;1;544;3892;
39;1;588;4258;
40;1;538;4463;
41;1;558;4363;
42;1;519;4710;
43;1;529;4565;
44;1;539;4708;
45;1;566;4985;
46;1;536;4846;
47;1;526;5134;
48;1;508;5005;
49;1;554;5373;
