****15****
100
667;194;1;2;0;
324;718;1;2;0;
406;10;1;2;0;
68;897;1;2;0;
492;356;1;2;0;
977;92;1;2;0;
866;544;1;2;0;
654;184;1;2;0;
384;318;1;2;0;
305;374;1;2;0;
536;461;1;2;0;
320;12;1;2;0;
576;907;1;2;0;
179;947;1;2;0;
260;640;1;2;0;
261;926;1;2;0;
833;584;1;2;0;
996;590;1;2;0;
946;63;1;2;0;
486;789;1;2;0;
770;463;1;2;0;
881;635;1;2;0;
358;886;1;2;0;
171;93;1;2;0;
555;827;1;2;0;
466;90;1;2;0;
639;785;1;2;0;
454;214;1;2;0;
691;632;1;2;0;
512;302;1;2;0;
271;772;1;2;0;
228;456;1;2;0;
708;575;1;2;0;
45;653;1;2;0;
637;531;1;2;0;
441;406;1;2;0;
345;673;1;2;0;
41;54;1;2;0;
910;563;1;2;0;
146;464;1;2;0;
389;612;1;2;0;
554;27;1;2;0;
748;359;1;2;0;
592;439;1;2;0;
990;103;1;2;0;
92;613;1;2;0;
874;319;1;2;0;
68;933;1;2;0;
893;464;1;2;0;
937;881;1;2;0;
346;378;1;2;23736;
690;402;1;2;15070;
95;312;1;2;16378;
241;775;1;2;23414;
204;680;1;2;18559;
951;38;1;2;12012;
741;380;1;2;6934;
833;992;1;2;17431;
151;411;1;2;18532;
396;874;1;2;14305;
628;572;1;2;16862;
266;261;1;2;18283;
296;356;1;2;4757;
888;948;1;2;21664;
220;151;1;2;6030;
578;101;1;2;6521;
527;194;1;2;24823;
578;26;1;2;13980;
207;528;1;2;20122;
416;275;1;2;16452;
913;903;1;2;7803;
140;168;1;2;16269;
768;816;1;2;23668;
411;703;1;2;6037;
828;275;1;2;3795;
277;852;1;2;21425;
764;731;1;2;14132;
333;660;1;2;11336;
894;866;1;2;14274;
864;633;1;2;6000;
412;546;1;2;21125;
531;685;1;2;10630;
263;804;1;2;14587;
349;214;1;2;1620;
735;41;1;2;20143;
622;670;1;2;15960;
610;785;1;2;23837;
143;117;1;2;2954;
349;10;1;2;20743;
787;226;1;2;230;
147;637;1;2;1225;
409;520;1;2;22334;
542;782;1;2;6837;
139;130;1;2;9493;
142;216;1;2;1964;
67;838;1;2;17530;
547;447;1;2;14958;
406;590;1;2;19072;
276;290;1;2;18850;
11;76;1;2;11663;
0;1;379;424;
1;1;355;444;
2;1;482;424;
3;1;445;424;
4;1;155;449;
5;1;14;436;
6;1;70;407;
7;1;352;432;
8;1;73;441;
9;1;362;421;
10;1;487;429;
11;1;376;428;
12;1;360;401;
13;1;70;402;
14;1;14;447;
15;1;218;442;
16;1;71;424;
17;1;36;404;
18;1;297;430;
19;1;279;403;
