****10****
100
57;25;1;2;0;
24;87;1;2;0;
43;1;1;2;0;
22;20;1;2;0;
85;52;1;2;0;
24;98;1;2;0;
80;82;1;2;0;
47;52;1;2;0;
60;90;1;2;0;
13;91;1;2;0;
26;3;1;2;0;
67;32;1;2;0;
20;100;1;2;0;
1;24;1;2;0;
47;26;1;2;0;
70;55;1;2;0;
2;45;1;2;0;
41;44;1;2;0;
97;63;1;2;0;
63;81;1;2;0;
14;38;1;2;0;
79;45;1;2;0;
20;77;1;2;0;
97;31;1;2;0;
66;61;1;2;0;
73;43;1;2;0;
64;40;1;2;0;
27;83;1;2;0;
39;27;1;2;0;
58;37;1;2;0;
4;27;1;2;0;
92;57;1;2;0;
23;32;1;2;0;
52;20;1;2;0;
46;67;1;2;0;
100;59;1;2;0;
4;30;1;2;0;
56;75;1;2;0;
6;52;1;2;0;
58;23;1;2;0;
12;30;1;2;0;
18;27;1;2;0;
21;96;1;2;0;
9;12;1;2;0;
22;66;1;2;0;
48;78;1;2;0;
44;91;1;2;0;
34;19;1;2;0;
23;86;1;2;0;
38;68;1;2;0;
4;89;1;2;1720;
7;19;1;2;725;
34;76;1;2;1653;
91;51;1;2;238;
72;68;1;2;1959;
93;63;1;2;1630;
4;36;1;2;1501;
3;13;1;2;1027;
94;99;1;2;334;
68;36;1;2;1715;
87;39;1;2;2461;
17;97;1;2;1812;
2;30;1;2;896;
38;72;1;2;812;
38;96;1;2;506;
16;40;1;2;511;
2;95;1;2;1146;
6;97;1;2;571;
54;42;1;2;2007;
71;9;1;2;2146;
26;48;1;2;207;
21;64;1;2;1334;
34;66;1;2;1802;
74;3;1;2;39;
65;92;1;2;1113;
26;7;1;2;113;
50;9;1;2;1388;
9;14;1;2;1775;
84;19;1;2;1444;
58;42;1;2;1896;
66;67;1;2;1116;
65;39;1;2;826;
60;72;1;2;1754;
88;45;1;2;547;
88;61;1;2;2453;
35;87;1;2;1922;
21;88;1;2;590;
1;48;1;2;2459;
82;31;1;2;1054;
4;88;1;2;1713;
34;6;1;2;1151;
64;22;1;2;1829;
5;33;1;2;557;
15;20;1;2;737;
75;60;1;2;679;
31;94;1;2;891;
94;15;1;2;1884;
16;67;1;2;2305;
52;48;1;2;227;
59;3;1;2;157;
0;1;558;410;
1;1;583;492;
2;1;600;655;
3;1;527;756;
4;1;588;661;
5;1;570;639;
6;1;577;862;
7;1;519;994;
8;1;527;806;
9;1;534;1303;
10;1;578;1171;
11;1;587;1101;
12;1;502;1482;
13;1;544;1619;
14;1;549;1697;
15;1;569;1643;
16;1;535;1768;
17;1;581;1966;
18;1;559;2125;
19;1;593;2331;
20;1;513;2510;
21;1;558;2200;
22;1;509;2231;
23;1;552;2458;
24;1;587;2775;
25;1;558;2622;
26;1;583;2795;
27;1;561;2835;
28;1;535;2925;
29;1;575;3432;
30;1;554;3132;
31;1;540;3519;
32;1;598;3502;
33;1;525;3581;
34;1;580;3756;
35;1;555;3756;
36;1;530;4103;
37;1;584;3930;
38;1;539;3977;
39;1;577;3966;
40;1;572;4546;
41;1;593;4684;
42;1;583;4369;
43;1;541;4749;
44;1;513;4762;
45;1;551;4908;
46;1;561;4945;
47;1;558;5020;
48;1;562;4953;
49;1;567;5254;
