****17****
100
76;51;1;2;0;
98;72;1;2;0;
4;92;1;2;0;
86;96;1;2;0;
16;1;1;2;0;
89;92;1;2;0;
71;68;1;2;0;
82;49;1;2;0;
69;36;1;2;0;
22;36;1;2;0;
55;59;1;2;0;
84;41;1;2;0;
77;47;1;2;0;
31;20;1;2;0;
66;31;1;2;0;
26;94;1;2;0;
81;24;1;2;0;
65;36;1;2;0;
67;50;1;2;0;
31;34;1;2;0;
2;20;1;2;0;
25;24;1;2;0;
39;59;1;2;0;
72;7;1;2;0;
94;45;1;2;0;
43;100;1;2;0;
3;78;1;2;0;
92;31;1;2;0;
76;74;1;2;0;
2;93;1;2;0;
4;28;1;2;0;
86;85;1;2;0;
3;2;1;2;0;
20;69;1;2;0;
51;3;1;2;0;
3;4;1;2;0;
74;79;1;2;0;
27;12;1;2;0;
89;50;1;2;0;
71;82;1;2;0;
94;13;1;2;0;
34;48;1;2;0;
90;25;1;2;0;
78;65;1;2;0;
99;80;1;2;0;
57;54;1;2;0;
59;95;1;2;0;
38;61;1;2;0;
96;10;1;2;0;
81;99;1;2;0;
64;35;1;2;2368;
89;66;1;2;1163;
100;54;1;2;598;
70;88;1;2;969;
34;21;1;2;1724;
75;97;1;2;776;
91;47;1;2;719;
48;1;1;2;368;
94;90;1;2;445;
89;99;1;2;2316;
39;14;1;2;744;
41;2;1;2;1079;
73;54;1;2;1222;
6;75;1;2;2379;
33;9;1;2;1481;
8;83;1;2;34;
64;74;1;2;2185;
99;73;1;2;2089;
92;66;1;2;969;
97;6;1;2;1525;
34;45;1;2;1292;
58;37;1;2;2049;
99;61;1;2;664;
94;66;1;2;212;
75;99;1;2;1408;
81;58;1;2;1238;
31;21;1;2;1406;
79;19;1;2;1284;
28;62;1;2;105;
18;58;1;2;1647;
6;43;1;2;1461;
60;53;1;2;1922;
16;51;1;2;1690;
24;96;1;2;1365;
7;23;1;2;1917;
50;3;1;2;72;
76;85;1;2;1604;
26;63;1;2;2236;
49;42;1;2;2334;
88;59;1;2;2345;
33;65;1;2;2083;
74;76;1;2;2295;
51;91;1;2;1557;
40;15;1;2;1093;
43;73;1;2;784;
95;75;1;2;2108;
5;50;1;2;101;
86;75;1;2;1952;
38;75;1;2;2247;
98;63;1;2;1955;
0;1;568;22;
1;1;505;581;
2;1;521;351;
3;1;600;522;
4;1;571;423;
5;1;563;1052;
6;1;532;956;
7;1;562;915;
8;1;551;949;
9;1;514;1046;
10;1;537;1277;
11;1;593;1119;
12;1;529;1421;
13;1;538;1316;
14;1;579;1490;
15;1;599;1577;
16;1;546;1755;
17;1;581;1990;
18;1;584;1939;
19;1;541;2140;
20;1;598;2420;
21;1;595;2435;
22;1;559;2311;
23;1;553;2770;
24;1;591;2815;
25;1;568;2542;
26;1;558;2945;
27;1;541;3115;
28;1;541;3276;
29;1;596;3078;
30;1;577;3137;
31;1;521;3196;
32;1;597;3781;
33;1;592;3883;
34;1;533;3881;
35;1;590;3651;
36;1;534;3781;
37;1;514;4053;
38;1;539;4076;
39;1;553;4248;
40;1;536;4455;
41;1;559;4363;
42;1;531;4429;
43;1;578;4726;
44;1;577;4899;
45;1;545;4779;
46;1;566;4616;
47;1;531;5209;
48;1;518;5000;
49;1;598;5303;
