****2****
100
32;56;1;2;0;
19;53;1;2;0;
18;53;1;2;0;
65;66;1;2;0;
21;42;1;2;0;
85;74;1;2;0;
13;79;1;2;0;
56;88;1;2;0;
71;88;1;2;0;
5;16;1;2;0;
99;51;1;2;0;
47;38;1;2;0;
66;64;1;2;0;
64;55;1;2;0;
96;96;1;2;0;
99;27;1;2;0;
51;17;1;2;0;
79;69;1;2;0;
70;95;1;2;0;
86;42;1;2;0;
88;70;1;2;0;
15;100;1;2;0;
49;70;1;2;0;
88;71;1;2;0;
9;44;1;2;0;
86;8;1;2;0;
94;33;1;2;0;
45;11;1;2;0;
48;60;1;2;0;
65;43;1;2;0;
56;15;1;2;0;
70;58;1;2;0;
32;100;1;2;0;
26;53;1;2;0;
47;12;1;2;0;
94;34;1;2;0;
33;9;1;2;0;
34;81;1;2;0;
30;73;1;2;0;
52;39;1;2;0;
16;89;1;2;0;
98;61;1;2;0;
73;94;1;2;0;
72;20;1;2;0;
53;88;1;2;0;
63;60;1;2;0;
3;84;1;2;0;
70;86;1;2;0;
35;95;1;2;0;
38;81;1;2;0;
58;83;1;2;1397;
91;43;1;2;479;
23;73;1;2;1733;
26;63;1;2;2069;
15;60;1;2;503;
39;5;1;2;2228;
11;9;1;2;1657;
73;69;1;2;854;
8;90;1;2;1208;
94;36;1;2;854;
27;94;1;2;2193;
93;36;1;2;645;
44;10;1;2;2153;
67;36;1;2;333;
57;2;1;2;523;
59;92;1;2;388;
33;2;1;2;1269;
46;26;1;2;2255;
13;33;1;2;343;
17;79;1;2;1553;
58;5;1;2;519;
33;97;1;2;1117;
51;40;1;2;1222;
93;58;1;2;1327;
49;66;1;2;1260;
16;24;1;2;1541;
87;8;1;2;1771;
67;5;1;2;1350;
66;17;1;2;1878;
55;33;1;2;1657;
79;42;1;2;1867;
48;75;1;2;1400;
4;77;1;2;739;
69;22;1;2;1615;
22;22;1;2;1097;
27;90;1;2;2192;
72;76;1;2;2123;
71;94;1;2;54;
47;60;1;2;1835;
55;66;1;2;1179;
90;44;1;2;1437;
32;43;1;2;2307;
19;46;1;2;1933;
96;66;1;2;2467;
83;87;1;2;1743;
34;14;1;2;285;
9;37;1;2;986;
44;59;1;2;112;
83;5;1;2;2425;
90;60;1;2;763;
0;1;530;400;
1;1;564;423;
2;1;532;209;
3;1;523;768;
4;1;503;584;
5;1;598;702;
6;1;520;999;
7;1;507;1145;
8;1;513;906;
9;1;574;1349;
10;1;509;1080;
11;1;569;1262;
12;1;518;1248;
13;1;524;1332;
14;1;540;1594;
15;1;590;1711;
16;1;535;1652;
17;1;537;2193;
18;1;511;1981;
19;1;520;2284;
20;1;522;2058;
21;1;533;2434;
22;1;548;2631;
23;1;595;2656;
24;1;511;2793;
25;1;585;3025;
26;1;545;3007;
27;1;590;3231;
28;1;555;3067;
29;1;583;3247;
30;1;547;3251;
31;1;520;3172;
32;1;528;3511;
33;1;550;3387;
34;1;566;3728;
35;1;503;3942;
36;1;537;3789;
37;1;528;4143;
38;1;578;4045;
39;1;548;4396;
40;1;594;4431;
41;1;511;4136;
42;1;537;4371;
43;1;600;4442;
44;1;564;4433;
45;1;589;5002;
46;1;557;5021;
47;1;594;4700;
48;1;563;5180;
49;1;574;5262;
