****4****
100
1;2;1;2;0;
4;37;1;2;0;
97;86;1;2;0;
89;20;1;2;0;
76;60;1;2;0;
4;91;1;2;0;
82;59;1;2;0;
26;29;1;2;0;
78;15;1;2;0;
10;43;1;2;0;
41;15;1;2;0;
20;84;1;2;0;
7;72;1;2;0;
2;51;1;2;0;
43;16;1;2;0;
39;44;1;2;0;
69;94;1;2;0;
80;65;1;2;0;
79;21;1;2;0;
84;6;1;2;0;
80;87;1;2;0;
97;13;1;2;0;
98;22;1;2;0;
41;75;1;2;0;
88;2;1;2;0;
69;80;1;2;0;
68;89;1;2;0;
63;26;1;2;0;
60;16;1;2;0;
76;54;1;2;0;
31;14;1;2;0;
97;51;1;2;0;
59;77;1;2;0;
16;38;1;2;0;
49;51;1;2;0;
43;28;1;2;0;
90;91;1;2;0;
92;87;1;2;0;
64;85;1;2;0;
13;3;1;2;0;
86;81;1;2;0;
82;54;1;2;0;
21;44;1;2;0;
79;32;1;2;0;
11;55;1;2;0;
86;41;1;2;0;
20;82;1;2;0;
44;79;1;2;0;
10;59;1;2;0;
68;58;1;2;0;
9;62;1;2;2357;
50;5;1;2;1412;
36;68;1;2;1874;
100;23;1;2;2297;
33;4;1;2;1392;
53;48;1;2;930;
85;58;1;2;54;
70;51;1;2;802;
3;94;1;2;283;
13;4;1;2;660;
22;64;1;2;878;
59;14;1;2;2269;
87;1;1;2;522;
51;1;1;2;2265;
100;33;1;2;1420;
55;37;1;2;1318;
88;21;1;2;398;
79;42;1;2;1907;
89;97;1;2;421;
30;61;1;2;1063;
89;82;1;2;1363;
62;40;1;2;295;
39;78;1;2;977;
36;28;1;2;585;
54;80;1;2;2020;
76;34;1;2;317;
97;73;1;2;1063;
28;51;1;2;1347;
60;39;1;2;20;
38;20;1;2;1651;
70;9;1;2;956;
66;70;1;2;296;
79;9;1;2;1079;
41;44;1;2;183;
6;49;1;2;2403;
4;25;1;2;1633;
38;73;1;2;1302;
96;100;1;2;1466;
96;12;1;2;428;
44;1;1;2;972;
100;22;1;2;1258;
90;40;1;2;2168;
19;18;1;2;968;
77;10;1;2;683;
63;16;1;2;1078;
80;19;1;2;1071;
30;56;1;2;1982;
52;51;1;2;1710;
24;99;1;2;2161;
39;42;1;2;1256;
0;1;521;448;
1;1;600;562;
2;1;583;428;
3;1;574;788;
4;1;509;474;
5;1;529;877;
6;1;564;1043;
7;1;533;949;
8;1;523;909;
9;1;570;922;
10;1;558;1113;
11;1;504;1372;
12;1;549;1742;
13;1;511;1502;
14;1;518;1479;
15;1;557;2027;
16;1;545;1745;
17;1;552;1994;
18;1;599;2242;
19;1;583;2269;
20;1;574;2001;
21;1;576;2469;
22;1;507;2481;
23;1;568;2572;
24;1;511;2519;
25;1;581;3008;
26;1;523;2800;
27;1;533;2954;
28;1;568;3070;
29;1;501;3278;
30;1;546;3298;
31;1;574;3362;
32;1;512;3404;
33;1;573;3307;
34;1;501;3488;
35;1;568;3914;
36;1;519;3796;
37;1;564;4192;
38;1;504;4082;
39;1;553;4414;
40;1;572;4537;
41;1;538;4167;
42;1;574;4591;
43;1;568;4832;
44;1;564;4859;
45;1;577;4975;
46;1;524;4857;
47;1;556;5047;
48;1;526;5099;
49;1;549;5233;
