****3****
100
64;28;1;2;0;
67;53;1;2;0;
67;46;1;2;0;
88;96;1;2;0;
20;87;1;2;0;
36;13;1;2;0;
71;47;1;2;0;
3;59;1;2;0;
98;3;1;2;0;
1;62;1;2;0;
88;90;1;2;0;
23;97;1;2;0;
49;17;1;2;0;
33;12;1;2;0;
12;58;1;2;0;
92;27;1;2;0;
38;10;1;2;0;
31;4;1;2;0;
56;71;1;2;0;
99;75;1;2;0;
57;35;1;2;0;
39;79;1;2;0;
33;42;1;2;0;
37;82;1;2;0;
44;38;1;2;0;
43;83;1;2;0;
79;18;1;2;0;
79;27;1;2;0;
86;11;1;2;0;
90;49;1;2;0;
69;33;1;2;0;
27;6;1;2;0;
43;58;1;2;0;
9;98;1;2;0;
28;59;1;2;0;
24;36;1;2;0;
45;62;1;2;0;
15;29;1;2;0;
3;51;1;2;0;
11;98;1;2;0;
40;53;1;2;0;
81;18;1;2;0;
70;59;1;2;0;
97;7;1;2;0;
22;86;1;2;0;
55;90;1;2;0;
19;82;1;2;0;
95;13;1;2;0;
39;55;1;2;0;
10;18;1;2;0;
65;33;1;2;813;
10;46;1;2;1294;
38;49;1;2;2028;
100;46;1;2;135;
53;78;1;2;1041;
74;89;1;2;213;
81;10;1;2;1500;
35;99;1;2;1129;
68;45;1;2;868;
58;51;1;2;1382;
75;15;1;2;975;
32;76;1;2;265;
2;66;1;2;1773;
75;65;1;2;1055;
40;69;1;2;913;
74;43;1;2;980;
4;75;1;2;1697;
71;61;1;2;2333;
57;29;1;2;1708;
6;86;1;2;373;
17;13;1;2;1079;
59;96;1;2;901;
47;97;1;2;552;
35;24;1;2;362;
21;15;1;2;1055;
36;88;1;2;192;
87;43;1;2;863;
99;13;1;2;823;
9;21;1;2;12;
67;79;1;2;2218;
23;95;1;2;2235;
45;5;1;2;881;
43;4;1;2;1951;
58;90;1;2;2472;
38;10;1;2;78;
86;45;1;2;816;
28;83;1;2;2396;
44;81;1;2;1321;
72;41;1;2;1218;
29;7;1;2;460;
23;81;1;2;431;
81;26;1;2;2105;
34;20;1;2;746;
83;30;1;2;630;
8;19;1;2;315;
98;4;1;2;712;
76;31;1;2;302;
95;26;1;2;784;
79;97;1;2;1992;
36;77;1;2;628;
0;1;570;448;
1;1;531;613;
2;1;531;209;
3;1;584;695;
4;1;527;860;
5;1;599;770;
6;1;549;775;
7;1;526;1081;
8;1;555;1300;
9;1;572;1281;
10;1;511;1041;
11;1;577;1559;
12;1;588;1318;
13;1;537;1317;
14;1;542;1892;
15;1;529;1737;
16;1;564;1818;
17;1;562;1997;
18;1;518;1978;
19;1;510;2195;
20;1;568;2243;
21;1;504;2147;
22;1;565;2438;
23;1;556;2490;
24;1;510;2826;
25;1;549;2556;
26;1;568;3000;
27;1;512;2978;
28;1;583;3323;
29;1;586;3228;
30;1;560;3025;
31;1;588;3258;
32;1;576;3596;
33;1;569;3536;
34;1;597;3623;
35;1;540;3755;
36;1;537;3685;
37;1;583;3703;
38;1;524;4005;
39;1;571;4395;
40;1;516;4146;
41;1;556;4378;
42;1;547;4438;
43;1;590;4859;
44;1;566;4912;
45;1;506;4729;
46;1;592;4776;
47;1;552;4894;
48;1;593;4829;
49;1;563;5441;
