****8****
100
325;810;1;2;0;
457;106;1;2;0;
977;117;1;2;0;
74;552;1;2;0;
542;649;1;2;0;
705;912;1;2;0;
670;976;1;2;0;
271;925;1;2;0;
230;468;1;2;0;
73;625;1;2;0;
739;873;1;2;0;
511;393;1;2;0;
275;887;1;2;0;
660;470;1;2;0;
199;398;1;2;0;
475;523;1;2;0;
208;932;1;2;0;
629;184;1;2;0;
400;54;1;2;0;
88;941;1;2;0;
702;792;1;2;0;
852;723;1;2;0;
768;122;1;2;0;
647;349;1;2;0;
941;71;1;2;0;
325;31;1;2;0;
943;835;1;2;0;
423;569;1;2;0;
74;82;1;2;0;
39;272;1;2;0;
479;513;1;2;0;
146;38;1;2;0;
796;126;1;2;0;
574;195;1;2;0;
179;661;1;2;0;
135;232;1;2;0;
804;986;1;2;0;
955;923;1;2;0;
459;953;1;2;0;
272;399;1;2;0;
376;596;1;2;0;
429;318;1;2;0;
783;203;1;2;0;
887;856;1;2;0;
284;277;1;2;0;
479;115;1;2;0;
141;624;1;2;0;
152;937;1;2;0;
102;77;1;2;0;
483;632;1;2;0;
737;970;1;2;15942;
893;955;1;2;17045;
815;766;1;2;9612;
86;164;1;2;22750;
34;945;1;2;9593;
816;147;1;2;11408;
671;783;1;2;24812;
501;897;1;2;14754;
476;400;1;2;13985;
577;477;1;2;24791;
561;565;1;2;7497;
776;457;1;2;12351;
297;624;1;2;1096;
122;61;1;2;9457;
323;94;1;2;12629;
193;261;1;2;1895;
301;283;1;2;14034;
685;783;1;2;23035;
561;259;1;2;19144;
726;835;1;2;1961;
373;395;1;2;8166;
989;522;1;2;16263;
263;818;1;2;254;
951;940;1;2;1561;
154;614;1;2;13491;
653;806;1;2;19548;
298;106;1;2;20516;
726;790;1;2;535;
401;702;1;2;1664;
476;427;1;2;17623;
27;151;1;2;13989;
143;491;1;2;6706;
67;754;1;2;12817;
966;56;1;2;19183;
925;561;1;2;21305;
978;213;1;2;8271;
644;862;1;2;14242;
592;939;1;2;18524;
322;340;1;2;10871;
663;815;1;2;9763;
838;194;1;2;12744;
759;336;1;2;6804;
554;754;1;2;24801;
167;71;1;2;22325;
70;995;1;2;11081;
235;325;1;2;24203;
908;968;1;2;20329;
335;911;1;2;8996;
254;232;1;2;17737;
875;894;1;2;13446;
0;1;423;433;
1;1;176;423;
2;1;194;411;
3;1;365;447;
4;1;116;409;
5;1;265;436;
6;1;359;435;
7;1;32;420;
8;1;421;406;
9;1;444;428;
10;1;175;430;
11;1;162;437;
12;1;255;416;
13;1;169;420;
14;1;142;414;
15;1;52;414;
16;1;349;427;
17;1;388;442;
18;1;89;403;
19;1;140;406;
