****9****
100
50;55;1;2;0;
27;45;1;2;0;
9;29;1;2;0;
71;56;1;2;0;
30;88;1;2;0;
74;2;1;2;0;
96;47;1;2;0;
84;88;1;2;0;
26;36;1;2;0;
49;77;1;2;0;
49;1;1;2;0;
16;3;1;2;0;
86;83;1;2;0;
93;48;1;2;0;
91;88;1;2;0;
5;40;1;2;0;
42;84;1;2;0;
37;2;1;2;0;
64;7;1;2;0;
58;93;1;2;0;
46;31;1;2;0;
46;42;1;2;0;
29;30;1;2;0;
81;55;1;2;0;
17;81;1;2;0;
83;17;1;2;0;
82;99;1;2;0;
71;19;1;2;0;
33;63;1;2;0;
18;76;1;2;0;
50;75;1;2;0;
67;44;1;2;0;
58;3;1;2;0;
45;21;1;2;0;
10;54;1;2;0;
65;55;1;2;0;
85;62;1;2;0;
48;13;1;2;0;
43;28;1;2;0;
19;59;1;2;0;
9;2;1;2;0;
27;42;1;2;0;
52;97;1;2;0;
60;84;1;2;0;
11;77;1;2;0;
59;13;1;2;0;
51;26;1;2;0;
8;60;1;2;0;
80;52;1;2;0;
80;41;1;2;0;
58;96;1;2;569;
42;58;1;2;2485;
6;100;1;2;1174;
25;11;1;2;798;
26;89;1;2;147;
77;38;1;2;990;
12;100;1;2;1494;
23;12;1;2;2345;
100;19;1;2;2202;
79;23;1;2;420;
20;80;1;2;1407;
67;73;1;2;1458;
61;78;1;2;876;
87;54;1;2;61;
21;79;1;2;365;
96;7;1;2;185;
82;19;1;2;1965;
45;41;1;2;1995;
10;40;1;2;2062;
82;70;1;2;724;
38;89;1;2;141;
90;55;1;2;2439;
50;68;1;2;804;
62;54;1;2;2045;
36;75;1;2;946;
99;22;1;2;972;
50;56;1;2;2373;
1;100;1;2;2104;
16;9;1;2;1473;
49;42;1;2;1244;
56;80;1;2;374;
94;21;1;2;1935;
4;70;1;2;909;
91;32;1;2;975;
84;19;1;2;427;
56;17;1;2;1913;
86;19;1;2;1426;
82;71;1;2;460;
22;86;1;2;1360;
1;86;1;2;1329;
49;41;1;2;784;
38;86;1;2;1139;
82;89;1;2;1345;
92;32;1;2;2285;
60;67;1;2;1519;
2;74;1;2;1914;
66;59;1;2;1156;
36;92;1;2;1212;
58;13;1;2;1577;
87;13;1;2;1812;
0;1;510;143;
1;1;518;139;
2;1;551;409;
3;1;538;419;
4;1;544;505;
5;1;576;714;
6;1;512;970;
7;1;594;912;
8;1;589;1282;
9;1;523;1224;
10;1;526;1465;
11;1;541;1628;
12;1;508;1669;
13;1;530;1779;
14;1;537;1528;
15;1;525;1822;
16;1;559;1745;
17;1;514;1935;
18;1;597;2064;
19;1;593;1957;
20;1;536;2079;
21;1;567;2494;
22;1;507;2398;
23;1;556;2806;
24;1;527;2620;
25;1;600;2503;
26;1;536;3111;
27;1;520;2814;
28;1;590;3130;
29;1;594;3025;
30;1;547;3153;
31;1;575;3629;
32;1;512;3215;
33;1;566;3829;
34;1;591;3416;
35;1;548;3629;
36;1;578;3760;
37;1;577;3803;
38;1;526;4290;
39;1;530;4263;
40;1;562;4280;
41;1;507;4531;
42;1;521;4440;
43;1;544;4497;
44;1;579;4817;
45;1;539;4736;
46;1;555;4899;
47;1;582;4719;
48;1;505;4971;
49;1;525;5071;
