****12****
100
482;601;1;2;0;
253;76;1;2;0;
843;340;1;2;0;
35;882;1;2;0;
871;247;1;2;0;
771;782;1;2;0;
711;573;1;2;0;
503;572;1;2;0;
179;297;1;2;0;
680;690;1;2;0;
44;424;1;2;0;
191;911;1;2;0;
598;198;1;2;0;
718;484;1;2;0;
289;318;1;2;0;
439;771;1;2;0;
271;692;1;2;0;
198;465;1;2;0;
383;232;1;2;0;
346;254;1;2;0;
478;117;1;2;0;
387;540;1;2;0;
41;889;1;2;0;
463;571;1;2;0;
185;494;1;2;0;
613;581;1;2;0;
918;803;1;2;0;
491;515;1;2;0;
1000;561;1;2;0;
350;288;1;2;0;
230;141;1;2;0;
58;500;1;2;0;
832;255;1;2;0;
317;566;1;2;0;
838;662;1;2;0;
819;316;1;2;0;
130;206;1;2;0;
207;171;1;2;0;
94;670;1;2;0;
741;631;1;2;0;
163;353;1;2;0;
563;432;1;2;0;
507;405;1;2;0;
298;506;1;2;0;
965;1000;1;2;0;
146;195;1;2;0;
140;203;1;2;0;
46;323;1;2;0;
810;362;1;2;0;
888;999;1;2;0;
24;707;1;2;9654;
505;264;1;2;9048;
675;709;1;2;8748;
768;339;1;2;4854;
472;253;1;2;16943;
979;658;1;2;9429;
484;622;1;2;20786;
981;168;1;2;4331;
536;566;1;2;3784;
697;279;1;2;2743;
695;302;1;2;14576;
361;159;1;2;1453;
233;833;1;2;14784;
126;600;1;2;14532;
181;72;1;2;21248;
372;402;1;2;13472;
509;237;1;2;16267;
996;218;1;2;8477;
623;753;1;2;23909;
571;449;1;2;4622;
407;143;1;2;20129;
301;855;1;2;11565;
810;87;1;2;12983;
676;564;1;2;20508;
232;97;1;2;1450;
392;468;1;2;2998;
210;976;1;2;9160;
1;972;1;2;5580;
959;946;1;2;6097;
835;516;1;2;2589;
989;275;1;2;12410;
796;575;1;2;20215;
762;385;1;2;5553;
912;412;1;2;11167;
661;643;1;2;12413;
186;386;1;2;3481;
111;595;1;2;21051;
273;595;1;2;10905;
652;906;1;2;2376;
135;740;1;2;1496;
418;80;1;2;8761;
196;227;1;2;15994;
828;988;1;2;22399;
898;899;1;2;24504;
532;912;1;2;7344;
262;449;1;2;19416;
812;559;1;2;1439;
337;832;1;2;21928;
537;483;1;2;16607;
330;970;1;2;11633;
0;1;490;439;
1;1;4;425;
2;1;434;431;
3;1;286;413;
4;1;218;433;
5;1;11;419;
6;1;391;442;
7;1;232;445;
8;1;156;430;
9;1;132;417;
10;1;238;414;
11;1;155;419;
12;1;43;441;
13;1;404;426;
14;1;372;425;
15;1;301;411;
16;1;463;404;
17;1;137;449;
18;1;34;424;
19;1;361;404;
