****5****
100
35;17;1;2;0;
4;53;1;2;0;
12;67;1;2;0;
77;15;1;2;0;
50;82;1;2;0;
32;21;1;2;0;
67;70;1;2;0;
67;40;1;2;0;
39;86;1;2;0;
32;55;1;2;0;
54;8;1;2;0;
68;29;1;2;0;
9;23;1;2;0;
16;86;1;2;0;
2;17;1;2;0;
15;37;1;2;0;
33;71;1;2;0;
89;96;1;2;0;
37;66;1;2;0;
62;38;1;2;0;
99;93;1;2;0;
11;65;1;2;0;
62;29;1;2;0;
56;53;1;2;0;
66;39;1;2;0;
59;71;1;2;0;
46;26;1;2;0;
100;6;1;2;0;
48;67;1;2;0;
43;1;1;2;0;
83;9;1;2;0;
37;67;1;2;0;
79;26;1;2;0;
62;68;1;2;0;
43;75;1;2;0;
57;41;1;2;0;
68;67;1;2;0;
57;81;1;2;0;
47;12;1;2;0;
33;13;1;2;0;
2;43;1;2;0;
83;99;1;2;0;
68;34;1;2;0;
4;67;1;2;0;
1;98;1;2;0;
68;83;1;2;0;
6;4;1;2;0;
2;85;1;2;0;
81;15;1;2;0;
4;75;1;2;0;
90;60;1;2;2237;
57;79;1;2;2000;
89;25;1;2;735;
74;89;1;2;2482;
16;24;1;2;1536;
84;57;1;2;1109;
2;57;1;2;839;
21;92;1;2;1680;
77;45;1;2;105;
57;59;1;2;1843;
84;48;1;2;1299;
98;56;1;2;1543;
73;97;1;2;1616;
58;70;1;2;2165;
45;85;1;2;61;
29;20;1;2;1452;
69;74;1;2;182;
57;94;1;2;1044;
51;70;1;2;918;
81;79;1;2;684;
14;62;1;2;2056;
7;11;1;2;1218;
77;83;1;2;695;
24;41;1;2;919;
60;37;1;2;1285;
18;17;1;2;2278;
85;85;1;2;2344;
61;42;1;2;862;
79;44;1;2;30;
42;25;1;2;324;
15;38;1;2;787;
35;44;1;2;1155;
63;73;1;2;933;
39;96;1;2;853;
32;7;1;2;897;
14;25;1;2;104;
63;61;1;2;2080;
37;73;1;2;166;
56;4;1;2;1044;
93;45;1;2;2317;
12;59;1;2;830;
92;45;1;2;384;
35;60;1;2;21;
60;98;1;2;1361;
29;82;1;2;1564;
34;95;1;2;695;
55;9;1;2;208;
13;97;1;2;284;
64;52;1;2;1973;
59;97;1;2;1191;
0;1;577;72;
1;1;596;516;
2;1;552;376;
3;1;537;730;
4;1;552;431;
5;1;597;934;
6;1;583;1144;
7;1;582;1232;
8;1;510;1067;
9;1;566;1331;
10;1;536;1215;
11;1;529;1350;
12;1;523;1484;
13;1;536;1759;
14;1;550;1633;
15;1;502;1512;
16;1;543;2071;
17;1;563;2050;
18;1;541;2283;
19;1;531;2199;
20;1;515;2216;
21;1;593;2100;
22;1;503;2683;
23;1;561;2640;
24;1;554;2794;
25;1;528;2576;
26;1;510;2727;
27;1;525;3106;
28;1;599;2929;
29;1;596;3420;
30;1;595;3273;
31;1;579;3273;
32;1;549;3408;
33;1;583;3335;
34;1;544;3644;
35;1;585;3582;
36;1;592;4188;
37;1;506;3859;
38;1;555;4036;
39;1;558;4029;
40;1;545;4406;
41;1;600;4453;
42;1;544;4395;
43;1;586;4403;
44;1;587;4972;
45;1;542;4594;
46;1;533;4709;
47;1;522;4812;
48;1;513;5208;
49;1;522;5381;
