****18****
100
990;715;1;2;0;
745;718;1;2;0;
922;788;1;2;0;
932;590;1;2;0;
517;634;1;2;0;
724;839;1;2;0;
839;103;1;2;0;
144;686;1;2;0;
917;825;1;2;0;
827;648;1;2;0;
522;750;1;2;0;
488;86;1;2;0;
410;307;1;2;0;
617;649;1;2;0;
286;920;1;2;0;
764;276;1;2;0;
986;860;1;2;0;
993;259;1;2;0;
647;276;1;2;0;
849;515;1;2;0;
262;924;1;2;0;
353;100;1;2;0;
27;848;1;2;0;
137;295;1;2;0;
673;315;1;2;0;
294;546;1;2;0;
416;781;1;2;0;
984;825;1;2;0;
87;600;1;2;0;
825;724;1;2;0;
519;588;1;2;0;
999;504;1;2;0;
447;344;1;2;0;
762;445;1;2;0;
619;962;1;2;0;
959;232;1;2;0;
886;664;1;2;0;
684;264;1;2;0;
511;820;1;2;0;
558;535;1;2;0;
487;851;1;2;0;
433;902;1;2;0;
631;416;1;2;0;
79;69;1;2;0;
15;903;1;2;0;
792;885;1;2;0;
843;143;1;2;0;
740;641;1;2;0;
838;501;1;2;0;
86;456;1;2;0;
815;396;1;2;15538;
52;59;1;2;20451;
315;922;1;2;2797;
224;808;1;2;16646;
426;240;1;2;11789;
408;655;1;2;942;
828;21;1;2;15059;
619;905;1;2;17761;
113;644;1;2;23616;
950;497;1;2;13442;
758;311;1;2;7583;
797;714;1;2;2284;
871;28;1;2;12886;
764;251;1;2;22116;
144;28;1;2;7017;
425;435;1;2;14085;
136;262;1;2;11487;
749;232;1;2;23567;
853;345;1;2;965;
949;646;1;2;2410;
482;403;1;2;24490;
410;551;1;2;23546;
749;421;1;2;3057;
9;185;1;2;18762;
429;680;1;2;6383;
88;456;1;2;16899;
401;591;1;2;8318;
87;339;1;2;3964;
30;543;1;2;10243;
616;843;1;2;7456;
698;324;1;2;10177;
442;734;1;2;8945;
899;482;1;2;3704;
735;843;1;2;20006;
173;271;1;2;24495;
638;358;1;2;6207;
537;110;1;2;18334;
697;549;1;2;933;
88;578;1;2;21766;
176;193;1;2;11191;
909;242;1;2;3153;
396;683;1;2;7485;
786;933;1;2;5966;
597;19;1;2;9233;
943;191;1;2;18898;
321;180;1;2;14729;
801;716;1;2;17555;
576;412;1;2;11615;
41;499;1;2;24972;
48;674;1;2;6341;
0;1;398;434;
1;1;433;422;
2;1;330;417;
3;1;330;415;
4;1;251;422;
5;1;211;419;
6;1;356;406;
7;1;311;410;
8;1;326;440;
9;1;121;428;
10;1;57;446;
11;1;53;418;
12;1;66;445;
13;1;467;416;
14;1;493;442;
15;1;109;440;
16;1;426;444;
17;1;313;407;
18;1;212;445;
19;1;221;413;
