****19****
100
100;32;1;2;0;
19;78;1;2;0;
39;54;1;2;0;
49;46;1;2;0;
64;65;1;2;0;
73;84;1;2;0;
84;90;1;2;0;
1;68;1;2;0;
23;77;1;2;0;
60;17;1;2;0;
96;73;1;2;0;
74;36;1;2;0;
15;57;1;2;0;
77;96;1;2;0;
53;17;1;2;0;
32;4;1;2;0;
48;2;1;2;0;
81;86;1;2;0;
55;81;1;2;0;
83;71;1;2;0;
97;7;1;2;0;
6;33;1;2;0;
96;7;1;2;0;
100;18;1;2;0;
83;59;1;2;0;
87;30;1;2;0;
32;60;1;2;0;
65;98;1;2;0;
68;93;1;2;0;
45;20;1;2;0;
9;28;1;2;0;
24;57;1;2;0;
29;56;1;2;0;
94;36;1;2;0;
37;77;1;2;0;
6;85;1;2;0;
35;11;1;2;0;
17;31;1;2;0;
69;68;1;2;0;
100;51;1;2;0;
27;86;1;2;0;
32;10;1;2;0;
97;49;1;2;0;
59;65;1;2;0;
41;4;1;2;0;
36;50;1;2;0;
31;59;1;2;0;
58;60;1;2;0;
67;51;1;2;0;
95;55;1;2;0;
79;52;1;2;1422;
66;14;1;2;1597;
96;83;1;2;1272;
47;85;1;2;2012;
33;17;1;2;124;
81;65;1;2;1850;
97;57;1;2;1718;
33;6;1;2;1204;
43;15;1;2;126;
9;66;1;2;1209;
63;96;1;2;161;
2;61;1;2;1063;
57;8;1;2;1811;
31;55;1;2;1011;
84;39;1;2;1692;
45;19;1;2;1927;
65;16;1;2;982;
40;48;1;2;554;
46;90;1;2;1542;
62;99;1;2;1679;
25;13;1;2;1229;
90;14;1;2;1515;
69;22;1;2;1716;
30;53;1;2;656;
76;88;1;2;1734;
41;32;1;2;2071;
19;49;1;2;976;
57;88;1;2;1061;
48;85;1;2;1036;
6;47;1;2;270;
81;23;1;2;720;
4;64;1;2;1306;
87;33;1;2;1130;
29;62;1;2;1461;
26;89;1;2;1813;
60;30;1;2;2310;
65;100;1;2;2306;
85;56;1;2;1014;
4;55;1;2;2142;
65;13;1;2;816;
23;45;1;2;746;
46;100;1;2;2094;
31;86;1;2;922;
41;67;1;2;1544;
3;92;1;2;2472;
52;3;1;2;395;
84;68;1;2;2243;
65;4;1;2;1499;
85;8;1;2;1218;
89;72;1;2;444;
0;1;540;245;
1;1;529;266;
2;1;592;395;
3;1;504;365;
4;1;566;723;
5;1;514;737;
6;1;558;937;
7;1;575;933;
8;1;519;1008;
9;1;539;1216;
10;1;596;1072;
11;1;518;1595;
12;1;506;1519;
13;1;507;1770;
14;1;543;1565;
15;1;509;1698;
16;1;575;1636;
17;1;549;1965;
18;1;516;2068;
19;1;539;2085;
20;1;576;2483;
21;1;564;2420;
22;1;567;2481;
23;1;568;2680;
24;1;567;2633;
25;1;591;2747;
26;1;502;2645;
27;1;561;3220;
28;1;562;3042;
29;1;584;3375;
30;1;596;3327;
31;1;589;3432;
32;1;580;3516;
33;1;536;3678;
34;1;589;3756;
35;1;528;3832;
36;1;578;3700;
37;1;553;3854;
38;1;529;4058;
39;1;533;3941;
40;1;530;4092;
41;1;556;4243;
42;1;583;4355;
43;1;590;4425;
44;1;535;4534;
45;1;551;5049;
46;1;516;4642;
47;1;505;4986;
48;1;527;5136;
49;1;542;5341;
