****7****
100
847;822;1;2;0;
23;762;1;2;0;
660;153;1;2;0;
328;606;1;2;0;
940;736;1;2;0;
836;731;1;2;0;
237;118;1;2;0;
93;949;1;2;0;
195;243;1;2;0;
755;882;1;2;0;
555;981;1;2;0;
243;13;1;2;0;
560;367;1;2;0;
917;990;1;2;0;
831;870;1;2;0;
998;29;1;2;0;
44;20;1;2;0;
790;55;1;2;0;
172;469;1;2;0;
660;463;1;2;0;
557;495;1;2;0;
545;793;1;2;0;
964;637;1;2;0;
93;158;1;2;0;
880;199;1;2;0;
391;786;1;2;0;
531;986;1;2;0;
798;90;1;2;0;
352;66;1;2;0;
431;534;1;2;0;
935;781;1;2;0;
914;330;1;2;0;
800;56;1;2;0;
384;324;1;2;0;
876;396;1;2;0;
786;432;1;2;0;
242;331;1;2;0;
577;558;1;2;0;
319;21;1;2;0;
67;550;1;2;0;
220;458;1;2;0;
335;750;1;2;0;
795;484;1;2;0;
192;498;1;2;0;
549;974;1;2;0;
383;836;1;2;0;
754;296;1;2;0;
165;906;1;2;0;
703;901;1;2;0;
229;579;1;2;0;
648;14;1;2;16260;
889;696;1;2;14043;
798;15;1;2;7615;
865;564;1;2;4496;
674;899;1;2;6641;
468;734;1;2;20228;
965;283;1;2;23717;
347;118;1;2;20156;
994;282;1;2;3275;
697;534;1;2;6601;
275;181;1;2;14084;
636;422;1;2;12395;
926;219;1;2;6898;
884;435;1;2;21979;
413;108;1;2;15727;
691;927;1;2;16486;
513;891;1;2;18933;
308;589;1;2;12504;
208;935;1;2;20690;
14;631;1;2;507;
47;257;1;2;2708;
446;244;1;2;263;
893;169;1;2;2294;
353;404;1;2;15817;
729;816;1;2;19239;
3;507;1;2;24094;
363;19;1;2;5458;
4;678;1;2;5417;
115;885;1;2;14857;
507;898;1;2;10308;
784;297;1;2;7747;
594;94;1;2;681;
825;986;1;2;907;
627;339;1;2;20534;
863;67;1;2;16306;
558;422;1;2;15368;
180;136;1;2;19692;
45;491;1;2;2993;
498;605;1;2;10428;
237;463;1;2;20273;
606;247;1;2;20871;
935;840;1;2;21810;
507;17;1;2;12734;
248;643;1;2;2788;
745;857;1;2;11703;
409;414;1;2;11949;
227;946;1;2;17764;
767;990;1;2;2576;
336;487;1;2;24394;
789;75;1;2;8402;
0;1;492;430;
1;1;251;441;
2;1;114;442;
3;1;84;422;
4;1;458;414;
5;1;72;402;
6;1;282;418;
7;1;308;418;
8;1;76;424;
9;1;76;402;
10;1;19;420;
11;1;420;410;
12;1;255;405;
13;1;198;447;
14;1;43;422;
15;1;301;435;
16;1;303;403;
17;1;377;418;
18;1;344;410;
19;1;239;404;
