****16****
100
6;71;1;2;0;
3;25;1;2;0;
93;74;1;2;0;
53;8;1;2;0;
86;90;1;2;0;
66;54;1;2;0;
68;46;1;2;0;
52;49;1;2;0;
58;80;1;2;0;
74;97;1;2;0;
59;93;1;2;0;
33;11;1;2;0;
57;55;1;2;0;
16;2;1;2;0;
86;93;1;2;0;
70;43;1;2;0;
15;72;1;2;0;
67;59;1;2;0;
45;71;1;2;0;
19;83;1;2;0;
13;84;1;2;0;
88;80;1;2;0;
82;39;1;2;0;
80;39;1;2;0;
18;54;1;2;0;
36;76;1;2;0;
98;68;1;2;0;
38;7;1;2;0;
74;54;1;2;0;
8;11;1;2;0;
98;78;1;2;0;
53;13;1;2;0;
1;72;1;2;0;
71;98;1;2;0;
94;41;1;2;0;
80;6;1;2;0;
25;67;1;2;0;
86;58;1;2;0;
58;17;1;2;0;
96;27;1;2;0;
70;83;1;2;0;
55;20;1;2;0;
3;92;1;2;0;
26;76;1;2;0;
97;85;1;2;0;
39;47;1;2;0;
62;43;1;2;0;
59;15;1;2;0;
66;81;1;2;0;
12;60;1;2;0;
22;43;1;2;2097;
98;61;1;2;1220;
7;18;1;2;1019;
2;45;1;2;1649;
85;51;1;2;258;
87;94;1;2;124;
14;43;1;2;615;
4;89;1;2;2493;
47;99;1;2;187;
12;79;1;2;325;
23;52;1;2;1448;
40;1;1;2;2109;
93;7;1;2;2088;
15;61;1;2;687;
7;97;1;2;2164;
69;35;1;2;918;
57;48;1;2;2258;
29;52;1;2;777;
14;50;1;2;1543;
66;61;1;2;2453;
28;36;1;2;428;
33;75;1;2;195;
50;19;1;2;538;
84;34;1;2;619;
15;92;1;2;73;
95;60;1;2;1626;
69;68;1;2;791;
37;96;1;2;608;
41;62;1;2;2308;
95;27;1;2;955;
80;6;1;2;1077;
16;38;1;2;2273;
52;87;1;2;759;
47;71;1;2;60;
2;85;1;2;1825;
5;31;1;2;1309;
90;52;1;2;1140;
27;88;1;2;1935;
14;81;1;2;1182;
3;75;1;2;1574;
4;54;1;2;935;
88;21;1;2;717;
50;73;1;2;524;
78;71;1;2;2450;
44;25;1;2;2178;
100;29;1;2;1873;
68;71;1;2;2454;
4;97;1;2;1179;
35;62;1;2;1325;
79;16;1;2;1938;
0;1;549;391;
1;1;543;588;
2;1;558;611;
3;1;541;534;
4;1;588;720;
5;1;537;796;
6;1;518;713;
7;1;534;743;
8;1;583;974;
9;1;572;1334;
10;1;585;1094;
11;1;554;1232;
12;1;545;1577;
13;1;546;1453;
14;1;518;1633;
15;1;597;1716;
16;1;532;1878;
17;1;593;1828;
18;1;554;2145;
19;1;600;1992;
20;1;582;2091;
21;1;503;2239;
22;1;519;2251;
23;1;530;2391;
24;1;550;2650;
25;1;504;2821;
26;1;515;2686;
27;1;570;2789;
28;1;596;3363;
29;1;519;3268;
30;1;581;3474;
31;1;582;3449;
32;1;505;3673;
33;1;557;3621;
34;1;511;3435;
35;1;551;3998;
36;1;544;4052;
37;1;543;3863;
38;1;541;4224;
39;1;516;4089;
40;1;525;4118;
41;1;580;4230;
42;1;527;4339;
43;1;502;4433;
44;1;568;4731;
45;1;538;4827;
46;1;534;4922;
47;1;564;5126;
48;1;544;5307;
49;1;549;5379;
