****13****
400
22;61;1;2;0;
15;28;1;2;0;
11;18;1;2;0;
22;23;1;2;0;
41;51;1;2;0;
95;80;1;2;0;
75;73;1;2;0;
41;23;1;2;0;
61;6;1;2;0;
88;51;1;2;0;
27;44;1;2;0;
7;9;1;2;0;
2;42;1;2;0;
59;37;1;2;0;
60;1;1;2;0;
42;81;1;2;0;
13;56;1;2;0;
61;23;1;2;0;
73;82;1;2;0;
97;14;1;2;0;
84;91;1;2;0;
45;58;1;2;0;
15;38;1;2;0;
33;75;1;2;0;
43;72;1;2;0;
25;22;1;2;0;
15;84;1;2;0;
30;69;1;2;0;
77;40;1;2;0;
57;36;1;2;0;
40;98;1;2;0;
69;4;1;2;0;
53;81;1;2;0;
78;78;1;2;0;
62;74;1;2;0;
43;97;1;2;0;
16;87;1;2;0;
55;30;1;2;0;
24;39;1;2;0;
5;19;1;2;0;
10;81;1;2;0;
40;76;1;2;0;
64;21;1;2;0;
96;41;1;2;0;
60;53;1;2;0;
28;51;1;2;0;
50;96;1;2;0;
54;55;1;2;0;
76;31;1;2;0;
84;89;1;2;0;
56;26;1;2;0;
86;23;1;2;0;
64;92;1;2;0;
52;88;1;2;0;
82;8;1;2;0;
58;91;1;2;0;
89;97;1;2;0;
18;4;1;2;0;
17;14;1;2;0;
96;76;1;2;0;
66;24;1;2;0;
78;67;1;2;0;
19;31;1;2;0;
73;47;1;2;0;
13;56;1;2;0;
35;20;1;2;0;
81;72;1;2;0;
42;45;1;2;0;
15;45;1;2;0;
84;96;1;2;0;
53;41;1;2;0;
38;93;1;2;0;
37;56;1;2;0;
96;5;1;2;0;
69;44;1;2;0;
32;86;1;2;0;
67;9;1;2;0;
4;37;1;2;0;
91;29;1;2;0;
35;55;1;2;0;
84;70;1;2;0;
26;65;1;2;0;
93;67;1;2;0;
61;8;1;2;0;
63;44;1;2;0;
55;15;1;2;0;
36;93;1;2;0;
59;24;1;2;0;
48;7;1;2;0;
28;68;1;2;0;
50;11;1;2;0;
5;68;1;2;0;
71;60;1;2;0;
4;61;1;2;0;
88;91;1;2;0;
67;72;1;2;0;
12;92;1;2;0;
88;4;1;2;0;
10;48;1;2;0;
63;72;1;2;0;
43;18;1;2;0;
39;30;1;2;0;
10;97;1;2;0;
53;9;1;2;0;
55;32;1;2;0;
28;4;1;2;0;
94;32;1;2;0;
23;64;1;2;0;
91;27;1;2;0;
76;79;1;2;0;
17;42;1;2;0;
2;28;1;2;0;
85;89;1;2;0;
83;46;1;2;0;
88;46;1;2;0;
17;82;1;2;0;
15;7;1;2;0;
63;76;1;2;0;
56;67;1;2;0;
84;10;1;2;0;
98;63;1;2;0;
66;43;1;2;0;
94;88;1;2;0;
6;36;1;2;0;
66;33;1;2;0;
66;34;1;2;0;
26;67;1;2;0;
13;62;1;2;0;
55;96;1;2;0;
7;94;1;2;0;
93;75;1;2;0;
27;59;1;2;0;
82;89;1;2;0;
34;37;1;2;0;
55;69;1;2;0;
98;4;1;2;0;
31;63;1;2;0;
46;76;1;2;0;
3;3;1;2;0;
11;68;1;2;0;
35;77;1;2;0;
54;12;1;2;0;
43;66;1;2;0;
73;50;1;2;0;
13;79;1;2;0;
95;57;1;2;0;
54;22;1;2;0;
15;87;1;2;0;
10;48;1;2;0;
75;17;1;2;0;
68;72;1;2;0;
20;98;1;2;0;
87;18;1;2;0;
73;89;1;2;0;
20;84;1;2;0;
8;7;1;2;0;
12;61;1;2;0;
18;54;1;2;0;
79;43;1;2;0;
55;91;1;2;0;
21;50;1;2;0;
48;26;1;2;0;
71;14;1;2;0;
12;32;1;2;0;
62;86;1;2;0;
48;81;1;2;0;
10;68;1;2;0;
79;96;1;2;0;
37;3;1;2;0;
36;8;1;2;0;
38;43;1;2;0;
14;49;1;2;0;
56;84;1;2;0;
55;34;1;2;0;
26;9;1;2;0;
76;98;1;2;0;
58;23;1;2;0;
24;80;1;2;0;
37;87;1;2;0;
12;50;1;2;0;
73;11;1;2;0;
30;82;1;2;0;
30;60;1;2;0;
29;66;1;2;0;
15;64;1;2;0;
74;52;1;2;0;
58;39;1;2;0;
53;65;1;2;0;
22;7;1;2;0;
98;99;1;2;0;
67;74;1;2;0;
49;77;1;2;0;
48;24;1;2;0;
56;36;1;2;0;
10;19;1;2;0;
37;34;1;2;0;
30;19;1;2;0;
67;59;1;2;0;
30;47;1;2;0;
77;44;1;2;0;
10;50;1;2;6701;
20;88;1;2;3419;
84;62;1;2;6360;
34;12;1;2;831;
59;60;1;2;4062;
6;35;1;2;8177;
94;97;1;2;8768;
30;30;1;2;4502;
100;49;1;2;6775;
30;95;1;2;9139;
73;57;1;2;8909;
20;76;1;2;6953;
71;11;1;2;4376;
80;44;1;2;5580;
56;2;1;2;4375;
7;60;1;2;9909;
18;5;1;2;3222;
48;86;1;2;624;
58;86;1;2;1755;
79;15;1;2;9319;
76;39;1;2;1002;
22;11;1;2;1894;
8;81;1;2;9627;
6;13;1;2;2136;
16;68;1;2;8847;
86;26;1;2;2416;
42;44;1;2;4014;
46;91;1;2;7914;
79;100;1;2;7068;
61;79;1;2;6260;
89;54;1;2;596;
73;76;1;2;6779;
84;35;1;2;9305;
57;40;1;2;4532;
74;56;1;2;4372;
45;93;1;2;1807;
26;86;1;2;6094;
12;31;1;2;7078;
83;9;1;2;9262;
39;69;1;2;497;
61;57;1;2;1002;
69;81;1;2;764;
40;16;1;2;5657;
43;25;1;2;1135;
58;98;1;2;3857;
40;94;1;2;9277;
47;72;1;2;7302;
98;35;1;2;1154;
42;17;1;2;3616;
34;7;1;2;4286;
4;67;1;2;5717;
80;87;1;2;8913;
30;78;1;2;5765;
15;72;1;2;5902;
39;29;1;2;2538;
70;68;1;2;3440;
93;67;1;2;4262;
49;16;1;2;7939;
87;57;1;2;4541;
85;91;1;2;57;
100;46;1;2;2905;
76;77;1;2;3681;
84;7;1;2;9163;
7;21;1;2;813;
55;11;1;2;4242;
52;32;1;2;1664;
94;24;1;2;7044;
8;24;1;2;6475;
7;62;1;2;8114;
23;46;1;2;143;
96;98;1;2;3061;
88;25;1;2;25;
66;8;1;2;1802;
21;14;1;2;2969;
100;20;1;2;4661;
8;23;1;2;3971;
35;17;1;2;8018;
28;76;1;2;6260;
36;34;1;2;930;
100;8;1;2;6725;
7;4;1;2;6849;
11;91;1;2;9178;
91;56;1;2;3702;
78;28;1;2;5108;
36;28;1;2;9299;
57;87;1;2;9889;
8;21;1;2;1398;
83;48;1;2;8090;
32;83;1;2;7902;
43;82;1;2;7532;
99;40;1;2;4881;
52;50;1;2;6091;
81;41;1;2;3763;
17;18;1;2;8140;
18;5;1;2;8954;
91;61;1;2;3684;
87;69;1;2;1837;
50;3;1;2;2614;
89;86;1;2;4647;
13;28;1;2;4970;
44;26;1;2;3728;
31;29;1;2;6138;
59;61;1;2;1147;
43;77;1;2;2716;
6;47;1;2;2735;
48;37;1;2;8022;
76;75;1;2;1469;
24;25;1;2;2174;
71;65;1;2;6397;
52;77;1;2;6145;
14;72;1;2;9224;
68;2;1;2;2479;
72;61;1;2;5091;
15;55;1;2;1837;
80;60;1;2;6749;
97;59;1;2;1281;
78;34;1;2;6401;
28;9;1;2;2428;
31;31;1;2;9611;
20;82;1;2;6928;
89;47;1;2;833;
83;15;1;2;8365;
9;86;1;2;4535;
44;100;1;2;5265;
60;31;1;2;8694;
69;27;1;2;4853;
19;5;1;2;5269;
44;84;1;2;5015;
44;14;1;2;5626;
9;86;1;2;3906;
49;74;1;2;3747;
61;8;1;2;9955;
27;16;1;2;8667;
4;12;1;2;2109;
36;71;1;2;3000;
78;91;1;2;5151;
79;62;1;2;6585;
64;5;1;2;8771;
58;100;1;2;4962;
33;8;1;2;475;
90;57;1;2;2535;
93;69;1;2;2522;
62;47;1;2;757;
64;3;1;2;4490;
69;38;1;2;6636;
5;15;1;2;2865;
20;45;1;2;6616;
38;9;1;2;4289;
92;66;1;2;8313;
59;98;1;2;456;
63;39;1;2;5489;
40;83;1;2;7480;
24;44;1;2;2637;
75;59;1;2;8732;
38;28;1;2;8871;
70;84;1;2;4984;
93;3;1;2;847;
29;93;1;2;2807;
69;84;1;2;6958;
61;94;1;2;8925;
60;8;1;2;2615;
67;47;1;2;2853;
42;22;1;2;9595;
16;96;1;2;3661;
92;33;1;2;6085;
57;55;1;2;944;
89;47;1;2;4468;
13;28;1;2;4321;
97;96;1;2;352;
98;8;1;2;7524;
96;67;1;2;6310;
33;85;1;2;324;
5;27;1;2;4247;
20;94;1;2;6678;
93;38;1;2;5342;
46;94;1;2;5798;
82;34;1;2;1989;
72;98;1;2;530;
55;94;1;2;6789;
20;43;1;2;9079;
31;39;1;2;8933;
48;23;1;2;1841;
64;27;1;2;6362;
100;46;1;2;6210;
84;91;1;2;9039;
53;36;1;2;5876;
75;17;1;2;1704;
44;40;1;2;8452;
92;94;1;2;1;
36;14;1;2;4392;
87;96;1;2;8389;
8;95;1;2;7843;
62;10;1;2;4530;
46;10;1;2;9122;
24;45;1;2;5280;
90;97;1;2;9090;
50;72;1;2;2573;
96;67;1;2;199;
39;59;1;2;7367;
27;94;1;2;5508;
0;1;8;3;
1;1;6;102;
2;1;39;227;
3;1;23;321;
4;1;12;404;
5;1;48;502;
6;1;14;610;
7;1;20;713;
8;1;13;809;
9;1;20;903;
10;1;39;1018;
11;1;9;1108;
12;1;35;1228;
13;1;16;1307;
14;1;26;1410;
15;1;41;1507;
16;1;44;1643;
17;1;14;1707;
18;1;2;1801;
19;1;36;1909;
20;1;32;2011;
21;1;36;2112;
22;1;8;2206;
23;1;20;2301;
24;1;25;2414;
25;1;36;2528;
26;1;22;2609;
27;1;22;2701;
28;1;45;2808;
29;1;37;2912;
30;1;49;3037;
31;1;8;3103;
32;1;29;3219;
33;1;26;3323;
34;1;8;3406;
35;1;43;3542;
36;1;48;3604;
37;1;36;3721;
38;1;37;3830;
39;1;29;3919;
40;1;48;4031;
41;1;26;4104;
42;1;12;4210;
43;1;28;4327;
44;1;38;4402;
45;1;31;4509;
46;1;45;4637;
47;1;32;4712;
48;1;9;4805;
49;1;3;4901;
50;1;21;5011;
51;1;7;5100;
52;1;27;5202;
53;1;30;5325;
54;1;50;5407;
55;1;28;5513;
56;1;24;5612;
57;1;18;5706;
58;1;4;5801;
59;1;46;5934;
60;1;12;6011;
61;1;28;6109;
62;1;15;6213;
63;1;29;6325;
64;1;19;6415;
65;1;43;6519;
66;1;29;6620;
67;1;12;6711;
68;1;42;6832;
69;1;23;6916;
70;1;50;7049;
71;1;38;7134;
72;1;5;7200;
73;1;11;7309;
74;1;3;7400;
75;1;50;7513;
76;1;33;7624;
77;1;21;7711;
78;1;40;7810;
79;1;24;7913;
