5875,5913
5871,5913
5865,5913
5858,5913
5858,5913
5851,5913
5851,5913
5848,5913
5848,5913
5848,5913
5846,5913
5846,5913
5841,5913
5841,5913
5841,5913
5841,5913
5841,5913
5841,5913
5841,5913
5841,5913
5841,5913
5841,5913
5841,5913
5841,5913
5841,5913
5841,5913
5840,5913
5840,5913
5840,5913
5840,5913
5839,5913
5839,5913
5839,5913
5839,5913
5839,5913
5839,5913
5839,5913
5839,5913
5839,5913
5839,5913
5837,5913
5837,5913
5837,5913
5837,5913
5837,5913
5837,5913
5837,5913
5837,5913
5837,5913
5837,5913
5837,5913
5837,5913
5837,5913
5837,5913
5837,5913
5837,5913
5837,5913
5835,5913
5835,5913
5835,5913
