6044,6098
6043,6098
6041,6098
6040,6098
6039,6098
6039,6098
6039,6098
6039,6098
6039,6098
6039,6098
6033,6098
6033,6098
6033,6098
6033,6098
6029,6098
6029,6098
6029,6098
6029,6098
6029,6098
6029,6098
6029,6098
6029,6098
6029,6098
6029,6098
6029,6098
6029,6098
6029,6098
6029,6098
6029,6098
6029,6098
6029,6098
6029,6098
6029,6098
6029,6098
6029,6098
6029,6098
6029,6098
6029,6098
6029,6098
6029,6098
6029,6098
6029,6098
6028,6098
6028,6098
6028,6098
6028,6098
6028,6098
6028,6098
6028,6098
6028,6098
6028,6098
6028,6098
6028,6098
6028,6098
6028,6098
6028,6098
6028,6098
6028,6098
6028,6098
6028,6098
