****1****
100
774;493;1;2;0;
158;508;1;2;0;
552;549;1;2;0;
463;362;1;2;0;
906;616;1;2;0;
870;568;1;2;0;
992;609;1;2;0;
618;957;1;2;0;
348;680;1;2;0;
539;722;1;2;0;
564;150;1;2;0;
994;257;1;2;0;
277;873;1;2;0;
781;802;1;2;0;
154;189;1;2;0;
460;927;1;2;0;
33;617;1;2;0;
786;936;1;2;0;
517;600;1;2;0;
297;422;1;2;0;
567;519;1;2;0;
341;558;1;2;0;
127;311;1;2;0;
866;474;1;2;0;
342;405;1;2;0;
547;905;1;2;0;
554;893;1;2;0;
513;182;1;2;0;
765;294;1;2;0;
335;270;1;2;0;
834;794;1;2;0;
197;219;1;2;0;
762;334;1;2;0;
154;278;1;2;0;
934;803;1;2;0;
699;500;1;2;0;
321;392;1;2;0;
410;799;1;2;0;
702;275;1;2;0;
624;43;1;2;0;
31;171;1;2;0;
947;936;1;2;0;
63;811;1;2;0;
117;179;1;2;0;
456;451;1;2;0;
449;290;1;2;0;
244;997;1;2;0;
860;5;1;2;0;
330;365;1;2;0;
634;615;1;2;0;
167;685;1;2;5352;
839;76;1;2;9350;
637;777;1;2;5233;
261;171;1;2;2856;
431;469;1;2;19432;
845;279;1;2;17114;
23;735;1;2;11227;
823;376;1;2;3604;
819;235;1;2;9506;
501;599;1;2;21053;
115;118;1;2;1941;
581;956;1;2;15579;
456;593;1;2;4362;
958;853;1;2;14172;
842;635;1;2;21284;
661;479;1;2;9095;
949;853;1;2;13886;
336;28;1;2;16215;
670;198;1;2;8820;
360;698;1;2;23942;
684;165;1;2;17866;
692;745;1;2;15964;
775;553;1;2;17569;
986;862;1;2;4536;
367;55;1;2;4901;
216;715;1;2;9097;
344;664;1;2;11407;
557;351;1;2;10832;
146;372;1;2;22863;
968;83;1;2;2736;
93;119;1;2;23960;
983;810;1;2;14636;
181;937;1;2;15860;
322;274;1;2;3368;
316;993;1;2;9513;
647;208;1;2;5974;
457;903;1;2;9864;
471;460;1;2;9658;
512;605;1;2;11208;
102;924;1;2;24020;
742;17;1;2;889;
546;351;1;2;16511;
447;883;1;2;11461;
899;557;1;2;21846;
565;224;1;2;9589;
284;870;1;2;23223;
70;326;1;2;1335;
519;796;1;2;3319;
22;307;1;2;2132;
896;761;1;2;6595;
0;1;400;204;
1;1;400;801;
2;1;400;1762;
3;1;400;2882;
4;1;400;3247;
5;1;400;4012;
6;1;400;4870;
7;1;400;6093;
8;1;400;6647;
9;1;400;7294;
10;1;400;8243;
11;1;400;9103;
12;1;400;9844;
13;1;400;10559;
14;1;400;11226;
15;1;400;12237;
16;1;400;13243;
17;1;400;13995;
18;1;400;14838;
19;1;400;15212;
