****13****
100
639;607;1;2;0;
689;679;1;2;0;
648;609;1;2;0;
654;665;1;2;0;
697;623;1;2;0;
601;642;1;2;0;
618;637;1;2;0;
631;677;1;2;0;
667;676;1;2;0;
683;601;1;2;0;
634;647;1;2;0;
663;692;1;2;0;
602;697;1;2;0;
653;677;1;2;0;
623;650;1;2;0;
626;662;1;2;0;
657;667;1;2;0;
641;657;1;2;0;
677;647;1;2;0;
622;626;1;2;0;
623;676;1;2;0;
668;641;1;2;0;
665;651;1;2;0;
670;632;1;2;0;
679;605;1;2;0;
633;613;1;2;0;
653;696;1;2;0;
657;655;1;2;0;
645;610;1;2;0;
684;620;1;2;0;
612;610;1;2;0;
683;669;1;2;0;
678;676;1;2;0;
627;607;1;2;0;
676;601;1;2;0;
685;699;1;2;0;
629;605;1;2;0;
692;695;1;2;0;
656;663;1;2;0;
627;635;1;2;0;
620;613;1;2;0;
601;673;1;2;0;
661;658;1;2;0;
628;607;1;2;0;
621;664;1;2;0;
627;685;1;2;0;
675;662;1;2;0;
655;605;1;2;0;
691;634;1;2;0;
612;619;1;2;0;
635;697;1;2;10744;
617;602;1;2;10291;
612;610;1;2;15956;
691;697;1;2;1614;
604;698;1;2;6703;
666;609;1;2;14128;
625;682;1;2;10361;
604;667;1;2;7788;
667;674;1;2;12709;
610;608;1;2;15895;
629;696;1;2;8248;
699;613;1;2;11310;
661;677;1;2;9627;
639;668;1;2;15687;
637;625;1;2;3032;
608;643;1;2;14403;
660;668;1;2;7509;
629;672;1;2;12683;
620;691;1;2;8312;
669;653;1;2;8226;
681;682;1;2;12276;
643;681;1;2;1918;
658;695;1;2;15209;
684;634;1;2;5427;
659;671;1;2;5293;
632;679;1;2;11900;
667;692;1;2;11000;
683;621;1;2;6922;
619;693;1;2;12264;
630;614;1;2;15334;
649;648;1;2;4376;
616;691;1;2;15881;
696;601;1;2;6639;
653;685;1;2;13605;
630;696;1;2;10638;
633;629;1;2;15945;
678;696;1;2;11153;
644;631;1;2;16117;
682;603;1;2;6124;
663;633;1;2;10133;
650;634;1;2;9529;
668;650;1;2;7813;
671;698;1;2;4792;
669;651;1;2;14839;
601;681;1;2;4890;
604;666;1;2;10478;
638;697;1;2;6748;
617;641;1;2;1209;
668;675;1;2;6545;
613;690;1;2;8060;
0;1;276;276;
1;1;242;892;
2;1;246;1546;
3;1;85;2035;
4;1;262;2862;
5;1;173;3423;
6;1;163;4063;
7;1;60;4610;
8;1;21;5221;
9;1;119;5969;
10;1;79;6579;
11;1;72;7222;
12;1;10;7810;
13;1;132;8582;
14;1;206;9306;
15;1;323;10073;
16;1;11;10411;
17;1;99;11149;
18;1;292;11992;
19;1;101;12451;
