****1****
100
659;646;1;2;0;
624;639;1;2;0;
657;688;1;2;0;
606;614;1;2;0;
635;687;1;2;0;
634;640;1;2;0;
621;642;1;2;0;
691;616;1;2;0;
636;623;1;2;0;
652;692;1;2;0;
645;671;1;2;0;
696;643;1;2;0;
695;642;1;2;0;
672;660;1;2;0;
692;607;1;2;0;
653;651;1;2;0;
653;629;1;2;0;
643;611;1;2;0;
670;601;1;2;0;
677;605;1;2;0;
640;664;1;2;0;
645;662;1;2;0;
606;636;1;2;0;
678;694;1;2;0;
611;682;1;2;0;
686;609;1;2;0;
654;635;1;2;0;
652;649;1;2;0;
629;625;1;2;0;
662;621;1;2;0;
684;667;1;2;0;
624;638;1;2;0;
697;667;1;2;0;
649;619;1;2;0;
621;678;1;2;0;
624;661;1;2;0;
642;669;1;2;0;
623;600;1;2;0;
658;654;1;2;0;
646;621;1;2;0;
636;633;1;2;0;
630;690;1;2;0;
668;683;1;2;0;
692;649;1;2;0;
660;654;1;2;0;
622;644;1;2;0;
673;646;1;2;0;
682;622;1;2;0;
666;683;1;2;0;
641;687;1;2;0;
614;665;1;2;14436;
608;687;1;2;10685;
609;645;1;2;15568;
655;666;1;2;2806;
640;649;1;2;3661;
660;632;1;2;9623;
609;644;1;2;6845;
631;640;1;2;13703;
630;623;1;2;2441;
696;658;1;2;16127;
635;624;1;2;10095;
683;633;1;2;3225;
659;642;1;2;5979;
637;649;1;2;3186;
652;642;1;2;15056;
609;602;1;2;4729;
610;612;1;2;15562;
617;695;1;2;10307;
697;625;1;2;770;
600;673;1;2;11146;
645;608;1;2;11123;
655;644;1;2;15903;
652;603;1;2;9173;
646;641;1;2;7123;
658;645;1;2;15838;
620;654;1;2;1255;
665;616;1;2;13729;
655;685;1;2;6134;
637;682;1;2;10162;
642;635;1;2;5391;
657;680;1;2;6073;
697;635;1;2;15139;
622;687;1;2;10772;
689;685;1;2;13288;
606;643;1;2;4495;
616;663;1;2;9052;
681;629;1;2;8827;
658;636;1;2;10665;
631;673;1;2;5262;
681;615;1;2;11309;
656;624;1;2;928;
688;622;1;2;5212;
616;644;1;2;6388;
648;686;1;2;15182;
620;644;1;2;7025;
690;660;1;2;13226;
613;694;1;2;15505;
605;652;1;2;8427;
633;683;1;2;7046;
696;616;1;2;628;
0;1;43;43;
1;1;324;974;
2;1;226;1526;
3;1;96;2046;
4;1;289;2889;
5;1;150;3400;
6;1;259;4159;
7;1;106;4656;
8;1;122;5322;
9;1;11;5861;
10;1;6;6506;
11;1;158;7308;
12;1;323;8123;
13;1;201;8651;
14;1;277;9377;
15;1;181;9931;
16;1;268;10668;
17;1;164;11214;
18;1;252;11952;
19;1;32;12382;
