****15****
100
689;603;1;2;0;
670;683;1;2;0;
622;648;1;2;0;
642;676;1;2;0;
614;688;1;2;0;
650;661;1;2;0;
613;621;1;2;0;
697;617;1;2;0;
659;692;1;2;0;
696;620;1;2;0;
676;680;1;2;0;
684;646;1;2;0;
698;633;1;2;0;
696;631;1;2;0;
640;662;1;2;0;
678;629;1;2;0;
617;601;1;2;0;
664;691;1;2;0;
649;607;1;2;0;
667;615;1;2;0;
647;669;1;2;0;
629;660;1;2;0;
642;626;1;2;0;
629;601;1;2;0;
670;625;1;2;0;
621;646;1;2;0;
606;658;1;2;0;
644;656;1;2;0;
691;641;1;2;0;
687;631;1;2;0;
655;617;1;2;0;
613;672;1;2;0;
618;677;1;2;0;
615;619;1;2;0;
636;682;1;2;0;
687;683;1;2;0;
603;616;1;2;0;
695;645;1;2;0;
694;624;1;2;0;
698;616;1;2;0;
650;619;1;2;0;
662;608;1;2;0;
629;658;1;2;0;
664;672;1;2;0;
699;603;1;2;0;
604;654;1;2;0;
672;669;1;2;0;
678;643;1;2;0;
698;693;1;2;0;
662;635;1;2;0;
627;601;1;2;9739;
630;669;1;2;10087;
675;615;1;2;15983;
625;631;1;2;3298;
645;645;1;2;12010;
626;604;1;2;3829;
699;603;1;2;6682;
655;610;1;2;492;
624;688;1;2;11315;
622;682;1;2;4908;
609;609;1;2;15517;
680;692;1;2;8019;
646;619;1;2;11912;
636;645;1;2;6463;
629;642;1;2;530;
629;668;1;2;7004;
646;667;1;2;4124;
665;622;1;2;9127;
609;698;1;2;717;
644;673;1;2;6829;
646;682;1;2;13882;
649;662;1;2;6876;
669;660;1;2;3078;
609;649;1;2;13242;
629;678;1;2;13580;
694;659;1;2;127;
615;605;1;2;5398;
691;623;1;2;11647;
626;632;1;2;4677;
601;677;1;2;8563;
610;675;1;2;16208;
628;624;1;2;104;
639;645;1;2;2838;
621;655;1;2;12640;
648;684;1;2;5053;
617;630;1;2;3592;
654;697;1;2;5328;
659;688;1;2;12198;
691;666;1;2;13190;
669;619;1;2;8114;
672;629;1;2;1879;
657;610;1;2;14749;
657;601;1;2;10737;
670;622;1;2;1756;
679;622;1;2;15267;
671;639;1;2;3047;
670;693;1;2;4602;
626;605;1;2;1049;
658;696;1;2;1514;
670;617;1;2;6716;
0;1;162;162;
1;1;215;865;
2;1;141;1441;
3;1;3;1953;
4;1;299;2899;
5;1;276;3526;
6;1;93;3993;
7;1;32;4582;
8;1;129;5329;
9;1;80;5930;
10;1;2;6502;
11;1;51;7201;
12;1;73;7873;
13;1;208;8658;
14;1;48;9148;
15;1;76;9826;
16;1;229;10629;
17;1;214;11264;
18;1;85;11785;
19;1;101;12451;
