****18****
100
605;670;1;2;0;
657;607;1;2;0;
678;664;1;2;0;
639;642;1;2;0;
631;628;1;2;0;
631;632;1;2;0;
624;689;1;2;0;
628;634;1;2;0;
625;608;1;2;0;
654;645;1;2;0;
641;655;1;2;0;
691;605;1;2;0;
696;610;1;2;0;
679;673;1;2;0;
676;604;1;2;0;
665;681;1;2;0;
675;622;1;2;0;
689;605;1;2;0;
638;680;1;2;0;
647;669;1;2;0;
660;630;1;2;0;
602;636;1;2;0;
619;682;1;2;0;
671;697;1;2;0;
642;625;1;2;0;
642;683;1;2;0;
680;685;1;2;0;
689;629;1;2;0;
695;620;1;2;0;
654;623;1;2;0;
676;619;1;2;0;
604;651;1;2;0;
693;645;1;2;0;
608;632;1;2;0;
677;607;1;2;0;
653;637;1;2;0;
637;607;1;2;0;
674;657;1;2;0;
689;645;1;2;0;
606;632;1;2;0;
622;648;1;2;0;
667;655;1;2;0;
685;608;1;2;0;
684;632;1;2;0;
628;638;1;2;0;
655;605;1;2;0;
610;611;1;2;0;
608;655;1;2;0;
609;617;1;2;0;
687;686;1;2;0;
676;641;1;2;12044;
614;600;1;2;15618;
623;690;1;2;8488;
629;674;1;2;2677;
629;693;1;2;11036;
614;602;1;2;8068;
698;682;1;2;7199;
653;687;1;2;7872;
616;648;1;2;2303;
625;617;1;2;13577;
664;693;1;2;6773;
640;607;1;2;3315;
690;682;1;2;9922;
637;611;1;2;15482;
658;692;1;2;9339;
683;606;1;2;2905;
695;656;1;2;11183;
694;661;1;2;1811;
655;678;1;2;7933;
624;655;1;2;713;
680;619;1;2;11336;
629;611;1;2;307;
678;601;1;2;41;
670;690;1;2;4334;
635;649;1;2;8245;
646;684;1;2;7914;
659;679;1;2;811;
655;626;1;2;8414;
690;633;1;2;15341;
673;657;1;2;3808;
625;689;1;2;3596;
618;618;1;2;10496;
623;649;1;2;12373;
611;619;1;2;1462;
610;606;1;2;8197;
601;653;1;2;9102;
651;612;1;2;7499;
610;667;1;2;15333;
678;657;1;2;7974;
628;682;1;2;3978;
681;607;1;2;669;
658;678;1;2;9569;
647;601;1;2;12994;
637;612;1;2;9363;
669;674;1;2;7401;
603;676;1;2;6954;
672;679;1;2;4170;
621;689;1;2;10231;
600;619;1;2;3942;
613;647;1;2;4738;
0;1;86;86;
1;1;7;657;
2;1;292;1592;
3;1;297;2247;
4;1;167;2767;
5;1;170;3420;
6;1;304;4204;
7;1;314;4864;
8;1;198;5398;
9;1;285;6135;
10;1;278;6778;
11;1;88;7238;
12;1;187;7987;
13;1;248;8698;
14;1;137;9237;
15;1;271;10021;
16;1;178;10578;
17;1;88;11138;
18;1;109;11809;
19;1;100;12450;
