****6****
100
651;617;1;2;0;
686;694;1;2;0;
605;638;1;2;0;
625;629;1;2;0;
648;666;1;2;0;
618;625;1;2;0;
696;674;1;2;0;
673;629;1;2;0;
654;689;1;2;0;
644;664;1;2;0;
659;616;1;2;0;
659;605;1;2;0;
612;633;1;2;0;
687;668;1;2;0;
626;655;1;2;0;
673;677;1;2;0;
624;659;1;2;0;
623;629;1;2;0;
649;649;1;2;0;
610;698;1;2;0;
615;680;1;2;0;
675;664;1;2;0;
654;648;1;2;0;
693;660;1;2;0;
689;689;1;2;0;
676;649;1;2;0;
605;636;1;2;0;
654;617;1;2;0;
621;693;1;2;0;
637;647;1;2;0;
600;610;1;2;0;
676;624;1;2;0;
621;600;1;2;0;
606;671;1;2;0;
649;616;1;2;0;
669;616;1;2;0;
697;696;1;2;0;
680;603;1;2;0;
644;626;1;2;0;
664;634;1;2;0;
667;640;1;2;0;
635;673;1;2;0;
628;689;1;2;0;
642;650;1;2;0;
634;632;1;2;0;
649;687;1;2;0;
642;626;1;2;0;
611;664;1;2;0;
678;669;1;2;0;
635;679;1;2;0;
686;656;1;2;498;
635;652;1;2;2050;
638;648;1;2;13897;
602;634;1;2;7076;
695;669;1;2;2841;
623;658;1;2;13581;
625;645;1;2;12926;
675;632;1;2;2236;
653;695;1;2;15164;
631;665;1;2;10373;
662;603;1;2;10097;
609;638;1;2;4231;
637;676;1;2;11434;
695;679;1;2;9002;
669;626;1;2;613;
619;649;1;2;4064;
612;627;1;2;13475;
637;602;1;2;13445;
657;607;1;2;5535;
692;690;1;2;12672;
663;652;1;2;1671;
641;661;1;2;15494;
672;651;1;2;4653;
603;646;1;2;7239;
668;667;1;2;6295;
603;687;1;2;12805;
649;651;1;2;4968;
691;689;1;2;13744;
666;698;1;2;9157;
688;690;1;2;8702;
675;605;1;2;6161;
665;647;1;2;13536;
645;671;1;2;14617;
601;626;1;2;13807;
637;694;1;2;16171;
650;650;1;2;15058;
613;699;1;2;5788;
655;642;1;2;8043;
699;608;1;2;12556;
602;696;1;2;11483;
695;671;1;2;10452;
640;688;1;2;12802;
647;633;1;2;1767;
608;635;1;2;14526;
664;624;1;2;16075;
692;674;1;2;7028;
654;640;1;2;943;
672;647;1;2;11296;
679;647;1;2;7525;
684;601;1;2;6671;
0;1;35;35;
1;1;223;873;
2;1;195;1495;
3;1;263;2213;
4;1;213;2813;
5;1;184;3434;
6;1;215;4115;
7;1;137;4687;
8;1;69;5269;
9;1;265;6115;
10;1;271;6771;
11;1;206;7356;
12;1;166;7966;
13;1;137;8587;
14;1;130;9230;
15;1;161;9911;
16;1;129;10529;
17;1;32;11082;
18;1;309;12009;
19;1;236;12586;
