****19****
100
619;657;1;2;0;
698;660;1;2;0;
651;698;1;2;0;
680;602;1;2;0;
663;679;1;2;0;
687;698;1;2;0;
612;628;1;2;0;
697;604;1;2;0;
699;677;1;2;0;
694;624;1;2;0;
689;622;1;2;0;
661;650;1;2;0;
671;672;1;2;0;
672;623;1;2;0;
660;656;1;2;0;
699;631;1;2;0;
665;649;1;2;0;
691;616;1;2;0;
600;623;1;2;0;
670;663;1;2;0;
655;658;1;2;0;
614;667;1;2;0;
638;611;1;2;0;
623;690;1;2;0;
688;618;1;2;0;
614;677;1;2;0;
692;675;1;2;0;
680;663;1;2;0;
647;604;1;2;0;
638;659;1;2;0;
612;689;1;2;0;
690;678;1;2;0;
639;634;1;2;0;
646;639;1;2;0;
657;669;1;2;0;
654;612;1;2;0;
627;668;1;2;0;
632;617;1;2;0;
631;655;1;2;0;
659;672;1;2;0;
625;673;1;2;0;
601;617;1;2;0;
648;633;1;2;0;
632;648;1;2;0;
638;670;1;2;0;
659;602;1;2;0;
660;650;1;2;0;
680;651;1;2;0;
636;679;1;2;0;
642;693;1;2;0;
648;696;1;2;10698;
627;617;1;2;3797;
696;648;1;2;4031;
656;672;1;2;9122;
629;674;1;2;5171;
630;607;1;2;15647;
630;697;1;2;10845;
689;600;1;2;11424;
691;632;1;2;6429;
627;663;1;2;1694;
673;611;1;2;10657;
683;690;1;2;10448;
625;687;1;2;4368;
626;643;1;2;13963;
653;672;1;2;13053;
650;654;1;2;414;
679;684;1;2;15580;
630;674;1;2;7852;
694;665;1;2;16245;
608;645;1;2;4877;
617;618;1;2;2853;
622;601;1;2;7316;
696;678;1;2;6646;
618;604;1;2;5649;
665;658;1;2;10978;
686;608;1;2;4370;
619;639;1;2;11138;
649;669;1;2;8129;
631;615;1;2;5644;
697;676;1;2;5214;
627;693;1;2;10683;
621;667;1;2;4994;
605;663;1;2;1438;
628;681;1;2;10803;
642;647;1;2;2953;
632;685;1;2;15561;
677;656;1;2;15521;
659;605;1;2;2175;
614;688;1;2;7944;
687;638;1;2;2010;
605;665;1;2;11812;
693;638;1;2;10758;
682;695;1;2;14043;
649;623;1;2;9785;
673;617;1;2;5189;
654;650;1;2;13308;
696;679;1;2;2056;
628;638;1;2;8009;
682;605;1;2;1772;
652;644;1;2;9083;
0;1;275;275;
1;1;176;826;
2;1;197;1497;
3;1;241;2191;
4;1;246;2846;
5;1;11;3261;
6;1;48;3948;
7;1;29;4579;
8;1;108;5308;
9;1;144;5994;
10;1;128;6628;
11;1;307;7457;
12;1;173;7973;
13;1;276;8726;
14;1;74;9174;
15;1;101;9851;
16;1;308;10708;
17;1;226;11276;
18;1;264;11964;
19;1;256;12606;
