****12****
100
673;669;1;2;0;
673;640;1;2;0;
690;628;1;2;0;
669;645;1;2;0;
692;606;1;2;0;
664;681;1;2;0;
673;689;1;2;0;
634;614;1;2;0;
622;634;1;2;0;
669;614;1;2;0;
682;638;1;2;0;
604;679;1;2;0;
635;665;1;2;0;
687;665;1;2;0;
680;634;1;2;0;
619;653;1;2;0;
603;645;1;2;0;
645;693;1;2;0;
673;615;1;2;0;
690;666;1;2;0;
621;606;1;2;0;
647;646;1;2;0;
695;633;1;2;0;
660;617;1;2;0;
668;682;1;2;0;
631;602;1;2;0;
620;687;1;2;0;
682;656;1;2;0;
653;621;1;2;0;
673;633;1;2;0;
655;645;1;2;0;
638;658;1;2;0;
690;683;1;2;0;
603;663;1;2;0;
698;693;1;2;0;
629;671;1;2;0;
699;628;1;2;0;
618;646;1;2;0;
662;678;1;2;0;
615;682;1;2;0;
660;647;1;2;0;
684;633;1;2;0;
634;618;1;2;0;
689;639;1;2;0;
640;614;1;2;0;
624;695;1;2;0;
659;662;1;2;0;
606;649;1;2;0;
646;609;1;2;0;
613;644;1;2;0;
655;694;1;2;6740;
606;623;1;2;3244;
653;637;1;2;3924;
620;671;1;2;11828;
667;655;1;2;10371;
654;674;1;2;4813;
645;666;1;2;10937;
670;661;1;2;10986;
632;619;1;2;4718;
630;629;1;2;6857;
675;636;1;2;7671;
643;642;1;2;14265;
629;647;1;2;2176;
693;668;1;2;5807;
670;687;1;2;14239;
632;693;1;2;7746;
683;639;1;2;2599;
649;661;1;2;12773;
626;645;1;2;12182;
652;676;1;2;1898;
692;603;1;2;477;
678;646;1;2;9705;
639;627;1;2;11748;
637;620;1;2;10424;
658;643;1;2;1768;
634;675;1;2;5751;
637;611;1;2;7347;
657;660;1;2;12239;
691;638;1;2;15206;
693;690;1;2;3902;
627;634;1;2;14474;
646;612;1;2;9656;
659;651;1;2;6933;
619;640;1;2;12239;
648;698;1;2;2891;
664;685;1;2;764;
673;622;1;2;10670;
674;631;1;2;15792;
635;623;1;2;10865;
642;668;1;2;10101;
625;647;1;2;15612;
611;693;1;2;12059;
695;604;1;2;13709;
606;624;1;2;6485;
690;624;1;2;5690;
668;688;1;2;4564;
674;613;1;2;15601;
639;639;1;2;8898;
668;675;1;2;6723;
635;617;1;2;5007;
0;1;46;46;
1;1;96;746;
2;1;85;1385;
3;1;188;2138;
4;1;259;2859;
5;1;55;3305;
6;1;196;4096;
7;1;230;4780;
8;1;110;5310;
9;1;256;6106;
10;1;288;6788;
11;1;186;7336;
12;1;234;8034;
13;1;155;8605;
14;1;160;9260;
15;1;85;9835;
16;1;249;10649;
17;1;100;11150;
18;1;271;11971;
19;1;98;12448;
