****2****
100
632;676;1;2;0;
663;685;1;2;0;
689;648;1;2;0;
620;623;1;2;0;
645;689;1;2;0;
676;687;1;2;0;
662;601;1;2;0;
660;627;1;2;0;
601;645;1;2;0;
657;649;1;2;0;
631;687;1;2;0;
631;605;1;2;0;
690;609;1;2;0;
660;682;1;2;0;
647;611;1;2;0;
640;632;1;2;0;
639;655;1;2;0;
669;628;1;2;0;
604;689;1;2;0;
603;601;1;2;0;
630;679;1;2;0;
640;692;1;2;0;
681;600;1;2;0;
672;634;1;2;0;
646;629;1;2;0;
683;629;1;2;0;
669;666;1;2;0;
634;611;1;2;0;
675;647;1;2;0;
645;674;1;2;0;
610;638;1;2;0;
658;650;1;2;0;
693;627;1;2;0;
678;649;1;2;0;
669;634;1;2;0;
650;699;1;2;0;
613;691;1;2;0;
644;646;1;2;0;
643;616;1;2;0;
632;641;1;2;0;
697;667;1;2;0;
670;618;1;2;0;
633;657;1;2;0;
681;660;1;2;0;
604;627;1;2;0;
687;614;1;2;0;
665;697;1;2;0;
616;610;1;2;0;
677;647;1;2;0;
612;646;1;2;0;
681;662;1;2;3629;
694;605;1;2;9219;
693;601;1;2;6023;
625;642;1;2;4396;
693;665;1;2;13867;
626;622;1;2;2832;
639;626;1;2;6979;
678;692;1;2;14517;
675;609;1;2;3746;
652;656;1;2;6266;
650;637;1;2;2712;
600;683;1;2;4541;
693;676;1;2;1997;
607;654;1;2;12775;
670;647;1;2;6343;
651;625;1;2;16179;
614;664;1;2;7780;
656;694;1;2;3664;
663;670;1;2;13343;
633;622;1;2;10250;
614;673;1;2;7193;
658;673;1;2;4437;
612;618;1;2;5117;
614;677;1;2;11380;
663;647;1;2;9858;
625;699;1;2;12557;
661;665;1;2;13934;
623;622;1;2;14283;
630;637;1;2;11413;
697;670;1;2;7734;
621;685;1;2;2421;
685;643;1;2;15354;
633;655;1;2;4990;
610;622;1;2;9853;
640;685;1;2;13343;
618;663;1;2;6318;
673;624;1;2;7861;
692;600;1;2;3954;
658;682;1;2;2357;
642;679;1;2;11562;
653;652;1;2;588;
636;638;1;2;14143;
645;671;1;2;8014;
624;681;1;2;5198;
680;674;1;2;2219;
684;692;1;2;5419;
691;665;1;2;7969;
664;609;1;2;12903;
610;668;1;2;5624;
642;662;1;2;6233;
0;1;123;123;
1;1;16;666;
2;1;285;1585;
3;1;264;2214;
4;1;55;2655;
5;1;273;3523;
6;1;24;3924;
7;1;275;4825;
8;1;272;5472;
9;1;142;5992;
10;1;99;6599;
11;1;28;7178;
12;1;33;7833;
13;1;79;8529;
14;1;229;9329;
15;1;39;9789;
16;1;166;10566;
17;1;46;11096;
18;1;256;11956;
19;1;7;12357;
