****4****
100
616;619;1;2;0;
634;600;1;2;0;
663;615;1;2;0;
680;631;1;2;0;
611;626;1;2;0;
629;663;1;2;0;
697;610;1;2;0;
648;640;1;2;0;
693;646;1;2;0;
616;649;1;2;0;
675;683;1;2;0;
611;663;1;2;0;
660;670;1;2;0;
610;677;1;2;0;
678;679;1;2;0;
673;646;1;2;0;
698;659;1;2;0;
646;613;1;2;0;
627;678;1;2;0;
644;690;1;2;0;
604;626;1;2;0;
653;602;1;2;0;
636;602;1;2;0;
694;681;1;2;0;
600;610;1;2;0;
630;627;1;2;0;
646;693;1;2;0;
691;606;1;2;0;
663;601;1;2;0;
636;641;1;2;0;
680;609;1;2;0;
639;630;1;2;0;
621;685;1;2;0;
643;648;1;2;0;
663;639;1;2;0;
638;620;1;2;0;
665;644;1;2;0;
674;653;1;2;0;
698;668;1;2;0;
635;698;1;2;0;
678;617;1;2;0;
677;676;1;2;0;
611;668;1;2;0;
635;674;1;2;0;
621;671;1;2;0;
668;653;1;2;0;
632;607;1;2;0;
683;653;1;2;0;
645;678;1;2;0;
653;660;1;2;0;
618;644;1;2;10164;
635;688;1;2;10123;
641;686;1;2;2640;
676;636;1;2;265;
645;613;1;2;1359;
656;634;1;2;5042;
683;655;1;2;12644;
651;661;1;2;1108;
610;644;1;2;9672;
607;675;1;2;14395;
668;645;1;2;12837;
600;680;1;2;14112;
607;621;1;2;5478;
681;649;1;2;15623;
634;647;1;2;13482;
616;603;1;2;12146;
684;686;1;2;12186;
672;689;1;2;639;
644;600;1;2;11133;
669;607;1;2;10694;
600;627;1;2;3030;
675;628;1;2;6605;
690;687;1;2;5468;
643;668;1;2;5883;
632;655;1;2;2297;
635;671;1;2;9563;
671;607;1;2;14575;
615;679;1;2;3817;
672;675;1;2;10252;
622;697;1;2;5758;
650;697;1;2;2479;
672;625;1;2;10581;
626;667;1;2;12432;
653;611;1;2;15420;
682;643;1;2;8305;
658;630;1;2;8698;
690;654;1;2;5390;
608;621;1;2;15774;
667;694;1;2;13201;
679;668;1;2;2598;
698;618;1;2;7854;
696;690;1;2;9303;
627;668;1;2;4806;
692;622;1;2;9336;
626;656;1;2;6014;
667;615;1;2;13068;
679;605;1;2;5397;
651;665;1;2;16185;
602;632;1;2;2064;
632;611;1;2;1923;
0;1;309;309;
1;1;62;712;
2;1;69;1369;
3;1;234;2184;
4;1;61;2661;
5;1;262;3512;
6;1;236;4136;
7;1;313;4863;
8;1;130;5330;
9;1;257;6107;
10;1;7;6507;
11;1;304;7454;
12;1;117;7917;
13;1;61;8511;
14;1;136;9236;
15;1;270;10020;
16;1;28;10428;
17;1;3;11053;
18;1;55;11755;
19;1;185;12535;
