****10****
100
667;654;1;2;0;
653;640;1;2;0;
660;645;1;2;0;
606;655;1;2;0;
660;627;1;2;0;
603;627;1;2;0;
615;657;1;2;0;
670;628;1;2;0;
635;610;1;2;0;
606;686;1;2;0;
641;627;1;2;0;
663;664;1;2;0;
699;656;1;2;0;
680;603;1;2;0;
692;672;1;2;0;
645;659;1;2;0;
626;651;1;2;0;
699;686;1;2;0;
648;606;1;2;0;
693;608;1;2;0;
685;649;1;2;0;
687;600;1;2;0;
606;610;1;2;0;
680;693;1;2;0;
620;639;1;2;0;
631;661;1;2;0;
666;695;1;2;0;
626;666;1;2;0;
651;658;1;2;0;
669;643;1;2;0;
630;667;1;2;0;
655;656;1;2;0;
618;654;1;2;0;
694;666;1;2;0;
612;687;1;2;0;
627;649;1;2;0;
636;666;1;2;0;
601;694;1;2;0;
676;682;1;2;0;
639;648;1;2;0;
621;671;1;2;0;
662;687;1;2;0;
666;640;1;2;0;
605;669;1;2;0;
698;675;1;2;0;
665;680;1;2;0;
694;620;1;2;0;
688;612;1;2;0;
626;682;1;2;0;
630;691;1;2;0;
621;609;1;2;9404;
610;676;1;2;7382;
656;604;1;2;5843;
696;605;1;2;11866;
667;667;1;2;8863;
685;659;1;2;6772;
654;609;1;2;6941;
671;689;1;2;7982;
691;677;1;2;14920;
670;611;1;2;15102;
613;684;1;2;14336;
605;694;1;2;15035;
699;603;1;2;11264;
675;699;1;2;9262;
672;666;1;2;15963;
609;603;1;2;7496;
603;657;1;2;1104;
672;629;1;2;10865;
687;672;1;2;2523;
614;694;1;2;5191;
623;607;1;2;8679;
694;613;1;2;13704;
641;612;1;2;8284;
645;640;1;2;927;
653;664;1;2;13867;
681;625;1;2;8304;
619;628;1;2;2084;
615;600;1;2;8471;
651;687;1;2;9234;
665;653;1;2;7373;
689;629;1;2;1387;
650;623;1;2;682;
606;665;1;2;5883;
616;662;1;2;6581;
626;667;1;2;9895;
653;600;1;2;13186;
684;620;1;2;6973;
624;687;1;2;2946;
697;638;1;2;9085;
690;603;1;2;7810;
682;645;1;2;7465;
682;695;1;2;12892;
646;653;1;2;16119;
675;622;1;2;12159;
644;648;1;2;5528;
678;653;1;2;684;
689;689;1;2;9872;
628;665;1;2;13198;
668;662;1;2;10024;
600;605;1;2;7619;
0;1;186;186;
1;1;138;788;
2;1;262;1562;
3;1;200;2150;
4;1;47;2647;
5;1;85;3335;
6;1;12;3912;
7;1;319;4869;
8;1;113;5313;
9;1;219;6069;
10;1;269;6769;
11;1;37;7187;
12;1;87;7887;
13;1;241;8691;
14;1;137;9237;
15;1;248;9998;
16;1;44;10444;
17;1;91;11141;
18;1;287;11987;
19;1;210;12560;
