****16****
100
607;691;1;2;0;
629;612;1;2;0;
687;687;1;2;0;
608;602;1;2;0;
657;677;1;2;0;
688;620;1;2;0;
666;603;1;2;0;
647;664;1;2;0;
681;666;1;2;0;
672;659;1;2;0;
622;650;1;2;0;
612;619;1;2;0;
660;686;1;2;0;
645;640;1;2;0;
600;681;1;2;0;
691;607;1;2;0;
672;672;1;2;0;
671;660;1;2;0;
659;631;1;2;0;
614;668;1;2;0;
608;602;1;2;0;
688;626;1;2;0;
657;687;1;2;0;
642;638;1;2;0;
653;667;1;2;0;
650;675;1;2;0;
617;662;1;2;0;
647;629;1;2;0;
600;644;1;2;0;
670;600;1;2;0;
625;613;1;2;0;
659;697;1;2;0;
637;682;1;2;0;
609;648;1;2;0;
613;623;1;2;0;
616;673;1;2;0;
625;656;1;2;0;
699;683;1;2;0;
643;642;1;2;0;
673;648;1;2;0;
609;623;1;2;0;
675;678;1;2;0;
637;674;1;2;0;
608;690;1;2;0;
618;630;1;2;0;
690;643;1;2;0;
695;602;1;2;0;
693;632;1;2;0;
684;602;1;2;0;
680;650;1;2;0;
626;648;1;2;14258;
603;604;1;2;14922;
638;699;1;2;7752;
612;699;1;2;1019;
687;626;1;2;13072;
677;601;1;2;4494;
667;619;1;2;8308;
609;615;1;2;4491;
663;608;1;2;14370;
600;662;1;2;11649;
650;688;1;2;9692;
625;644;1;2;611;
648;682;1;2;6526;
665;646;1;2;11546;
643;686;1;2;16235;
600;663;1;2;13860;
664;682;1;2;13857;
611;691;1;2;13388;
652;655;1;2;16221;
678;655;1;2;15415;
635;657;1;2;10016;
689;682;1;2;2732;
650;683;1;2;10304;
611;600;1;2;4823;
622;644;1;2;6234;
660;644;1;2;11417;
651;660;1;2;9922;
614;623;1;2;9335;
643;676;1;2;2841;
681;606;1;2;14061;
633;641;1;2;5064;
673;682;1;2;13116;
610;633;1;2;2377;
681;644;1;2;3607;
698;618;1;2;11067;
602;631;1;2;5328;
620;634;1;2;11882;
621;648;1;2;6537;
613;644;1;2;10034;
612;625;1;2;2232;
618;610;1;2;1537;
681;635;1;2;15633;
678;645;1;2;3134;
611;626;1;2;12563;
692;677;1;2;11460;
621;679;1;2;11314;
694;651;1;2;2977;
631;672;1;2;5052;
640;637;1;2;14678;
677;601;1;2;4070;
0;1;121;121;
1;1;145;795;
2;1;191;1491;
3;1;58;2008;
4;1;3;2603;
5;1;77;3327;
6;1;2;3902;
7;1;59;4609;
8;1;124;5324;
9;1;6;5856;
10;1;120;6620;
11;1;278;7428;
12;1;279;8079;
13;1;214;8664;
14;1;30;9130;
15;1;322;10072;
16;1;210;10610;
17;1;36;11086;
18;1;172;11872;
19;1;306;12656;
