****17****
100
686;632;1;2;0;
636;611;1;2;0;
616;677;1;2;0;
648;697;1;2;0;
654;650;1;2;0;
602;627;1;2;0;
621;670;1;2;0;
684;674;1;2;0;
621;612;1;2;0;
609;669;1;2;0;
692;603;1;2;0;
648;620;1;2;0;
641;652;1;2;0;
618;652;1;2;0;
687;666;1;2;0;
609;626;1;2;0;
698;645;1;2;0;
637;667;1;2;0;
674;685;1;2;0;
616;681;1;2;0;
635;618;1;2;0;
660;657;1;2;0;
688;644;1;2;0;
683;661;1;2;0;
608;692;1;2;0;
631;600;1;2;0;
647;679;1;2;0;
672;640;1;2;0;
684;642;1;2;0;
644;623;1;2;0;
609;653;1;2;0;
649;659;1;2;0;
650;686;1;2;0;
678;625;1;2;0;
624;694;1;2;0;
658;611;1;2;0;
613;618;1;2;0;
668;653;1;2;0;
614;603;1;2;0;
615;622;1;2;0;
647;698;1;2;0;
674;694;1;2;0;
629;698;1;2;0;
634;665;1;2;0;
640;678;1;2;0;
689;601;1;2;0;
683;638;1;2;0;
661;634;1;2;0;
677;639;1;2;0;
611;601;1;2;0;
634;669;1;2;4574;
699;639;1;2;775;
604;653;1;2;3162;
619;627;1;2;1034;
669;653;1;2;5643;
651;651;1;2;9724;
616;643;1;2;13030;
605;645;1;2;14508;
696;658;1;2;1545;
673;697;1;2;7304;
626;683;1;2;7536;
690;634;1;2;11175;
675;639;1;2;9675;
664;610;1;2;1510;
652;632;1;2;15788;
634;683;1;2;15683;
603;699;1;2;2309;
603;605;1;2;5206;
686;601;1;2;8228;
603;626;1;2;4296;
683;652;1;2;5294;
632;694;1;2;14048;
672;670;1;2;3924;
617;686;1;2;10880;
641;690;1;2;10079;
618;624;1;2;1286;
698;680;1;2;1504;
621;683;1;2;2346;
690;669;1;2;4055;
668;624;1;2;10803;
644;607;1;2;3432;
656;691;1;2;14271;
654;615;1;2;4837;
643;632;1;2;6047;
642;673;1;2;12178;
626;643;1;2;12623;
692;641;1;2;5601;
658;662;1;2;15647;
681;604;1;2;6506;
605;673;1;2;12225;
607;669;1;2;2859;
661;677;1;2;185;
610;631;1;2;10631;
680;626;1;2;16117;
689;621;1;2;11396;
687;647;1;2;12256;
610;639;1;2;13382;
665;650;1;2;10326;
655;631;1;2;3549;
666;689;1;2;10772;
0;1;152;152;
1;1;97;747;
2;1;109;1409;
3;1;21;1971;
4;1;9;2609;
5;1;37;3287;
6;1;256;4156;
7;1;169;4719;
8;1;245;5445;
9;1;31;5881;
10;1;226;6726;
11;1;272;7422;
12;1;190;7990;
13;1;315;8765;
14;1;218;9318;
15;1;149;9899;
16;1;28;10428;
17;1;190;11240;
18;1;26;11726;
19;1;190;12540;
