****3****
100
637;651;1;2;0;
697;647;1;2;0;
696;608;1;2;0;
667;624;1;2;0;
602;629;1;2;0;
631;699;1;2;0;
697;690;1;2;0;
640;601;1;2;0;
640;663;1;2;0;
602;661;1;2;0;
681;627;1;2;0;
615;616;1;2;0;
632;644;1;2;0;
604;674;1;2;0;
616;610;1;2;0;
608;606;1;2;0;
613;605;1;2;0;
605;609;1;2;0;
613;672;1;2;0;
633;616;1;2;0;
653;664;1;2;0;
667;602;1;2;0;
607;607;1;2;0;
655;699;1;2;0;
623;657;1;2;0;
612;604;1;2;0;
636;627;1;2;0;
620;669;1;2;0;
623;677;1;2;0;
643;692;1;2;0;
639;651;1;2;0;
698;652;1;2;0;
609;603;1;2;0;
661;674;1;2;0;
675;695;1;2;0;
690;680;1;2;0;
611;610;1;2;0;
683;670;1;2;0;
669;638;1;2;0;
621;692;1;2;0;
648;633;1;2;0;
649;636;1;2;0;
613;621;1;2;0;
605;636;1;2;0;
698;601;1;2;0;
680;637;1;2;0;
604;678;1;2;0;
641;613;1;2;0;
681;603;1;2;0;
688;608;1;2;0;
650;630;1;2;752;
613;692;1;2;4985;
636;614;1;2;655;
657;658;1;2;14042;
691;607;1;2;7144;
656;681;1;2;8809;
692;631;1;2;5956;
673;621;1;2;13109;
603;662;1;2;6275;
685;617;1;2;1566;
645;667;1;2;131;
686;633;1;2;2175;
662;669;1;2;1300;
629;678;1;2;5767;
643;621;1;2;8974;
646;677;1;2;8416;
607;622;1;2;3120;
668;647;1;2;14209;
634;650;1;2;963;
618;687;1;2;10539;
689;633;1;2;4270;
643;671;1;2;988;
642;686;1;2;15063;
654;615;1;2;2695;
625;610;1;2;584;
656;609;1;2;3141;
619;616;1;2;2172;
662;684;1;2;15634;
678;671;1;2;15837;
657;689;1;2;8509;
653;630;1;2;13531;
668;626;1;2;15404;
617;668;1;2;2863;
686;674;1;2;13812;
634;652;1;2;6784;
656;660;1;2;426;
655;679;1;2;13042;
676;642;1;2;8592;
644;672;1;2;14427;
614;629;1;2;11077;
624;682;1;2;9603;
619;651;1;2;10135;
686;620;1;2;3345;
638;658;1;2;6784;
658;693;1;2;5222;
640;601;1;2;5623;
679;656;1;2;6910;
638;684;1;2;5445;
629;628;1;2;15437;
644;694;1;2;5349;
0;1;150;150;
1;1;222;872;
2;1;281;1581;
3;1;161;2111;
4;1;191;2791;
5;1;259;3509;
6;1;298;4198;
7;1;127;4677;
8;1;154;5354;
9;1;228;6078;
10;1;243;6743;
11;1;63;7213;
12;1;162;7962;
13;1;301;8751;
14;1;208;9308;
15;1;197;9947;
16;1;16;10416;
17;1;309;11359;
18;1;218;11918;
19;1;322;12672;
