****7****
100
623;606;1;2;0;
632;670;1;2;0;
645;612;1;2;0;
669;697;1;2;0;
696;671;1;2;0;
693;680;1;2;0;
668;612;1;2;0;
669;605;1;2;0;
672;610;1;2;0;
694;618;1;2;0;
626;639;1;2;0;
698;691;1;2;0;
600;655;1;2;0;
604;606;1;2;0;
686;662;1;2;0;
666;609;1;2;0;
668;698;1;2;0;
631;666;1;2;0;
610;601;1;2;0;
663;659;1;2;0;
672;608;1;2;0;
691;640;1;2;0;
672;613;1;2;0;
697;645;1;2;0;
675;691;1;2;0;
663;602;1;2;0;
682;613;1;2;0;
693;635;1;2;0;
668;697;1;2;0;
641;654;1;2;0;
611;607;1;2;0;
615;632;1;2;0;
657;647;1;2;0;
650;620;1;2;0;
600;665;1;2;0;
631;672;1;2;0;
673;622;1;2;0;
664;697;1;2;0;
687;613;1;2;0;
694;663;1;2;0;
605;609;1;2;0;
665;639;1;2;0;
623;610;1;2;0;
674;691;1;2;0;
660;615;1;2;0;
698;623;1;2;0;
622;665;1;2;0;
655;632;1;2;0;
664;657;1;2;0;
652;664;1;2;0;
622;683;1;2;5402;
647;657;1;2;13472;
697;645;1;2;5280;
691;660;1;2;7924;
601;677;1;2;4435;
624;687;1;2;4426;
667;699;1;2;7656;
617;623;1;2;926;
635;630;1;2;1461;
699;640;1;2;4641;
616;662;1;2;14758;
656;662;1;2;13488;
661;659;1;2;14598;
631;650;1;2;15683;
606;603;1;2;7912;
672;679;1;2;9065;
613;699;1;2;13127;
670;616;1;2;11922;
601;603;1;2;15671;
664;655;1;2;5606;
679;671;1;2;10605;
677;679;1;2;8998;
684;692;1;2;8255;
637;623;1;2;12829;
601;681;1;2;14811;
643;606;1;2;9320;
624;619;1;2;1361;
604;689;1;2;5791;
660;642;1;2;4597;
698;606;1;2;8521;
676;685;1;2;8117;
668;614;1;2;13534;
675;651;1;2;10491;
692;640;1;2;9013;
660;641;1;2;12279;
684;636;1;2;6462;
639;660;1;2;2745;
641;665;1;2;2029;
663;677;1;2;5238;
689;675;1;2;7078;
670;603;1;2;2694;
674;623;1;2;4836;
610;650;1;2;5993;
686;643;1;2;9260;
689;655;1;2;2565;
674;639;1;2;10073;
665;678;1;2;1588;
628;671;1;2;13247;
680;635;1;2;1462;
626;676;1;2;14406;
0;1;280;280;
1;1;98;748;
2;1;313;1613;
3;1;246;2196;
4;1;174;2774;
5;1;114;3364;
6;1;76;3976;
7;1;284;4834;
8;1;39;5239;
9;1;84;5934;
10;1;222;6722;
11;1;82;7232;
12;1;7;7807;
13;1;237;8687;
14;1;138;9238;
15;1;98;9848;
16;1;311;10711;
17;1;54;11104;
18;1;324;12024;
19;1;204;12554;
