****9****
100
620;681;1;2;0;
635;695;1;2;0;
697;681;1;2;0;
686;683;1;2;0;
662;633;1;2;0;
679;654;1;2;0;
642;641;1;2;0;
621;690;1;2;0;
600;672;1;2;0;
603;633;1;2;0;
633;664;1;2;0;
650;697;1;2;0;
698;624;1;2;0;
627;645;1;2;0;
698;674;1;2;0;
607;618;1;2;0;
607;695;1;2;0;
613;604;1;2;0;
628;651;1;2;0;
688;691;1;2;0;
636;667;1;2;0;
697;679;1;2;0;
608;618;1;2;0;
669;660;1;2;0;
690;672;1;2;0;
694;675;1;2;0;
689;644;1;2;0;
625;639;1;2;0;
620;652;1;2;0;
636;618;1;2;0;
678;644;1;2;0;
636;685;1;2;0;
691;601;1;2;0;
641;671;1;2;0;
605;629;1;2;0;
662;641;1;2;0;
648;612;1;2;0;
672;609;1;2;0;
630;641;1;2;0;
669;673;1;2;0;
666;615;1;2;0;
648;655;1;2;0;
611;673;1;2;0;
694;631;1;2;0;
677;682;1;2;0;
601;607;1;2;0;
626;689;1;2;0;
644;669;1;2;0;
691;686;1;2;0;
641;648;1;2;0;
667;655;1;2;15017;
616;667;1;2;3529;
677;650;1;2;507;
698;623;1;2;3395;
666;623;1;2;6364;
677;649;1;2;176;
661;626;1;2;15094;
662;634;1;2;3299;
652;678;1;2;9236;
695;616;1;2;8000;
643;684;1;2;4474;
684;652;1;2;3864;
698;681;1;2;8803;
606;679;1;2;14095;
679;697;1;2;12333;
608;675;1;2;15382;
634;688;1;2;14626;
643;602;1;2;7757;
631;654;1;2;4472;
640;601;1;2;9086;
690;696;1;2;13837;
647;681;1;2;8345;
624;631;1;2;10195;
651;637;1;2;10820;
653;617;1;2;13208;
679;677;1;2;6450;
653;663;1;2;1857;
606;607;1;2;9921;
693;690;1;2;16234;
663;630;1;2;5082;
649;672;1;2;13397;
671;619;1;2;685;
645;696;1;2;2977;
652;647;1;2;9278;
690;601;1;2;16225;
626;632;1;2;9185;
637;685;1;2;2575;
688;692;1;2;6743;
694;637;1;2;13484;
654;652;1;2;9026;
615;653;1;2;12873;
673;624;1;2;1745;
616;621;1;2;12007;
639;673;1;2;3709;
651;616;1;2;441;
680;642;1;2;9789;
638;632;1;2;3130;
611;620;1;2;11340;
692;666;1;2;14421;
662;620;1;2;596;
0;1;168;168;
1;1;87;737;
2;1;52;1352;
3;1;192;2142;
4;1;137;2737;
5;1;79;3329;
6;1;313;4213;
7;1;29;4579;
8;1;275;5475;
9;1;30;5880;
10;1;270;6770;
11;1;76;7226;
12;1;197;7997;
13;1;146;8596;
14;1;167;9267;
15;1;116;9866;
16;1;53;10453;
17;1;236;11286;
18;1;291;11991;
19;1;218;12568;
