****5****
100
684;696;1;2;0;
610;649;1;2;0;
682;664;1;2;0;
633;614;1;2;0;
696;645;1;2;0;
666;604;1;2;0;
658;684;1;2;0;
689;620;1;2;0;
697;676;1;2;0;
657;679;1;2;0;
633;639;1;2;0;
682;674;1;2;0;
651;642;1;2;0;
695;678;1;2;0;
621;674;1;2;0;
637;605;1;2;0;
670;699;1;2;0;
654;604;1;2;0;
663;688;1;2;0;
670;612;1;2;0;
685;636;1;2;0;
668;695;1;2;0;
673;658;1;2;0;
616;670;1;2;0;
634;625;1;2;0;
649;619;1;2;0;
616;684;1;2;0;
693;667;1;2;0;
678;688;1;2;0;
646;600;1;2;0;
615;635;1;2;0;
605;637;1;2;0;
635;612;1;2;0;
642;650;1;2;0;
652;664;1;2;0;
662;689;1;2;0;
601;631;1;2;0;
684;626;1;2;0;
641;600;1;2;0;
696;627;1;2;0;
626;698;1;2;0;
647;642;1;2;0;
682;692;1;2;0;
662;612;1;2;0;
633;608;1;2;0;
612;648;1;2;0;
643;670;1;2;0;
637;630;1;2;0;
682;631;1;2;0;
681;634;1;2;0;
696;643;1;2;156;
697;626;1;2;1793;
675;667;1;2;9560;
671;695;1;2;11858;
621;694;1;2;7757;
655;686;1;2;13290;
668;619;1;2;8309;
632;619;1;2;1054;
602;657;1;2;3338;
636;688;1;2;516;
622;684;1;2;15901;
645;633;1;2;5779;
657;608;1;2;6775;
669;632;1;2;6022;
607;605;1;2;384;
691;661;1;2;11507;
638;681;1;2;6647;
644;665;1;2;7299;
694;668;1;2;3477;
627;604;1;2;9428;
688;627;1;2;14415;
697;624;1;2;1159;
633;633;1;2;4239;
688;602;1;2;15668;
638;661;1;2;3654;
634;653;1;2;9664;
668;643;1;2;2387;
622;687;1;2;7084;
696;634;1;2;7200;
678;661;1;2;5214;
649;601;1;2;1368;
609;699;1;2;565;
602;632;1;2;4600;
655;672;1;2;11527;
693;610;1;2;5451;
636;696;1;2;15126;
692;664;1;2;9837;
681;687;1;2;14144;
635;635;1;2;12851;
610;613;1;2;14043;
689;615;1;2;6733;
699;624;1;2;11568;
633;678;1;2;1826;
653;633;1;2;5280;
676;678;1;2;197;
608;666;1;2;3212;
697;610;1;2;2824;
681;691;1;2;934;
652;679;1;2;4841;
658;689;1;2;11266;
0;1;152;152;
1;1;56;706;
2;1;130;1430;
3;1;147;2097;
4;1;82;2682;
5;1;156;3406;
6;1;91;3991;
7;1;215;4765;
8;1;84;5284;
9;1;44;5894;
10;1;146;6646;
11;1;19;7169;
12;1;246;8046;
13;1;222;8672;
14;1;50;9150;
15;1;233;9983;
16;1;107;10507;
17;1;141;11191;
18;1;143;11843;
19;1;254;12604;
