****8****
100
609;637;1;2;0;
631;680;1;2;0;
692;663;1;2;0;
667;625;1;2;0;
689;644;1;2;0;
684;621;1;2;0;
643;699;1;2;0;
691;616;1;2;0;
637;618;1;2;0;
652;625;1;2;0;
653;625;1;2;0;
609;684;1;2;0;
636;648;1;2;0;
656;674;1;2;0;
626;607;1;2;0;
629;635;1;2;0;
696;660;1;2;0;
668;640;1;2;0;
623;635;1;2;0;
665;664;1;2;0;
631;602;1;2;0;
685;674;1;2;0;
601;628;1;2;0;
643;690;1;2;0;
698;695;1;2;0;
615;651;1;2;0;
620;676;1;2;0;
687;609;1;2;0;
624;644;1;2;0;
635;603;1;2;0;
603;664;1;2;0;
638;699;1;2;0;
676;658;1;2;0;
639;699;1;2;0;
694;657;1;2;0;
615;625;1;2;0;
611;653;1;2;0;
652;664;1;2;0;
633;695;1;2;0;
654;632;1;2;0;
690;621;1;2;0;
635;662;1;2;0;
698;623;1;2;0;
623;674;1;2;0;
667;658;1;2;0;
677;670;1;2;0;
622;668;1;2;0;
621;698;1;2;0;
626;612;1;2;0;
649;620;1;2;0;
621;617;1;2;9281;
632;622;1;2;12346;
696;655;1;2;10039;
602;639;1;2;13168;
624;675;1;2;9247;
622;698;1;2;7333;
696;617;1;2;6566;
626;639;1;2;6979;
694;612;1;2;757;
620;624;1;2;14294;
693;646;1;2;8487;
691;630;1;2;2858;
693;679;1;2;12097;
690;681;1;2;2971;
629;657;1;2;2194;
682;679;1;2;11071;
607;628;1;2;3955;
695;654;1;2;4521;
605;600;1;2;15359;
665;620;1;2;1356;
627;613;1;2;1985;
606;656;1;2;14787;
659;649;1;2;262;
668;691;1;2;5659;
616;620;1;2;2073;
691;603;1;2;3152;
616;662;1;2;12310;
658;657;1;2;7575;
691;662;1;2;14415;
636;628;1;2;3075;
657;655;1;2;14041;
677;614;1;2;1086;
627;673;1;2;15813;
608;641;1;2;12753;
622;609;1;2;9819;
642;652;1;2;11513;
646;668;1;2;6907;
677;678;1;2;9323;
615;669;1;2;2734;
652;657;1;2;4147;
662;667;1;2;101;
686;644;1;2;15335;
666;623;1;2;13448;
647;683;1;2;1789;
620;605;1;2;15833;
614;600;1;2;2262;
662;646;1;2;9398;
673;623;1;2;3945;
694;690;1;2;16171;
629;695;1;2;7933;
0;1;18;18;
1;1;110;760;
2;1;188;1488;
3;1;265;2215;
4;1;271;2871;
5;1;9;3259;
6;1;52;3952;
7;1;239;4789;
8;1;57;5257;
9;1;262;6112;
10;1;262;6762;
11;1;17;7167;
12;1;115;7915;
13;1;132;8582;
14;1;223;9323;
15;1;128;9878;
16;1;223;10623;
17;1;123;11173;
18;1;121;11821;
19;1;36;12386;
