****0****
100
684;609;1;2;0;
610;636;1;2;0;
660;634;1;2;0;
602;678;1;2;0;
609;627;1;2;0;
671;656;1;2;0;
659;648;1;2;0;
637;630;1;2;0;
607;627;1;2;0;
627;621;1;2;0;
657;663;1;2;0;
687;633;1;2;0;
653;607;1;2;0;
679;613;1;2;0;
671;681;1;2;0;
622;607;1;2;0;
642;684;1;2;0;
643;602;1;2;0;
670;697;1;2;0;
633;632;1;2;0;
624;604;1;2;0;
688;635;1;2;0;
652;677;1;2;0;
618;612;1;2;0;
604;645;1;2;0;
685;614;1;2;0;
608;625;1;2;0;
647;661;1;2;0;
684;678;1;2;0;
626;607;1;2;0;
659;600;1;2;0;
614;602;1;2;0;
636;609;1;2;0;
604;607;1;2;0;
607;637;1;2;0;
639;683;1;2;0;
694;679;1;2;0;
671;698;1;2;0;
657;641;1;2;0;
662;613;1;2;0;
686;648;1;2;0;
627;646;1;2;0;
625;675;1;2;0;
659;609;1;2;0;
653;686;1;2;0;
617;665;1;2;0;
638;683;1;2;0;
667;675;1;2;0;
693;623;1;2;0;
682;652;1;2;0;
613;621;1;2;2002;
659;652;1;2;363;
657;609;1;2;15349;
672;623;1;2;12955;
672;602;1;2;8587;
697;677;1;2;741;
606;683;1;2;11517;
675;648;1;2;1354;
659;615;1;2;12342;
652;690;1;2;4029;
656;655;1;2;14348;
643;614;1;2;14035;
654;624;1;2;853;
653;696;1;2;8721;
643;668;1;2;574;
626;665;1;2;11654;
621;623;1;2;5880;
654;699;1;2;6327;
626;610;1;2;1472;
624;614;1;2;4406;
605;670;1;2;11431;
606;613;1;2;11926;
612;667;1;2;13310;
680;673;1;2;15864;
670;668;1;2;9469;
663;646;1;2;14284;
686;668;1;2;6836;
691;674;1;2;11594;
645;652;1;2;462;
665;677;1;2;8803;
676;682;1;2;15563;
695;640;1;2;13251;
628;605;1;2;219;
685;685;1;2;8069;
690;655;1;2;1003;
663;671;1;2;13354;
605;657;1;2;3866;
670;648;1;2;3044;
635;693;1;2;2750;
661;611;1;2;3821;
602;687;1;2;10287;
612;634;1;2;13488;
688;662;1;2;6462;
684;647;1;2;11060;
652;689;1;2;8249;
641;652;1;2;14853;
676;609;1;2;5278;
631;680;1;2;15896;
612;667;1;2;15787;
694;628;1;2;11169;
0;1;131;131;
1;1;308;958;
2;1;183;1483;
3;1;249;2199;
4;1;271;2871;
5;1;118;3368;
6;1;133;4033;
7;1;134;4684;
8;1;180;5380;
9;1;246;6096;
10;1;93;6593;
11;1;280;7430;
12;1;22;7822;
13;1;248;8698;
14;1;244;9344;
15;1;280;10030;
16;1;66;10466;
17;1;74;11124;
18;1;159;11859;
19;1;194;12544;
