****11****
100
656;644;1;2;0;
687;622;1;2;0;
692;656;1;2;0;
636;678;1;2;0;
608;641;1;2;0;
619;693;1;2;0;
681;606;1;2;0;
692;602;1;2;0;
640;680;1;2;0;
670;679;1;2;0;
623;666;1;2;0;
641;635;1;2;0;
606;602;1;2;0;
634;676;1;2;0;
669;670;1;2;0;
635;626;1;2;0;
667;622;1;2;0;
600;659;1;2;0;
630;636;1;2;0;
637;638;1;2;0;
678;608;1;2;0;
683;611;1;2;0;
614;675;1;2;0;
613;654;1;2;0;
656;636;1;2;0;
634;679;1;2;0;
602;675;1;2;0;
666;608;1;2;0;
629;601;1;2;0;
684;699;1;2;0;
671;671;1;2;0;
677;638;1;2;0;
645;677;1;2;0;
649;676;1;2;0;
613;638;1;2;0;
666;643;1;2;0;
647;650;1;2;0;
606;661;1;2;0;
677;620;1;2;0;
668;633;1;2;0;
656;602;1;2;0;
665;658;1;2;0;
629;631;1;2;0;
618;658;1;2;0;
632;654;1;2;0;
609;656;1;2;0;
625;686;1;2;0;
646;622;1;2;0;
663;696;1;2;0;
698;629;1;2;0;
686;617;1;2;15587;
633;619;1;2;16010;
647;696;1;2;15513;
615;682;1;2;6948;
669;647;1;2;4481;
698;630;1;2;10263;
656;663;1;2;3954;
618;671;1;2;13730;
604;617;1;2;3442;
620;665;1;2;15812;
649;652;1;2;14099;
625;637;1;2;2934;
656;684;1;2;12534;
611;699;1;2;8358;
670;668;1;2;8596;
639;618;1;2;15347;
678;627;1;2;15041;
671;645;1;2;11326;
641;649;1;2;15049;
634;669;1;2;5445;
677;670;1;2;3595;
689;648;1;2;2507;
620;656;1;2;1855;
647;668;1;2;15850;
609;638;1;2;10781;
617;630;1;2;2356;
656;660;1;2;6330;
610;684;1;2;10525;
635;625;1;2;1114;
630;611;1;2;11274;
690;640;1;2;15899;
602;629;1;2;9577;
651;601;1;2;13065;
637;649;1;2;9375;
623;610;1;2;10202;
629;627;1;2;3775;
605;684;1;2;357;
609;646;1;2;8650;
657;682;1;2;14629;
607;664;1;2;5484;
679;654;1;2;1776;
673;656;1;2;12855;
663;659;1;2;11892;
661;697;1;2;1926;
628;620;1;2;12314;
633;601;1;2;2899;
672;658;1;2;10027;
619;667;1;2;16237;
603;677;1;2;11856;
664;636;1;2;430;
0;1;37;37;
1;1;141;791;
2;1;24;1324;
3;1;102;2052;
4;1;241;2841;
5;1;32;3282;
6;1;99;3999;
7;1;56;4606;
8;1;266;5466;
9;1;99;5949;
10;1;193;6693;
11;1;40;7190;
12;1;323;8123;
13;1;246;8696;
14;1;187;9287;
15;1;232;9982;
16;1;6;10406;
17;1;213;11263;
18;1;45;11745;
19;1;278;12628;
