****4****
100
242;296;1;2;0;
271;213;1;2;0;
290;284;1;2;0;
213;245;1;2;0;
276;287;1;2;0;
297;219;1;2;0;
219;208;1;2;0;
290;255;1;2;0;
283;211;1;2;0;
258;295;1;2;0;
297;290;1;2;0;
214;239;1;2;0;
217;250;1;2;0;
298;202;1;2;0;
286;276;1;2;0;
237;228;1;2;0;
224;260;1;2;0;
293;214;1;2;0;
297;259;1;2;0;
259;273;1;2;0;
246;209;1;2;0;
244;265;1;2;0;
217;287;1;2;0;
273;253;1;2;0;
298;283;1;2;0;
248;247;1;2;0;
273;214;1;2;0;
287;243;1;2;0;
265;237;1;2;0;
297;251;1;2;0;
265;234;1;2;0;
231;290;1;2;0;
246;276;1;2;0;
204;243;1;2;0;
235;216;1;2;0;
269;233;1;2;0;
225;213;1;2;0;
251;294;1;2;0;
200;276;1;2;0;
247;299;1;2;0;
259;296;1;2;0;
298;233;1;2;0;
210;285;1;2;0;
228;227;1;2;0;
275;225;1;2;0;
230;292;1;2;0;
211;261;1;2;0;
282;257;1;2;0;
290;239;1;2;0;
253;277;1;2;0;
207;222;1;2;3952;
284;287;1;2;5727;
278;288;1;2;2519;
278;239;1;2;1408;
226;237;1;2;295;
236;275;1;2;5108;
216;250;1;2;1831;
246;242;1;2;4573;
260;277;1;2;6005;
250;268;1;2;6022;
279;227;1;2;5497;
242;263;1;2;286;
256;293;1;2;4961;
298;271;1;2;4773;
200;297;1;2;4498;
286;286;1;2;1440;
201;202;1;2;4409;
292;200;1;2;1366;
295;212;1;2;1254;
255;262;1;2;509;
272;294;1;2;5869;
211;236;1;2;2636;
289;293;1;2;938;
256;291;1;2;5020;
261;243;1;2;5999;
204;230;1;2;6219;
222;283;1;2;5289;
242;275;1;2;5126;
257;270;1;2;881;
248;277;1;2;2274;
212;249;1;2;340;
202;212;1;2;2676;
256;254;1;2;6151;
255;210;1;2;3388;
277;271;1;2;481;
297;276;1;2;2936;
203;298;1;2;4399;
215;293;1;2;450;
228;250;1;2;5560;
253;250;1;2;1767;
292;262;1;2;307;
226;217;1;2;5108;
248;225;1;2;311;
263;280;1;2;773;
221;209;1;2;2411;
223;207;1;2;865;
207;210;1;2;181;
222;278;1;2;2163;
265;206;1;2;2965;
278;259;1;2;197;
0;1;94;94;
1;1;4;254;
2;1;102;602;
3;1;11;761;
4;1;7;1007;
5;1;21;1271;
6;1;41;1541;
7;1;105;1855;
8;1;46;2046;
9;1;24;2274;
10;1;20;2520;
11;1;3;2753;
12;1;20;3020;
13;1;17;3267;
14;1;88;3588;
15;1;12;3762;
16;1;65;4065;
17;1;95;4345;
18;1;30;4530;
19;1;23;4773;
