****6****
100
216;270;1;2;0;
212;287;1;2;0;
230;203;1;2;0;
203;228;1;2;0;
222;204;1;2;0;
242;231;1;2;0;
204;201;1;2;0;
298;258;1;2;0;
278;242;1;2;0;
212;205;1;2;0;
276;237;1;2;0;
203;262;1;2;0;
292;255;1;2;0;
245;226;1;2;0;
217;255;1;2;0;
213;233;1;2;0;
225;277;1;2;0;
273;207;1;2;0;
281;276;1;2;0;
235;203;1;2;0;
281;277;1;2;0;
286;285;1;2;0;
230;284;1;2;0;
295;209;1;2;0;
279;207;1;2;0;
266;255;1;2;0;
296;221;1;2;0;
269;288;1;2;0;
276;266;1;2;0;
267;246;1;2;0;
221;232;1;2;0;
279;298;1;2;0;
209;204;1;2;0;
206;290;1;2;0;
281;241;1;2;0;
246;214;1;2;0;
271;232;1;2;0;
251;253;1;2;0;
269;246;1;2;0;
214;248;1;2;0;
206;280;1;2;0;
255;202;1;2;0;
202;224;1;2;0;
243;230;1;2;0;
291;262;1;2;0;
228;264;1;2;0;
294;208;1;2;0;
263;203;1;2;0;
212;269;1;2;0;
294;245;1;2;0;
262;240;1;2;100;
233;224;1;2;1219;
239;245;1;2;4082;
253;245;1;2;3918;
234;200;1;2;2389;
288;277;1;2;6163;
270;220;1;2;1655;
299;284;1;2;1914;
259;247;1;2;5651;
223;268;1;2;460;
269;231;1;2;3954;
280;216;1;2;1290;
291;255;1;2;1596;
200;209;1;2;537;
215;295;1;2;2345;
232;235;1;2;348;
245;257;1;2;2357;
267;256;1;2;5709;
236;267;1;2;4178;
208;291;1;2;2426;
274;212;1;2;427;
284;292;1;2;4203;
218;235;1;2;872;
298;287;1;2;2663;
228;202;1;2;567;
258;235;1;2;3905;
265;280;1;2;95;
296;299;1;2;2018;
259;235;1;2;2327;
274;295;1;2;1196;
258;221;1;2;4829;
224;205;1;2;3430;
207;224;1;2;1865;
298;274;1;2;4214;
249;202;1;2;5540;
296;260;1;2;5625;
229;277;1;2;4382;
220;273;1;2;3466;
220;285;1;2;5832;
287;211;1;2;2021;
297;269;1;2;1352;
271;294;1;2;5171;
237;253;1;2;5913;
291;251;1;2;1529;
285;201;1;2;6096;
281;297;1;2;5814;
212;278;1;2;4674;
275;251;1;2;1390;
289;223;1;2;103;
291;210;1;2;1346;
0;1;90;90;
1;1;60;310;
2;1;91;591;
3;1;34;784;
4;1;56;1056;
5;1;37;1287;
6;1;35;1535;
7;1;20;1770;
8;1;40;2040;
9;1;13;2263;
10;1;39;2539;
11;1;117;2867;
12;1;15;3015;
13;1;74;3324;
14;1;68;3568;
15;1;69;3819;
16;1;105;4105;
17;1;67;4317;
18;1;38;4538;
19;1;69;4819;
