****9****
100
213;241;1;2;0;
214;242;1;2;0;
207;218;1;2;0;
265;277;1;2;0;
217;282;1;2;0;
250;280;1;2;0;
253;284;1;2;0;
295;237;1;2;0;
295;226;1;2;0;
239;268;1;2;0;
269;266;1;2;0;
231;247;1;2;0;
235;291;1;2;0;
202;299;1;2;0;
255;294;1;2;0;
258;221;1;2;0;
235;272;1;2;0;
215;294;1;2;0;
242;280;1;2;0;
224;259;1;2;0;
262;274;1;2;0;
240;267;1;2;0;
211;287;1;2;0;
257;206;1;2;0;
213;296;1;2;0;
227;234;1;2;0;
214;210;1;2;0;
281;250;1;2;0;
201;235;1;2;0;
201;209;1;2;0;
229;259;1;2;0;
282;217;1;2;0;
232;297;1;2;0;
211;274;1;2;0;
278;287;1;2;0;
286;292;1;2;0;
262;226;1;2;0;
260;225;1;2;0;
265;217;1;2;0;
231;278;1;2;0;
265;210;1;2;0;
264;279;1;2;0;
221;245;1;2;0;
281;274;1;2;0;
280;282;1;2;0;
283;209;1;2;0;
294;217;1;2;0;
278;278;1;2;0;
215;290;1;2;0;
204;245;1;2;0;
277;290;1;2;3529;
291;216;1;2;242;
216;233;1;2;1131;
200;263;1;2;893;
210;227;1;2;1425;
283;272;1;2;2400;
258;204;1;2;5799;
293;266;1;2;4966;
211;244;1;2;3548;
278;286;1;2;401;
223;216;1;2;1766;
212;259;1;2;4022;
214;228;1;2;2089;
232;280;1;2;6136;
268;242;1;2;4592;
283;226;1;2;5184;
283;236;1;2;3903;
266;281;1;2;854;
243;244;1;2;1401;
298;222;1;2;5178;
210;297;1;2;4889;
260;210;1;2;344;
230;224;1;2;1152;
234;208;1;2;239;
202;276;1;2;1476;
297;211;1;2;5053;
216;295;1;2;1170;
244;261;1;2;2758;
286;257;1;2;2358;
225;255;1;2;1332;
250;217;1;2;881;
243;277;1;2;5572;
295;260;1;2;5752;
276;294;1;2;985;
288;296;1;2;3629;
291;293;1;2;1038;
272;262;1;2;826;
289;206;1;2;3580;
288;245;1;2;4369;
283;270;1;2;4135;
200;272;1;2;3281;
267;267;1;2;965;
244;262;1;2;1211;
297;290;1;2;3502;
259;279;1;2;1471;
249;222;1;2;3357;
250;295;1;2;1841;
299;284;1;2;826;
261;224;1;2;1167;
228;259;1;2;1659;
0;1;80;80;
1;1;11;261;
2;1;5;505;
3;1;99;849;
4;1;53;1053;
5;1;49;1299;
6;1;121;1621;
7;1;75;1825;
8;1;89;2089;
9;1;2;2252;
10;1;22;2522;
11;1;56;2806;
12;1;5;3005;
13;1;8;3258;
14;1;110;3610;
15;1;5;3755;
16;1;82;4082;
17;1;10;4260;
18;1;98;4598;
19;1;60;4810;
