****2****
100
240;214;1;2;0;
278;248;1;2;0;
273;257;1;2;0;
240;233;1;2;0;
291;215;1;2;0;
231;295;1;2;0;
256;216;1;2;0;
287;297;1;2;0;
219;282;1;2;0;
222;212;1;2;0;
216;218;1;2;0;
224;269;1;2;0;
256;270;1;2;0;
247;255;1;2;0;
293;298;1;2;0;
228;233;1;2;0;
265;206;1;2;0;
282;238;1;2;0;
264;274;1;2;0;
271;207;1;2;0;
241;255;1;2;0;
202;297;1;2;0;
271;242;1;2;0;
246;242;1;2;0;
224;220;1;2;0;
254;240;1;2;0;
239;230;1;2;0;
209;247;1;2;0;
252;208;1;2;0;
254;245;1;2;0;
207;283;1;2;0;
230;272;1;2;0;
241;264;1;2;0;
262;257;1;2;0;
238;233;1;2;0;
265;279;1;2;0;
288;267;1;2;0;
229;211;1;2;0;
261;275;1;2;0;
253;285;1;2;0;
248;259;1;2;0;
278;287;1;2;0;
241;287;1;2;0;
286;293;1;2;0;
248;292;1;2;0;
290;207;1;2;0;
275;221;1;2;0;
231;269;1;2;0;
285;293;1;2;0;
226;224;1;2;0;
226;243;1;2;3433;
267;211;1;2;257;
230;224;1;2;3939;
284;210;1;2;1567;
295;288;1;2;5057;
237;227;1;2;4562;
282;275;1;2;3409;
273;234;1;2;2638;
246;265;1;2;6073;
231;258;1;2;3695;
207;237;1;2;4019;
215;256;1;2;1998;
299;238;1;2;768;
263;222;1;2;685;
223;270;1;2;4187;
222;207;1;2;5770;
259;241;1;2;6109;
241;266;1;2;1516;
298;212;1;2;4540;
224;296;1;2;5776;
276;203;1;2;4338;
224;218;1;2;4783;
235;270;1;2;5359;
271;233;1;2;1128;
216;209;1;2;5772;
202;283;1;2;4092;
215;295;1;2;3773;
207;236;1;2;4299;
234;234;1;2;1745;
227;258;1;2;1840;
278;286;1;2;5855;
270;263;1;2;4720;
218;298;1;2;4945;
256;269;1;2;5257;
217;238;1;2;971;
248;240;1;2;6001;
290;207;1;2;3551;
274;214;1;2;3281;
224;249;1;2;2617;
238;276;1;2;3987;
297;206;1;2;2230;
263;228;1;2;1364;
247;298;1;2;4426;
254;254;1;2;5935;
246;272;1;2;324;
247;272;1;2;5322;
231;215;1;2;1695;
263;289;1;2;4409;
230;265;1;2;912;
232;203;1;2;4601;
0;1;121;121;
1;1;103;353;
2;1;101;601;
3;1;46;796;
4;1;41;1041;
5;1;106;1356;
6;1;9;1509;
7;1;66;1816;
8;1;29;2029;
9;1;75;2325;
10;1;47;2547;
11;1;84;2834;
12;1;10;3010;
13;1;43;3293;
14;1;108;3608;
15;1;60;3810;
16;1;67;4067;
17;1;57;4307;
18;1;27;4527;
19;1;123;4873;
