****11****
100
236;298;1;2;0;
259;298;1;2;0;
299;284;1;2;0;
281;220;1;2;0;
274;288;1;2;0;
283;286;1;2;0;
210;248;1;2;0;
281;233;1;2;0;
274;299;1;2;0;
247;255;1;2;0;
254;205;1;2;0;
287;220;1;2;0;
209;209;1;2;0;
212;218;1;2;0;
294;211;1;2;0;
248;282;1;2;0;
209;259;1;2;0;
281;260;1;2;0;
296;214;1;2;0;
281;270;1;2;0;
254;216;1;2;0;
208;264;1;2;0;
265;241;1;2;0;
298;291;1;2;0;
292;297;1;2;0;
246;246;1;2;0;
202;285;1;2;0;
219;263;1;2;0;
294;231;1;2;0;
234;240;1;2;0;
242;282;1;2;0;
223;204;1;2;0;
293;256;1;2;0;
264;289;1;2;0;
270;297;1;2;0;
211;225;1;2;0;
266;219;1;2;0;
289;283;1;2;0;
261;239;1;2;0;
274;253;1;2;0;
236;272;1;2;0;
252;290;1;2;0;
257;271;1;2;0;
254;252;1;2;0;
254;288;1;2;0;
244;297;1;2;0;
222;219;1;2;0;
253;267;1;2;0;
275;269;1;2;0;
257;246;1;2;0;
267;268;1;2;3466;
285;240;1;2;3745;
268;253;1;2;4952;
242;258;1;2;2074;
266;210;1;2;2475;
223;233;1;2;4433;
227;288;1;2;623;
272;237;1;2;6236;
291;290;1;2;3854;
267;211;1;2;5437;
265;230;1;2;3829;
288;215;1;2;987;
200;283;1;2;5972;
204;277;1;2;5513;
245;243;1;2;6119;
228;219;1;2;3544;
217;246;1;2;5765;
246;218;1;2;1432;
249;262;1;2;3456;
219;281;1;2;1468;
299;246;1;2;3438;
247;234;1;2;5968;
287;286;1;2;5730;
232;291;1;2;1100;
283;288;1;2;762;
297;268;1;2;1199;
297;237;1;2;1491;
284;283;1;2;5486;
209;232;1;2;3254;
275;203;1;2;5095;
253;202;1;2;4330;
214;201;1;2;780;
238;240;1;2;2875;
249;272;1;2;5670;
238;256;1;2;2383;
223;205;1;2;1740;
226;202;1;2;2962;
276;287;1;2;4066;
297;296;1;2;5037;
231;223;1;2;3478;
295;229;1;2;5867;
256;243;1;2;6135;
204;233;1;2;2665;
290;282;1;2;1427;
267;273;1;2;5330;
284;296;1;2;4346;
221;274;1;2;5663;
243;203;1;2;2546;
200;200;1;2;72;
293;283;1;2;4304;
0;1;63;63;
1;1;54;304;
2;1;118;618;
3;1;14;764;
4;1;113;1113;
5;1;113;1363;
6;1;65;1565;
7;1;117;1867;
8;1;96;2096;
9;1;8;2258;
10;1;107;2607;
11;1;80;2830;
12;1;21;3021;
13;1;51;3301;
14;1;78;3578;
15;1;68;3818;
16;1;110;4110;
17;1;1;4251;
18;1;47;4547;
19;1;108;4858;
