****3****
100
271;275;1;2;0;
260;212;1;2;0;
215;243;1;2;0;
277;205;1;2;0;
275;233;1;2;0;
274;222;1;2;0;
285;202;1;2;0;
268;253;1;2;0;
257;278;1;2;0;
220;211;1;2;0;
252;241;1;2;0;
271;263;1;2;0;
208;255;1;2;0;
249;274;1;2;0;
211;250;1;2;0;
223;283;1;2;0;
225;236;1;2;0;
247;241;1;2;0;
279;225;1;2;0;
298;206;1;2;0;
258;224;1;2;0;
228;295;1;2;0;
226;248;1;2;0;
248;284;1;2;0;
227;268;1;2;0;
247;279;1;2;0;
261;270;1;2;0;
295;269;1;2;0;
225;244;1;2;0;
295;236;1;2;0;
295;271;1;2;0;
271;272;1;2;0;
259;219;1;2;0;
213;290;1;2;0;
296;263;1;2;0;
296;206;1;2;0;
288;276;1;2;0;
201;214;1;2;0;
225;202;1;2;0;
250;252;1;2;0;
270;297;1;2;0;
283;232;1;2;0;
267;278;1;2;0;
253;244;1;2;0;
223;201;1;2;0;
281;270;1;2;0;
224;204;1;2;0;
242;283;1;2;0;
223;256;1;2;0;
273;271;1;2;0;
271;221;1;2;472;
259;297;1;2;2836;
274;274;1;2;2651;
276;278;1;2;2887;
274;262;1;2;2128;
293;292;1;2;4481;
238;215;1;2;4415;
271;285;1;2;5725;
227;280;1;2;303;
203;288;1;2;3301;
274;259;1;2;3414;
252;219;1;2;2058;
231;245;1;2;2678;
264;221;1;2;1940;
267;247;1;2;4115;
207;293;1;2;1274;
200;283;1;2;3292;
246;206;1;2;1301;
216;233;1;2;1059;
269;236;1;2;837;
247;211;1;2;1465;
298;215;1;2;665;
246;298;1;2;3947;
269;262;1;2;577;
223;281;1;2;4942;
238;288;1;2;4529;
246;240;1;2;26;
274;286;1;2;3117;
287;202;1;2;1774;
232;223;1;2;2825;
213;222;1;2;3362;
205;220;1;2;4896;
217;267;1;2;2973;
225;288;1;2;3889;
255;211;1;2;5320;
233;250;1;2;5748;
207;248;1;2;3405;
213;274;1;2;98;
276;261;1;2;5199;
273;293;1;2;256;
207;258;1;2;1074;
203;264;1;2;5853;
215;233;1;2;506;
224;258;1;2;213;
248;214;1;2;4307;
205;299;1;2;1797;
250;206;1;2;2814;
236;271;1;2;5437;
261;248;1;2;4718;
240;221;1;2;1714;
0;1;118;118;
1;1;56;306;
2;1;10;510;
3;1;120;870;
4;1;87;1087;
5;1;101;1351;
6;1;45;1545;
7;1;29;1779;
8;1;111;2111;
9;1;61;2311;
10;1;105;2605;
11;1;94;2844;
12;1;116;3116;
13;1;103;3353;
14;1;60;3560;
15;1;10;3760;
16;1;58;4058;
17;1;86;4336;
18;1;53;4553;
19;1;11;4761;
