****16****
100
225;273;1;2;0;
266;208;1;2;0;
219;225;1;2;0;
243;210;1;2;0;
235;233;1;2;0;
254;246;1;2;0;
284;289;1;2;0;
239;216;1;2;0;
207;204;1;2;0;
230;251;1;2;0;
277;275;1;2;0;
210;298;1;2;0;
268;238;1;2;0;
255;203;1;2;0;
293;238;1;2;0;
205;270;1;2;0;
264;224;1;2;0;
230;283;1;2;0;
249;274;1;2;0;
293;237;1;2;0;
207;299;1;2;0;
283;244;1;2;0;
240;275;1;2;0;
260;247;1;2;0;
279;242;1;2;0;
299;256;1;2;0;
218;261;1;2;0;
207;238;1;2;0;
299;262;1;2;0;
241;245;1;2;0;
252;299;1;2;0;
215;216;1;2;0;
223;246;1;2;0;
299;224;1;2;0;
272;244;1;2;0;
261;231;1;2;0;
243;245;1;2;0;
275;283;1;2;0;
272;288;1;2;0;
283;251;1;2;0;
282;234;1;2;0;
260;252;1;2;0;
295;267;1;2;0;
290;294;1;2;0;
281;232;1;2;0;
291;233;1;2;0;
231;259;1;2;0;
250;254;1;2;0;
205;201;1;2;0;
278;229;1;2;0;
298;292;1;2;2886;
241;289;1;2;6129;
277;261;1;2;2517;
260;264;1;2;3464;
294;224;1;2;168;
241;243;1;2;3781;
287;224;1;2;5858;
279;258;1;2;113;
238;260;1;2;5111;
295;261;1;2;3601;
224;259;1;2;400;
236;253;1;2;3331;
276;282;1;2;2446;
256;294;1;2;5372;
219;240;1;2;2621;
234;281;1;2;2117;
291;268;1;2;2091;
281;247;1;2;5259;
201;237;1;2;290;
280;232;1;2;536;
237;208;1;2;3649;
238;297;1;2;1525;
228;225;1;2;437;
231;282;1;2;4839;
246;253;1;2;6126;
238;239;1;2;374;
274;230;1;2;6196;
286;211;1;2;4590;
204;213;1;2;2308;
234;245;1;2;1075;
225;234;1;2;1694;
228;224;1;2;4447;
236;252;1;2;4000;
274;235;1;2;1830;
258;233;1;2;3480;
282;272;1;2;1828;
239;298;1;2;4300;
265;284;1;2;4254;
290;240;1;2;5447;
252;226;1;2;4134;
247;203;1;2;271;
251;232;1;2;1548;
203;268;1;2;5045;
281;295;1;2;706;
293;205;1;2;3799;
258;240;1;2;1838;
214;279;1;2;585;
249;244;1;2;2131;
247;234;1;2;5484;
258;287;1;2;3116;
0;1;42;42;
1;1;87;337;
2;1;71;571;
3;1;61;811;
4;1;115;1115;
5;1;30;1280;
6;1;77;1577;
7;1;21;1771;
8;1;100;2100;
9;1;99;2349;
10;1;77;2577;
11;1;45;2795;
12;1;104;3104;
13;1;98;3348;
14;1;3;3503;
15;1;44;3794;
16;1;33;4033;
17;1;93;4343;
18;1;34;4534;
19;1;98;4848;
