****1****
100
215;251;1;2;0;
231;226;1;2;0;
238;274;1;2;0;
299;254;1;2;0;
220;292;1;2;0;
243;206;1;2;0;
233;239;1;2;0;
227;270;1;2;0;
222;212;1;2;0;
204;239;1;2;0;
226;254;1;2;0;
233;285;1;2;0;
232;242;1;2;0;
255;228;1;2;0;
250;222;1;2;0;
299;266;1;2;0;
225;230;1;2;0;
244;215;1;2;0;
256;244;1;2;0;
269;276;1;2;0;
236;213;1;2;0;
283;221;1;2;0;
204;262;1;2;0;
291;226;1;2;0;
226;296;1;2;0;
266;252;1;2;0;
202;299;1;2;0;
289;286;1;2;0;
293;245;1;2;0;
266;244;1;2;0;
219;265;1;2;0;
262;244;1;2;0;
295;206;1;2;0;
259;251;1;2;0;
202;281;1;2;0;
228;290;1;2;0;
246;263;1;2;0;
212;250;1;2;0;
277;255;1;2;0;
229;203;1;2;0;
251;247;1;2;0;
255;206;1;2;0;
298;244;1;2;0;
244;291;1;2;0;
241;211;1;2;0;
287;260;1;2;0;
276;249;1;2;0;
256;224;1;2;0;
208;268;1;2;0;
275;262;1;2;0;
201;255;1;2;4224;
299;270;1;2;1017;
201;247;1;2;2305;
230;250;1;2;5951;
277;205;1;2;719;
275;202;1;2;4432;
219;243;1;2;1691;
206;256;1;2;5355;
208;264;1;2;661;
268;232;1;2;4102;
230;233;1;2;821;
287;284;1;2;4492;
256;286;1;2;316;
281;216;1;2;6205;
209;246;1;2;5022;
295;221;1;2;2768;
225;292;1;2;2822;
219;299;1;2;4833;
289;207;1;2;734;
283;275;1;2;2259;
256;257;1;2;3680;
285;245;1;2;3087;
285;201;1;2;273;
232;234;1;2;1473;
281;295;1;2;2723;
236;242;1;2;5065;
245;220;1;2;328;
250;239;1;2;6128;
210;280;1;2;1649;
235;215;1;2;4792;
293;271;1;2;4622;
288;257;1;2;4325;
215;242;1;2;5957;
281;226;1;2;5571;
263;207;1;2;5475;
291;296;1;2;4819;
292;241;1;2;747;
238;291;1;2;2240;
231;202;1;2;4757;
283;237;1;2;102;
262;282;1;2;2274;
251;270;1;2;2197;
232;238;1;2;1758;
219;219;1;2;4918;
241;282;1;2;2774;
210;225;1;2;2955;
221;269;1;2;5623;
205;208;1;2;2136;
279;239;1;2;6186;
282;275;1;2;2360;
0;1;102;102;
1;1;90;340;
2;1;58;558;
3;1;118;868;
4;1;66;1066;
5;1;29;1279;
6;1;93;1593;
7;1;51;1801;
8;1;92;2092;
9;1;10;2260;
10;1;45;2545;
11;1;113;2863;
12;1;103;3103;
13;1;63;3313;
14;1;95;3595;
15;1;79;3829;
16;1;98;4098;
17;1;72;4322;
18;1;100;4600;
19;1;72;4822;
