****17****
100
246;222;1;2;0;
298;243;1;2;0;
271;245;1;2;0;
229;211;1;2;0;
255;216;1;2;0;
278;273;1;2;0;
255;248;1;2;0;
233;244;1;2;0;
202;211;1;2;0;
289;228;1;2;0;
259;268;1;2;0;
298;264;1;2;0;
240;225;1;2;0;
207;274;1;2;0;
244;217;1;2;0;
271;242;1;2;0;
240;269;1;2;0;
285;263;1;2;0;
266;215;1;2;0;
274;221;1;2;0;
283;204;1;2;0;
294;238;1;2;0;
204;279;1;2;0;
283;258;1;2;0;
290;272;1;2;0;
287;201;1;2;0;
292;237;1;2;0;
265;232;1;2;0;
214;225;1;2;0;
207;258;1;2;0;
242;230;1;2;0;
200;234;1;2;0;
252;238;1;2;0;
297;218;1;2;0;
253;224;1;2;0;
292;288;1;2;0;
280;286;1;2;0;
227;285;1;2;0;
218;262;1;2;0;
295;208;1;2;0;
286;282;1;2;0;
210;279;1;2;0;
219;227;1;2;0;
211;285;1;2;0;
252;270;1;2;0;
243;247;1;2;0;
253;296;1;2;0;
281;205;1;2;0;
234;231;1;2;0;
223;239;1;2;0;
255;215;1;2;1999;
235;254;1;2;1037;
272;272;1;2;3693;
268;232;1;2;1179;
202;294;1;2;5009;
222;222;1;2;2079;
207;274;1;2;2817;
203;273;1;2;3642;
299;255;1;2;2174;
285;286;1;2;1071;
224;293;1;2;116;
251;280;1;2;4421;
258;253;1;2;2168;
278;273;1;2;2244;
233;275;1;2;6071;
219;249;1;2;3060;
217;209;1;2;1640;
289;212;1;2;4312;
262;263;1;2;981;
244;200;1;2;5069;
249;224;1;2;812;
222;227;1;2;6194;
201;237;1;2;704;
204;216;1;2;3657;
240;201;1;2;3839;
274;221;1;2;1642;
230;238;1;2;4532;
212;279;1;2;6215;
216;293;1;2;1563;
279;237;1;2;5185;
228;286;1;2;4190;
270;209;1;2;578;
245;262;1;2;1636;
224;267;1;2;5847;
225;259;1;2;4494;
253;233;1;2;6230;
230;263;1;2;4278;
265;275;1;2;1455;
215;244;1;2;5048;
229;223;1;2;4729;
294;204;1;2;5214;
284;226;1;2;5581;
253;271;1;2;2433;
211;296;1;2;1582;
286;273;1;2;1628;
262;226;1;2;6036;
211;256;1;2;2758;
298;273;1;2;3330;
264;289;1;2;3208;
275;270;1;2;767;
0;1;24;24;
1;1;117;367;
2;1;105;605;
3;1;8;758;
4;1;1;1001;
5;1;31;1281;
6;1;54;1554;
7;1;56;1806;
8;1;105;2105;
9;1;87;2337;
10;1;43;2543;
11;1;51;2801;
12;1;62;3062;
13;1;79;3329;
14;1;26;3526;
15;1;121;3871;
16;1;18;4018;
17;1;102;4352;
18;1;63;4563;
19;1;4;4754;
