****13****
100
244;247;1;2;0;
284;233;1;2;0;
272;270;1;2;0;
254;285;1;2;0;
223;296;1;2;0;
214;298;1;2;0;
228;296;1;2;0;
273;267;1;2;0;
248;240;1;2;0;
239;212;1;2;0;
220;291;1;2;0;
287;272;1;2;0;
285;295;1;2;0;
237;221;1;2;0;
257;264;1;2;0;
269;253;1;2;0;
263;205;1;2;0;
286;287;1;2;0;
276;240;1;2;0;
272;251;1;2;0;
288;239;1;2;0;
249;269;1;2;0;
235;275;1;2;0;
236;284;1;2;0;
267;227;1;2;0;
248;287;1;2;0;
218;287;1;2;0;
212;256;1;2;0;
282;201;1;2;0;
229;292;1;2;0;
265;251;1;2;0;
245;281;1;2;0;
256;284;1;2;0;
268;284;1;2;0;
276;241;1;2;0;
288;265;1;2;0;
232;289;1;2;0;
234;267;1;2;0;
264;222;1;2;0;
203;231;1;2;0;
249;251;1;2;0;
271;219;1;2;0;
238;283;1;2;0;
227;273;1;2;0;
284;257;1;2;0;
265;202;1;2;0;
208;262;1;2;0;
283;216;1;2;0;
246;251;1;2;0;
253;223;1;2;0;
244;241;1;2;1241;
276;230;1;2;1707;
296;247;1;2;3500;
251;278;1;2;3162;
255;201;1;2;5865;
293;284;1;2;605;
218;269;1;2;874;
283;223;1;2;2192;
246;206;1;2;554;
292;209;1;2;5232;
267;254;1;2;623;
255;282;1;2;5865;
281;230;1;2;2530;
229;282;1;2;4899;
278;237;1;2;4170;
247;282;1;2;3422;
243;201;1;2;5333;
248;236;1;2;4139;
213;282;1;2;6106;
242;227;1;2;4922;
277;294;1;2;2057;
204;202;1;2;6138;
262;235;1;2;3061;
219;265;1;2;1218;
255;295;1;2;5274;
292;242;1;2;3896;
265;237;1;2;1718;
208;237;1;2;5672;
225;250;1;2;110;
297;293;1;2;6161;
282;222;1;2;811;
221;278;1;2;4053;
294;241;1;2;5092;
298;260;1;2;4823;
236;267;1;2;157;
263;259;1;2;3209;
225;225;1;2;3123;
239;285;1;2;3377;
290;210;1;2;3559;
276;259;1;2;1616;
240;241;1;2;175;
299;262;1;2;6110;
264;209;1;2;3928;
213;207;1;2;5016;
278;296;1;2;203;
291;211;1;2;1479;
247;236;1;2;4447;
240;228;1;2;1939;
270;218;1;2;700;
203;246;1;2;5271;
0;1;80;80;
1;1;63;313;
2;1;114;614;
3;1;30;780;
4;1;64;1064;
5;1;104;1354;
6;1;86;1586;
7;1;79;1829;
8;1;13;2013;
9;1;107;2357;
10;1;44;2544;
11;1;22;2772;
12;1;116;3116;
13;1;122;3372;
14;1;118;3618;
15;1;18;3768;
16;1;91;4091;
17;1;80;4330;
18;1;79;4579;
19;1;38;4788;
