****12****
100
275;225;1;2;0;
200;278;1;2;0;
294;252;1;2;0;
230;258;1;2;0;
245;265;1;2;0;
298;234;1;2;0;
244;215;1;2;0;
223;283;1;2;0;
279;264;1;2;0;
226;224;1;2;0;
246;207;1;2;0;
256;293;1;2;0;
259;208;1;2;0;
262;295;1;2;0;
261;258;1;2;0;
252;288;1;2;0;
236;204;1;2;0;
218;230;1;2;0;
256;248;1;2;0;
288;253;1;2;0;
265;287;1;2;0;
239;209;1;2;0;
254;262;1;2;0;
292;234;1;2;0;
278;218;1;2;0;
210;224;1;2;0;
277;266;1;2;0;
270;288;1;2;0;
227;232;1;2;0;
283;288;1;2;0;
291;235;1;2;0;
276;227;1;2;0;
239;294;1;2;0;
209;247;1;2;0;
294;297;1;2;0;
200;259;1;2;0;
236;292;1;2;0;
221;291;1;2;0;
206;265;1;2;0;
277;285;1;2;0;
236;239;1;2;0;
261;265;1;2;0;
258;231;1;2;0;
254;285;1;2;0;
264;237;1;2;0;
225;207;1;2;0;
225;253;1;2;0;
234;216;1;2;0;
299;295;1;2;0;
264;245;1;2;0;
292;216;1;2;917;
229;260;1;2;5983;
272;267;1;2;128;
201;252;1;2;1569;
240;213;1;2;3882;
250;245;1;2;2709;
235;261;1;2;5548;
212;268;1;2;4757;
217;254;1;2;1435;
216;249;1;2;3151;
213;293;1;2;1193;
270;274;1;2;1816;
299;246;1;2;6064;
294;299;1;2;5614;
277;292;1;2;1613;
226;242;1;2;5128;
280;230;1;2;1798;
272;294;1;2;5718;
293;212;1;2;3882;
279;280;1;2;565;
232;294;1;2;4496;
202;264;1;2;2607;
285;215;1;2;2586;
282;262;1;2;1028;
236;291;1;2;561;
251;269;1;2;3309;
215;250;1;2;1265;
240;274;1;2;911;
233;268;1;2;5223;
232;299;1;2;5046;
280;283;1;2;4261;
221;286;1;2;140;
237;223;1;2;2312;
252;205;1;2;5692;
266;241;1;2;1953;
224;244;1;2;4875;
224;211;1;2;2058;
255;251;1;2;5301;
232;236;1;2;609;
221;268;1;2;1919;
290;248;1;2;920;
254;270;1;2;5055;
233;259;1;2;3639;
280;211;1;2;130;
289;229;1;2;144;
290;205;1;2;2686;
212;230;1;2;384;
236;237;1;2;2324;
234;221;1;2;4330;
253;242;1;2;1425;
0;1;23;23;
1;1;108;358;
2;1;6;506;
3;1;51;801;
4;1;112;1112;
5;1;3;1253;
6;1;42;1542;
7;1;23;1773;
8;1;87;2087;
9;1;79;2329;
10;1;53;2553;
11;1;51;2801;
12;1;51;3051;
13;1;18;3268;
14;1;107;3607;
15;1;41;3791;
16;1;10;4010;
17;1;113;4363;
18;1;50;4550;
19;1;124;4874;
