****8****
100
292;262;1;2;0;
238;251;1;2;0;
299;273;1;2;0;
264;268;1;2;0;
262;233;1;2;0;
219;299;1;2;0;
252;218;1;2;0;
275;236;1;2;0;
250;260;1;2;0;
237;232;1;2;0;
208;215;1;2;0;
240;216;1;2;0;
272;231;1;2;0;
228;295;1;2;0;
222;290;1;2;0;
236;266;1;2;0;
204;275;1;2;0;
269;203;1;2;0;
200;233;1;2;0;
223;263;1;2;0;
266;294;1;2;0;
262;271;1;2;0;
213;289;1;2;0;
259;263;1;2;0;
202;296;1;2;0;
247;210;1;2;0;
263;239;1;2;0;
226;287;1;2;0;
271;207;1;2;0;
282;245;1;2;0;
297;219;1;2;0;
211;253;1;2;0;
294;280;1;2;0;
209;246;1;2;0;
265;232;1;2;0;
209;284;1;2;0;
279;224;1;2;0;
255;244;1;2;0;
265;214;1;2;0;
259;267;1;2;0;
262;206;1;2;0;
278;278;1;2;0;
246;256;1;2;0;
265;269;1;2;0;
263;248;1;2;0;
214;212;1;2;0;
219;225;1;2;0;
266;265;1;2;0;
257;227;1;2;0;
211;222;1;2;0;
259;273;1;2;3333;
290;249;1;2;3195;
234;266;1;2;3311;
293;234;1;2;4902;
200;264;1;2;2628;
298;272;1;2;6105;
267;236;1;2;3511;
281;200;1;2;35;
258;218;1;2;616;
215;245;1;2;6229;
289;257;1;2;3449;
248;247;1;2;4691;
261;234;1;2;4170;
293;227;1;2;1886;
287;279;1;2;4698;
211;277;1;2;775;
200;296;1;2;2077;
290;229;1;2;520;
250;239;1;2;2603;
276;206;1;2;1284;
213;296;1;2;3;
275;244;1;2;5465;
238;257;1;2;2032;
215;250;1;2;3674;
279;289;1;2;2452;
258;200;1;2;2996;
258;201;1;2;166;
298;243;1;2;3908;
239;293;1;2;615;
298;269;1;2;4366;
254;234;1;2;32;
268;261;1;2;4487;
281;299;1;2;2174;
228;267;1;2;5260;
254;246;1;2;4580;
208;204;1;2;1721;
244;215;1;2;184;
228;213;1;2;4519;
241;252;1;2;1221;
294;202;1;2;4446;
254;209;1;2;1672;
261;277;1;2;2597;
265;210;1;2;451;
226;290;1;2;2009;
289;244;1;2;301;
242;205;1;2;2631;
296;249;1;2;1957;
202;229;1;2;5568;
204;270;1;2;2520;
247;265;1;2;1669;
0;1;39;39;
1;1;47;297;
2;1;33;533;
3;1;65;815;
4;1;10;1010;
5;1;12;1262;
6;1;80;1580;
7;1;50;1800;
8;1;99;2099;
9;1;19;2269;
10;1;3;2503;
11;1;39;2789;
12;1;102;3102;
13;1;68;3318;
14;1;108;3608;
15;1;106;3856;
16;1;37;4037;
17;1;113;4363;
18;1;116;4616;
19;1;60;4810;
