****15****
100
202;220;1;2;0;
203;202;1;2;0;
242;272;1;2;0;
202;216;1;2;0;
208;216;1;2;0;
257;233;1;2;0;
240;217;1;2;0;
238;256;1;2;0;
216;241;1;2;0;
264;249;1;2;0;
238;208;1;2;0;
246;208;1;2;0;
283;237;1;2;0;
229;241;1;2;0;
245;290;1;2;0;
268;200;1;2;0;
262;272;1;2;0;
202;204;1;2;0;
296;205;1;2;0;
273;256;1;2;0;
273;230;1;2;0;
289;265;1;2;0;
299;279;1;2;0;
222;216;1;2;0;
272;238;1;2;0;
217;211;1;2;0;
247;215;1;2;0;
219;282;1;2;0;
252;200;1;2;0;
276;250;1;2;0;
290;244;1;2;0;
250;252;1;2;0;
268;204;1;2;0;
209;264;1;2;0;
261;282;1;2;0;
220;287;1;2;0;
264;262;1;2;0;
204;263;1;2;0;
293;278;1;2;0;
279;266;1;2;0;
217;249;1;2;0;
277;264;1;2;0;
264;248;1;2;0;
298;269;1;2;0;
249;274;1;2;0;
219;291;1;2;0;
271;221;1;2;0;
244;239;1;2;0;
277;205;1;2;0;
256;291;1;2;0;
287;276;1;2;6184;
203;290;1;2;1579;
266;284;1;2;2896;
298;250;1;2;4308;
247;279;1;2;3388;
263;227;1;2;3410;
232;276;1;2;1842;
203;268;1;2;3413;
276;264;1;2;5450;
254;221;1;2;3525;
245;260;1;2;4109;
275;263;1;2;527;
209;229;1;2;5;
274;279;1;2;1382;
204;226;1;2;6029;
250;290;1;2;4378;
247;274;1;2;3373;
218;278;1;2;5595;
260;254;1;2;407;
293;260;1;2;5233;
283;257;1;2;4486;
249;232;1;2;2296;
205;294;1;2;3970;
298;220;1;2;3905;
240;225;1;2;3049;
214;227;1;2;5582;
263;274;1;2;3120;
292;244;1;2;1969;
290;204;1;2;2722;
255;250;1;2;2449;
290;233;1;2;443;
236;282;1;2;280;
246;239;1;2;3541;
285;289;1;2;620;
255;282;1;2;5720;
204;296;1;2;6082;
243;211;1;2;6157;
209;203;1;2;4140;
252;245;1;2;840;
202;201;1;2;1706;
261;243;1;2;5052;
229;279;1;2;5091;
281;225;1;2;5995;
228;262;1;2;1520;
247;270;1;2;2943;
243;274;1;2;1186;
214;270;1;2;3233;
264;231;1;2;3600;
259;235;1;2;2672;
258;238;1;2;6067;
0;1;60;60;
1;1;52;302;
2;1;36;536;
3;1;44;794;
4;1;31;1031;
5;1;42;1292;
6;1;14;1514;
7;1;14;1764;
8;1;20;2020;
9;1;23;2273;
10;1;19;2519;
11;1;107;2857;
12;1;47;3047;
13;1;93;3343;
14;1;54;3554;
15;1;30;3780;
16;1;111;4111;
17;1;106;4356;
18;1;84;4584;
19;1;103;4853;
