****5****
100
231;274;1;2;0;
271;209;1;2;0;
238;288;1;2;0;
215;251;1;2;0;
218;226;1;2;0;
215;287;1;2;0;
282;294;1;2;0;
299;263;1;2;0;
289;264;1;2;0;
245;210;1;2;0;
240;289;1;2;0;
214;236;1;2;0;
255;276;1;2;0;
272;297;1;2;0;
245;228;1;2;0;
246;229;1;2;0;
202;269;1;2;0;
238;240;1;2;0;
258;254;1;2;0;
292;276;1;2;0;
232;259;1;2;0;
215;214;1;2;0;
253;215;1;2;0;
230;295;1;2;0;
231;275;1;2;0;
205;223;1;2;0;
216;271;1;2;0;
259;224;1;2;0;
248;231;1;2;0;
273;245;1;2;0;
259;219;1;2;0;
274;214;1;2;0;
240;213;1;2;0;
206;250;1;2;0;
219;250;1;2;0;
279;251;1;2;0;
210;294;1;2;0;
218;215;1;2;0;
261;248;1;2;0;
210;245;1;2;0;
275;267;1;2;0;
268;291;1;2;0;
239;228;1;2;0;
267;287;1;2;0;
259;240;1;2;0;
232;271;1;2;0;
211;207;1;2;0;
237;252;1;2;0;
272;295;1;2;0;
254;291;1;2;0;
246;233;1;2;3631;
256;280;1;2;4248;
271;293;1;2;4840;
282;238;1;2;2966;
201;207;1;2;3945;
240;287;1;2;5997;
227;298;1;2;4626;
212;221;1;2;4099;
219;258;1;2;4673;
243;254;1;2;173;
286;252;1;2;2477;
280;208;1;2;3713;
245;231;1;2;3853;
209;265;1;2;4364;
249;267;1;2;608;
232;207;1;2;2088;
234;287;1;2;4066;
277;299;1;2;3797;
232;270;1;2;5490;
242;213;1;2;5022;
255;299;1;2;3673;
254;231;1;2;3297;
284;228;1;2;2114;
208;238;1;2;1115;
271;287;1;2;5780;
292;271;1;2;1700;
201;205;1;2;878;
260;283;1;2;3021;
240;267;1;2;1280;
279;209;1;2;1712;
224;217;1;2;2930;
273;271;1;2;2315;
230;207;1;2;4114;
271;216;1;2;4312;
229;239;1;2;3269;
206;231;1;2;4930;
242;284;1;2;5397;
218;296;1;2;4083;
240;237;1;2;1443;
237;216;1;2;3189;
246;293;1;2;5850;
255;266;1;2;3046;
299;249;1;2;4742;
219;272;1;2;5933;
230;201;1;2;5772;
279;259;1;2;183;
200;253;1;2;2191;
278;271;1;2;5964;
239;264;1;2;193;
219;201;1;2;264;
0;1;59;59;
1;1;73;323;
2;1;10;510;
3;1;66;816;
4;1;30;1030;
5;1;101;1351;
6;1;95;1595;
7;1;79;1829;
8;1;77;2077;
9;1;57;2307;
10;1;124;2624;
11;1;24;2774;
12;1;62;3062;
13;1;31;3281;
14;1;50;3550;
15;1;106;3856;
16;1;110;4110;
17;1;86;4336;
18;1;109;4609;
19;1;10;4760;
