****14****
100
267;218;1;2;0;
277;295;1;2;0;
243;299;1;2;0;
266;278;1;2;0;
255;212;1;2;0;
225;236;1;2;0;
251;266;1;2;0;
266;290;1;2;0;
221;278;1;2;0;
245;233;1;2;0;
209;213;1;2;0;
256;225;1;2;0;
211;276;1;2;0;
292;201;1;2;0;
207;222;1;2;0;
290;274;1;2;0;
240;219;1;2;0;
222;283;1;2;0;
271;240;1;2;0;
213;226;1;2;0;
252;291;1;2;0;
262;256;1;2;0;
257;280;1;2;0;
246;230;1;2;0;
258;243;1;2;0;
215;268;1;2;0;
208;271;1;2;0;
293;219;1;2;0;
247;285;1;2;0;
273;254;1;2;0;
207;263;1;2;0;
281;299;1;2;0;
235;255;1;2;0;
282;206;1;2;0;
295;247;1;2;0;
232;299;1;2;0;
238;294;1;2;0;
255;247;1;2;0;
227;253;1;2;0;
277;285;1;2;0;
296;292;1;2;0;
253;204;1;2;0;
216;298;1;2;0;
276;215;1;2;0;
235;249;1;2;0;
222;294;1;2;0;
264;203;1;2;0;
293;299;1;2;0;
210;227;1;2;0;
205;205;1;2;0;
275;289;1;2;2677;
265;236;1;2;495;
265;263;1;2;1165;
242;248;1;2;6181;
287;254;1;2;5377;
255;204;1;2;4420;
270;240;1;2;4500;
292;234;1;2;5047;
247;280;1;2;2786;
257;207;1;2;2507;
214;234;1;2;1182;
271;200;1;2;2345;
283;265;1;2;2002;
248;259;1;2;4080;
210;298;1;2;3877;
229;253;1;2;2559;
275;224;1;2;4161;
271;268;1;2;3641;
235;268;1;2;4898;
246;225;1;2;636;
267;292;1;2;6052;
278;263;1;2;6103;
224;246;1;2;2029;
234;294;1;2;1813;
296;257;1;2;2170;
260;238;1;2;1843;
280;213;1;2;948;
241;236;1;2;5960;
288;271;1;2;680;
215;270;1;2;1049;
249;289;1;2;4520;
270;267;1;2;2307;
291;244;1;2;3762;
229;230;1;2;4839;
227;226;1;2;5467;
275;238;1;2;1128;
276;218;1;2;3532;
202;211;1;2;4679;
200;299;1;2;3363;
214;266;1;2;6017;
257;268;1;2;40;
241;238;1;2;1721;
291;282;1;2;5589;
236;263;1;2;105;
279;242;1;2;2890;
231;217;1;2;1674;
269;294;1;2;56;
224;248;1;2;4802;
268;248;1;2;1841;
236;214;1;2;5965;
0;1;49;49;
1;1;47;297;
2;1;84;584;
3;1;30;780;
4;1;115;1115;
5;1;100;1350;
6;1;27;1527;
7;1;107;1857;
8;1;34;2034;
9;1;121;2371;
10;1;70;2570;
11;1;97;2847;
12;1;71;3071;
13;1;101;3351;
14;1;40;3540;
15;1;121;3871;
16;1;32;4032;
17;1;84;4334;
18;1;37;4537;
19;1;78;4828;
