****7****
100
246;259;1;2;0;
220;297;1;2;0;
256;209;1;2;0;
220;238;1;2;0;
253;282;1;2;0;
283;294;1;2;0;
241;250;1;2;0;
254;223;1;2;0;
211;238;1;2;0;
243;226;1;2;0;
275;206;1;2;0;
244;239;1;2;0;
206;263;1;2;0;
285;235;1;2;0;
231;272;1;2;0;
228;277;1;2;0;
283;248;1;2;0;
227;239;1;2;0;
209;299;1;2;0;
277;214;1;2;0;
282;213;1;2;0;
208;275;1;2;0;
263;262;1;2;0;
299;227;1;2;0;
253;294;1;2;0;
253;280;1;2;0;
252;249;1;2;0;
220;258;1;2;0;
212;257;1;2;0;
293;295;1;2;0;
281;273;1;2;0;
272;265;1;2;0;
273;299;1;2;0;
204;234;1;2;0;
299;234;1;2;0;
249;233;1;2;0;
247;257;1;2;0;
260;262;1;2;0;
272;211;1;2;0;
289;225;1;2;0;
205;294;1;2;0;
205;257;1;2;0;
243;277;1;2;0;
215;207;1;2;0;
286;260;1;2;0;
202;268;1;2;0;
285;227;1;2;0;
285;258;1;2;0;
278;289;1;2;0;
245;229;1;2;0;
275;294;1;2;3437;
274;203;1;2;3191;
237;275;1;2;4414;
278;252;1;2;3120;
273;258;1;2;6189;
268;287;1;2;1208;
228;274;1;2;4259;
230;294;1;2;2380;
209;279;1;2;408;
288;220;1;2;3071;
217;296;1;2;804;
232;270;1;2;4486;
207;259;1;2;4944;
241;290;1;2;3264;
285;263;1;2;2224;
287;283;1;2;4974;
204;211;1;2;3149;
285;294;1;2;3088;
252;203;1;2;3079;
278;243;1;2;5325;
200;261;1;2;1968;
269;245;1;2;6221;
241;252;1;2;4042;
240;245;1;2;3592;
292;231;1;2;5693;
254;218;1;2;1913;
204;274;1;2;1257;
279;259;1;2;2202;
249;212;1;2;2233;
297;242;1;2;4179;
266;294;1;2;5117;
231;263;1;2;2234;
271;256;1;2;6011;
270;297;1;2;4715;
259;289;1;2;5112;
215;296;1;2;4534;
202;252;1;2;1583;
205;283;1;2;4164;
202;232;1;2;2154;
255;230;1;2;5858;
251;296;1;2;5845;
212;280;1;2;3960;
266;251;1;2;1042;
276;273;1;2;5682;
279;284;1;2;6036;
214;299;1;2;4327;
218;201;1;2;1885;
297;259;1;2;2898;
235;261;1;2;1599;
289;216;1;2;3672;
0;1;61;61;
1;1;95;345;
2;1;48;548;
3;1;26;776;
4;1;32;1032;
5;1;30;1280;
6;1;9;1509;
7;1;75;1825;
8;1;58;2058;
9;1;72;2322;
10;1;51;2551;
11;1;6;2756;
12;1;108;3108;
13;1;108;3358;
14;1;40;3540;
15;1;111;3861;
16;1;22;4022;
17;1;91;4341;
18;1;62;4562;
19;1;115;4865;
