****19****
100
230;214;1;2;0;
271;253;1;2;0;
295;239;1;2;0;
293;222;1;2;0;
291;274;1;2;0;
215;233;1;2;0;
262;280;1;2;0;
287;230;1;2;0;
252;204;1;2;0;
268;253;1;2;0;
246;254;1;2;0;
230;261;1;2;0;
231;216;1;2;0;
212;262;1;2;0;
257;287;1;2;0;
268;288;1;2;0;
253;240;1;2;0;
293;249;1;2;0;
231;286;1;2;0;
223;222;1;2;0;
260;239;1;2;0;
207;222;1;2;0;
271;294;1;2;0;
253;275;1;2;0;
250;221;1;2;0;
228;296;1;2;0;
275;258;1;2;0;
209;206;1;2;0;
227;221;1;2;0;
221;284;1;2;0;
261;289;1;2;0;
224;214;1;2;0;
229;218;1;2;0;
215;261;1;2;0;
204;291;1;2;0;
283;265;1;2;0;
282;243;1;2;0;
287;253;1;2;0;
237;292;1;2;0;
228;288;1;2;0;
265;208;1;2;0;
284;241;1;2;0;
218;246;1;2;0;
299;245;1;2;0;
267;272;1;2;0;
282;280;1;2;0;
262;206;1;2;0;
247;243;1;2;0;
224;262;1;2;0;
256;281;1;2;0;
253;292;1;2;5647;
287;235;1;2;2670;
240;272;1;2;2824;
220;212;1;2;4979;
228;249;1;2;153;
299;295;1;2;3334;
244;214;1;2;920;
278;295;1;2;2808;
285;242;1;2;406;
261;256;1;2;3162;
294;262;1;2;4445;
292;249;1;2;790;
230;290;1;2;5130;
260;262;1;2;5959;
255;243;1;2;333;
296;242;1;2;4536;
236;238;1;2;2492;
200;217;1;2;5185;
227;254;1;2;1479;
297;267;1;2;4241;
275;262;1;2;425;
246;254;1;2;4154;
251;284;1;2;2457;
229;296;1;2;6250;
272;204;1;2;5236;
263;200;1;2;5135;
202;288;1;2;319;
203;288;1;2;3532;
251;215;1;2;2971;
293;212;1;2;5455;
291;240;1;2;82;
204;286;1;2;6040;
266;237;1;2;994;
270;219;1;2;272;
236;291;1;2;3640;
298;206;1;2;3962;
201;208;1;2;5611;
243;263;1;2;650;
202;214;1;2;3352;
267;207;1;2;2658;
200;251;1;2;1732;
246;255;1;2;2413;
299;221;1;2;5492;
237;291;1;2;4635;
223;279;1;2;2157;
213;277;1;2;2036;
203;231;1;2;3598;
233;274;1;2;5688;
203;229;1;2;2030;
237;296;1;2;352;
0;1;114;114;
1;1;124;374;
2;1;109;609;
3;1;2;752;
4;1;48;1048;
5;1;64;1314;
6;1;54;1554;
7;1;122;1872;
8;1;85;2085;
9;1;18;2268;
10;1;109;2609;
11;1;103;2853;
12;1;101;3101;
13;1;107;3357;
14;1;10;3510;
15;1;52;3802;
16;1;70;4070;
17;1;114;4364;
18;1;61;4561;
19;1;25;4775;
