****18****
100
118;537;1;2;0;
9;142;1;2;0;
617;145;1;2;0;
992;607;1;2;0;
153;19;1;2;0;
381;512;1;2;0;
367;414;1;2;0;
422;641;1;2;0;
792;385;1;2;0;
843;302;1;2;0;
772;372;1;2;0;
691;266;1;2;0;
980;308;1;2;0;
966;53;1;2;0;
722;896;1;2;0;
488;191;1;2;0;
433;496;1;2;0;
685;401;1;2;0;
640;676;1;2;0;
7;145;1;2;0;
694;739;1;2;0;
656;61;1;2;0;
504;429;1;2;0;
53;295;1;2;0;
814;895;1;2;0;
948;937;1;2;0;
618;639;1;2;0;
203;597;1;2;0;
298;168;1;2;0;
1;371;1;2;0;
416;488;1;2;0;
562;848;1;2;0;
983;246;1;2;0;
248;975;1;2;0;
921;254;1;2;0;
471;967;1;2;0;
344;126;1;2;0;
379;847;1;2;0;
907;431;1;2;0;
142;720;1;2;0;
677;89;1;2;0;
8;294;1;2;0;
79;210;1;2;0;
242;377;1;2;0;
730;243;1;2;0;
99;145;1;2;0;
82;12;1;2;0;
344;65;1;2;0;
257;591;1;2;0;
391;530;1;2;0;
196;861;1;2;4222;
539;338;1;2;3523;
385;244;1;2;16656;
878;315;1;2;14348;
319;323;1;2;19026;
397;532;1;2;14948;
125;613;1;2;7131;
576;757;1;2;21425;
587;100;1;2;6397;
844;42;1;2;13110;
725;589;1;2;24501;
924;127;1;2;19116;
501;864;1;2;14932;
860;93;1;2;4215;
247;411;1;2;8112;
927;160;1;2;19089;
200;636;1;2;19383;
716;211;1;2;20860;
665;798;1;2;654;
678;993;1;2;4584;
433;69;1;2;9598;
48;992;1;2;7553;
352;844;1;2;23368;
900;703;1;2;86;
115;949;1;2;14087;
651;227;1;2;13683;
719;426;1;2;9307;
752;141;1;2;10738;
893;157;1;2;651;
133;834;1;2;24863;
415;266;1;2;17835;
638;665;1;2;6542;
987;369;1;2;19508;
551;268;1;2;2882;
559;382;1;2;18766;
978;33;1;2;17927;
908;103;1;2;10817;
474;206;1;2;9065;
250;98;1;2;9093;
527;231;1;2;19548;
796;997;1;2;3536;
133;634;1;2;10561;
813;972;1;2;14232;
336;874;1;2;4480;
913;433;1;2;10523;
790;762;1;2;17719;
893;670;1;2;22404;
773;143;1;2;18962;
794;744;1;2;5498;
324;270;1;2;9917;
0;1;87;87;
1;1;65;1065;
2;1;87;2087;
3;1;19;3019;
4;1;97;4097;
5;1;72;5072;
6;1;16;6016;
7;1;61;7061;
8;1;44;8044;
9;1;81;9081;
10;1;48;10048;
11;1;69;11069;
12;1;14;12014;
13;1;60;13060;
14;1;53;14053;
15;1;32;15032;
16;1;1;16001;
17;1;15;17015;
18;1;82;18082;
19;1;45;19045;
