****11****
100
591;323;1;2;0;
249;459;1;2;0;
223;963;1;2;0;
534;550;1;2;0;
443;521;1;2;0;
142;794;1;2;0;
467;953;1;2;0;
693;667;1;2;0;
215;905;1;2;0;
164;841;1;2;0;
422;248;1;2;0;
75;530;1;2;0;
871;832;1;2;0;
552;462;1;2;0;
732;972;1;2;0;
13;322;1;2;0;
294;262;1;2;0;
780;868;1;2;0;
224;666;1;2;0;
417;19;1;2;0;
538;911;1;2;0;
164;4;1;2;0;
863;856;1;2;0;
22;429;1;2;0;
761;538;1;2;0;
270;534;1;2;0;
785;696;1;2;0;
415;7;1;2;0;
527;318;1;2;0;
468;258;1;2;0;
289;480;1;2;0;
931;935;1;2;0;
93;711;1;2;0;
154;669;1;2;0;
728;923;1;2;0;
39;265;1;2;0;
833;202;1;2;0;
269;47;1;2;0;
409;642;1;2;0;
476;521;1;2;0;
179;97;1;2;0;
406;315;1;2;0;
792;820;1;2;0;
673;670;1;2;0;
489;140;1;2;0;
927;778;1;2;0;
972;857;1;2;0;
64;416;1;2;0;
919;217;1;2;0;
84;646;1;2;0;
139;474;1;2;13519;
323;675;1;2;3223;
370;84;1;2;3889;
197;604;1;2;7606;
293;10;1;2;1053;
436;181;1;2;21429;
105;22;1;2;20406;
31;151;1;2;23623;
239;214;1;2;12122;
510;782;1;2;10721;
507;921;1;2;21988;
769;243;1;2;23885;
651;964;1;2;3155;
527;512;1;2;22641;
581;804;1;2;2215;
301;591;1;2;10646;
694;695;1;2;6888;
579;77;1;2;2153;
434;668;1;2;4699;
705;177;1;2;11457;
412;35;1;2;1886;
592;804;1;2;19469;
798;454;1;2;14300;
88;980;1;2;23075;
333;912;1;2;2855;
939;565;1;2;11281;
77;258;1;2;12948;
237;188;1;2;7225;
546;622;1;2;90;
69;678;1;2;4360;
725;441;1;2;22496;
301;384;1;2;20262;
471;182;1;2;5377;
957;269;1;2;6733;
955;601;1;2;6933;
108;891;1;2;9280;
851;967;1;2;10202;
289;555;1;2;5103;
156;101;1;2;19856;
337;521;1;2;16581;
47;245;1;2;5998;
143;897;1;2;14593;
690;367;1;2;16248;
394;324;1;2;16367;
78;630;1;2;10342;
26;737;1;2;388;
537;587;1;2;1647;
658;228;1;2;21009;
967;383;1;2;12872;
896;71;1;2;11433;
0;1;7;7;
1;1;69;1069;
2;1;16;2016;
3;1;59;3059;
4;1;11;4011;
5;1;12;5012;
6;1;94;6094;
7;1;100;7100;
8;1;30;8030;
9;1;10;9010;
10;1;46;10046;
11;1;5;11005;
12;1;94;12094;
13;1;23;13023;
14;1;34;14034;
15;1;30;15030;
16;1;100;16100;
17;1;22;17022;
18;1;8;18008;
19;1;37;19037;
