****12****
100
461;52;1;2;0;
694;688;1;2;0;
351;660;1;2;0;
422;102;1;2;0;
908;492;1;2;0;
373;466;1;2;0;
313;888;1;2;0;
424;923;1;2;0;
651;517;1;2;0;
575;133;1;2;0;
926;620;1;2;0;
937;919;1;2;0;
94;723;1;2;0;
800;594;1;2;0;
244;107;1;2;0;
982;56;1;2;0;
159;27;1;2;0;
743;509;1;2;0;
39;516;1;2;0;
963;298;1;2;0;
360;335;1;2;0;
763;672;1;2;0;
223;187;1;2;0;
594;225;1;2;0;
55;520;1;2;0;
357;981;1;2;0;
139;646;1;2;0;
251;585;1;2;0;
368;51;1;2;0;
178;963;1;2;0;
509;511;1;2;0;
19;667;1;2;0;
537;113;1;2;0;
528;927;1;2;0;
981;490;1;2;0;
224;340;1;2;0;
176;987;1;2;0;
363;750;1;2;0;
525;956;1;2;0;
975;579;1;2;0;
828;683;1;2;0;
559;966;1;2;0;
328;810;1;2;0;
902;47;1;2;0;
212;431;1;2;0;
362;72;1;2;0;
941;732;1;2;0;
91;830;1;2;0;
196;970;1;2;0;
756;176;1;2;0;
811;980;1;2;9414;
986;318;1;2;16221;
736;842;1;2;20621;
710;420;1;2;18626;
744;979;1;2;4066;
424;140;1;2;9331;
822;703;1;2;14548;
183;774;1;2;48;
266;216;1;2;4524;
462;185;1;2;6281;
637;995;1;2;24618;
504;981;1;2;23747;
732;716;1;2;7260;
268;777;1;2;22141;
631;872;1;2;2042;
312;295;1;2;10938;
894;117;1;2;1595;
906;651;1;2;17702;
211;269;1;2;15621;
697;730;1;2;21184;
939;718;1;2;21570;
511;221;1;2;9887;
401;305;1;2;21402;
131;572;1;2;16677;
633;203;1;2;3637;
113;514;1;2;10644;
436;407;1;2;17527;
461;664;1;2;22294;
612;227;1;2;16446;
978;275;1;2;18837;
528;213;1;2;13199;
73;76;1;2;13441;
950;476;1;2;10785;
894;958;1;2;3099;
966;591;1;2;9008;
558;55;1;2;9826;
796;491;1;2;12636;
150;951;1;2;9233;
858;562;1;2;22419;
483;539;1;2;11212;
540;67;1;2;6893;
963;491;1;2;9081;
311;793;1;2;18770;
610;38;1;2;15972;
833;4;1;2;74;
906;561;1;2;367;
196;708;1;2;2789;
892;857;1;2;11183;
956;66;1;2;16001;
893;900;1;2;10113;
0;1;57;57;
1;1;40;1040;
2;1;92;2092;
3;1;86;3086;
4;1;2;4002;
5;1;34;5034;
6;1;37;6037;
7;1;64;7064;
8;1;78;8078;
9;1;16;9016;
10;1;74;10074;
11;1;16;11016;
12;1;4;12004;
13;1;6;13006;
14;1;19;14019;
15;1;30;15030;
16;1;64;16064;
17;1;31;17031;
18;1;62;18062;
19;1;59;19059;
