****9****
100
116;827;1;2;0;
662;489;1;2;0;
299;300;1;2;0;
114;721;1;2;0;
431;939;1;2;0;
213;664;1;2;0;
538;38;1;2;0;
950;989;1;2;0;
467;67;1;2;0;
540;209;1;2;0;
960;614;1;2;0;
168;260;1;2;0;
759;121;1;2;0;
281;414;1;2;0;
955;902;1;2;0;
223;70;1;2;0;
80;884;1;2;0;
911;378;1;2;0;
184;24;1;2;0;
451;614;1;2;0;
314;663;1;2;0;
278;852;1;2;0;
700;227;1;2;0;
192;518;1;2;0;
645;83;1;2;0;
727;957;1;2;0;
696;894;1;2;0;
568;454;1;2;0;
366;848;1;2;0;
219;320;1;2;0;
101;442;1;2;0;
742;532;1;2;0;
325;652;1;2;0;
910;860;1;2;0;
27;712;1;2;0;
826;340;1;2;0;
374;103;1;2;0;
543;426;1;2;0;
681;734;1;2;0;
943;678;1;2;0;
817;669;1;2;0;
634;864;1;2;0;
914;553;1;2;0;
318;279;1;2;0;
400;888;1;2;0;
951;501;1;2;0;
329;692;1;2;0;
32;6;1;2;0;
695;293;1;2;0;
865;721;1;2;0;
356;690;1;2;22253;
730;144;1;2;7575;
507;177;1;2;19558;
449;206;1;2;14627;
470;839;1;2;7719;
735;743;1;2;23778;
366;142;1;2;17204;
316;994;1;2;11889;
7;378;1;2;21733;
53;22;1;2;13649;
773;378;1;2;20905;
184;459;1;2;12044;
490;965;1;2;18780;
530;765;1;2;18434;
737;234;1;2;12942;
808;321;1;2;20777;
196;686;1;2;12962;
824;1;1;2;9222;
780;359;1;2;5526;
93;411;1;2;22977;
270;535;1;2;15760;
841;70;1;2;17945;
556;560;1;2;12634;
798;441;1;2;3725;
246;177;1;2;24363;
883;985;1;2;1293;
263;532;1;2;17286;
784;355;1;2;1655;
650;486;1;2;15199;
894;578;1;2;24013;
511;200;1;2;4481;
505;40;1;2;6105;
957;947;1;2;13708;
373;745;1;2;21847;
905;990;1;2;17901;
671;872;1;2;16332;
109;486;1;2;15917;
232;269;1;2;6613;
355;271;1;2;7051;
188;516;1;2;9469;
783;26;1;2;9258;
912;882;1;2;22827;
111;838;1;2;18964;
220;210;1;2;11952;
770;466;1;2;1969;
848;137;1;2;1957;
910;597;1;2;9942;
207;829;1;2;13883;
507;535;1;2;4747;
645;75;1;2;8565;
0;1;12;12;
1;1;9;1009;
2;1;81;2081;
3;1;78;3078;
4;1;21;4021;
5;1;62;5062;
6;1;35;6035;
7;1;83;7083;
8;1;51;8051;
9;1;39;9039;
10;1;2;10002;
11;1;12;11012;
12;1;39;12039;
13;1;71;13071;
14;1;78;14078;
15;1;28;15028;
16;1;18;16018;
17;1;66;17066;
18;1;41;18041;
19;1;79;19079;
