****16****
100
632;91;1;2;0;
630;502;1;2;0;
107;767;1;2;0;
257;11;1;2;0;
772;106;1;2;0;
437;819;1;2;0;
205;993;1;2;0;
179;781;1;2;0;
370;720;1;2;0;
806;809;1;2;0;
826;54;1;2;0;
725;173;1;2;0;
801;677;1;2;0;
880;251;1;2;0;
207;681;1;2;0;
147;190;1;2;0;
123;776;1;2;0;
692;230;1;2;0;
894;300;1;2;0;
592;665;1;2;0;
757;380;1;2;0;
836;961;1;2;0;
725;366;1;2;0;
742;94;1;2;0;
85;899;1;2;0;
903;263;1;2;0;
304;979;1;2;0;
435;104;1;2;0;
655;666;1;2;0;
706;214;1;2;0;
346;852;1;2;0;
403;469;1;2;0;
979;446;1;2;0;
50;872;1;2;0;
745;993;1;2;0;
889;502;1;2;0;
373;724;1;2;0;
814;97;1;2;0;
89;907;1;2;0;
542;526;1;2;0;
805;796;1;2;0;
140;460;1;2;0;
774;574;1;2;0;
915;781;1;2;0;
592;621;1;2;0;
994;937;1;2;0;
472;748;1;2;0;
757;451;1;2;0;
194;806;1;2;0;
322;938;1;2;0;
151;210;1;2;13492;
523;285;1;2;17393;
971;726;1;2;4619;
512;251;1;2;14416;
660;390;1;2;234;
433;315;1;2;22086;
213;906;1;2;7532;
558;195;1;2;18214;
306;951;1;2;6904;
499;109;1;2;18101;
436;259;1;2;19437;
579;133;1;2;10816;
535;103;1;2;24787;
749;966;1;2;18181;
120;625;1;2;4059;
599;58;1;2;15864;
344;622;1;2;19171;
709;180;1;2;17766;
545;485;1;2;20724;
184;983;1;2;21660;
496;770;1;2;12663;
369;700;1;2;8372;
527;586;1;2;10491;
410;335;1;2;6462;
543;454;1;2;11070;
417;404;1;2;8109;
958;747;1;2;20574;
404;807;1;2;690;
44;352;1;2;18201;
634;887;1;2;1139;
685;734;1;2;1404;
993;102;1;2;7489;
786;629;1;2;16280;
328;390;1;2;5149;
540;933;1;2;15761;
25;701;1;2;23348;
270;658;1;2;4492;
137;61;1;2;18973;
183;104;1;2;5508;
417;90;1;2;2746;
633;774;1;2;3787;
323;118;1;2;820;
712;903;1;2;11404;
686;583;1;2;8076;
347;122;1;2;11266;
165;498;1;2;22785;
386;768;1;2;12990;
706;904;1;2;1054;
833;439;1;2;4741;
662;207;1;2;1519;
0;1;78;78;
1;1;40;1040;
2;1;96;2096;
3;1;78;3078;
4;1;14;4014;
5;1;14;5014;
6;1;32;6032;
7;1;25;7025;
8;1;16;8016;
9;1;66;9066;
10;1;10;10010;
11;1;98;11098;
12;1;38;12038;
13;1;8;13008;
14;1;72;14072;
15;1;93;15093;
16;1;24;16024;
17;1;69;17069;
18;1;1;18001;
19;1;10;19010;
