****8****
100
146;223;1;2;0;
274;36;1;2;0;
935;990;1;2;0;
836;627;1;2;0;
770;184;1;2;0;
825;372;1;2;0;
129;228;1;2;0;
457;444;1;2;0;
224;728;1;2;0;
568;160;1;2;0;
53;700;1;2;0;
227;117;1;2;0;
130;422;1;2;0;
965;277;1;2;0;
814;402;1;2;0;
718;311;1;2;0;
977;991;1;2;0;
699;263;1;2;0;
332;534;1;2;0;
889;101;1;2;0;
717;66;1;2;0;
472;845;1;2;0;
645;280;1;2;0;
641;221;1;2;0;
359;208;1;2;0;
380;411;1;2;0;
907;606;1;2;0;
879;37;1;2;0;
379;844;1;2;0;
665;193;1;2;0;
597;382;1;2;0;
503;573;1;2;0;
724;201;1;2;0;
836;55;1;2;0;
735;76;1;2;0;
507;803;1;2;0;
493;331;1;2;0;
1000;138;1;2;0;
610;640;1;2;0;
358;969;1;2;0;
199;737;1;2;0;
379;458;1;2;0;
694;258;1;2;0;
846;72;1;2;0;
453;510;1;2;0;
264;49;1;2;0;
244;119;1;2;0;
974;319;1;2;0;
671;161;1;2;0;
374;757;1;2;0;
236;232;1;2;21190;
81;562;1;2;19081;
218;172;1;2;18798;
575;492;1;2;12520;
663;870;1;2;23015;
356;479;1;2;10958;
779;283;1;2;11337;
395;684;1;2;21934;
513;657;1;2;10182;
535;169;1;2;10305;
292;756;1;2;13766;
851;836;1;2;12037;
409;53;1;2;8846;
958;979;1;2;2832;
705;641;1;2;4875;
262;348;1;2;2355;
311;127;1;2;14656;
222;873;1;2;1448;
376;737;1;2;7888;
849;271;1;2;18333;
46;562;1;2;18883;
475;764;1;2;23930;
818;172;1;2;727;
331;481;1;2;2881;
688;538;1;2;24913;
266;799;1;2;12846;
322;461;1;2;12502;
661;683;1;2;18501;
35;58;1;2;9004;
417;906;1;2;7799;
615;952;1;2;10572;
569;778;1;2;11262;
710;595;1;2;6199;
903;278;1;2;16427;
75;965;1;2;2218;
240;582;1;2;16084;
400;903;1;2;18982;
390;916;1;2;20000;
252;302;1;2;22815;
202;719;1;2;10362;
70;333;1;2;20194;
204;253;1;2;16075;
750;314;1;2;14540;
171;217;1;2;22186;
72;643;1;2;21341;
511;882;1;2;16880;
451;281;1;2;11158;
852;22;1;2;23328;
287;625;1;2;2588;
132;826;1;2;9075;
0;1;82;82;
1;1;48;1048;
2;1;25;2025;
3;1;35;3035;
4;1;51;4051;
5;1;78;5078;
6;1;17;6017;
7;1;52;7052;
8;1;91;8091;
9;1;94;9094;
10;1;22;10022;
11;1;59;11059;
12;1;48;12048;
13;1;94;13094;
14;1;2;14002;
15;1;70;15070;
16;1;56;16056;
17;1;83;17083;
18;1;21;18021;
19;1;58;19058;
