****19****
100
484;38;1;2;0;
117;626;1;2;0;
448;263;1;2;0;
721;308;1;2;0;
938;990;1;2;0;
397;976;1;2;0;
406;483;1;2;0;
994;602;1;2;0;
907;10;1;2;0;
314;302;1;2;0;
390;361;1;2;0;
570;755;1;2;0;
672;623;1;2;0;
486;772;1;2;0;
789;319;1;2;0;
116;272;1;2;0;
357;584;1;2;0;
249;156;1;2;0;
198;969;1;2;0;
463;135;1;2;0;
310;860;1;2;0;
110;715;1;2;0;
694;456;1;2;0;
668;600;1;2;0;
465;981;1;2;0;
901;206;1;2;0;
693;823;1;2;0;
961;364;1;2;0;
797;798;1;2;0;
135;585;1;2;0;
469;602;1;2;0;
208;177;1;2;0;
537;808;1;2;0;
332;735;1;2;0;
128;795;1;2;0;
869;437;1;2;0;
6;331;1;2;0;
151;699;1;2;0;
786;818;1;2;0;
651;602;1;2;0;
150;903;1;2;0;
159;842;1;2;0;
725;119;1;2;0;
205;873;1;2;0;
269;691;1;2;0;
457;737;1;2;0;
644;16;1;2;0;
265;180;1;2;0;
823;596;1;2;0;
914;950;1;2;0;
742;135;1;2;12936;
747;817;1;2;15351;
798;954;1;2;14859;
448;555;1;2;9869;
702;713;1;2;15333;
427;184;1;2;16137;
299;804;1;2;16782;
108;892;1;2;15459;
475;156;1;2;5224;
650;751;1;2;24699;
951;493;1;2;9147;
689;591;1;2;6330;
576;388;1;2;23144;
985;187;1;2;12586;
542;889;1;2;15422;
941;667;1;2;15859;
247;317;1;2;11976;
244;776;1;2;1617;
883;251;1;2;22709;
54;900;1;2;16756;
139;850;1;2;4863;
61;538;1;2;21415;
800;466;1;2;2541;
491;450;1;2;20620;
737;343;1;2;12796;
399;283;1;2;15661;
596;882;1;2;20857;
596;125;1;2;24459;
487;7;1;2;16405;
533;61;1;2;7796;
681;551;1;2;12356;
674;611;1;2;15774;
257;410;1;2;10647;
227;901;1;2;11835;
736;989;1;2;4206;
485;739;1;2;5343;
900;334;1;2;6381;
632;929;1;2;1350;
491;415;1;2;7957;
600;299;1;2;6426;
960;331;1;2;21456;
169;4;1;2;16689;
620;260;1;2;23455;
536;839;1;2;14898;
253;926;1;2;5852;
665;411;1;2;11739;
359;310;1;2;2912;
934;293;1;2;14100;
985;783;1;2;1414;
42;382;1;2;12564;
0;1;12;12;
1;1;93;1093;
2;1;34;2034;
3;1;83;3083;
4;1;14;4014;
5;1;37;5037;
6;1;17;6017;
7;1;33;7033;
8;1;49;8049;
9;1;61;9061;
10;1;21;10021;
11;1;39;11039;
12;1;56;12056;
13;1;25;13025;
14;1;64;14064;
15;1;92;15092;
16;1;89;16089;
17;1;74;17074;
18;1;17;18017;
19;1;47;19047;
