****15****
100
808;124;1;2;0;
70;337;1;2;0;
738;317;1;2;0;
297;318;1;2;0;
10;871;1;2;0;
79;170;1;2;0;
995;920;1;2;0;
193;728;1;2;0;
170;341;1;2;0;
291;997;1;2;0;
834;596;1;2;0;
326;346;1;2;0;
879;113;1;2;0;
546;867;1;2;0;
128;670;1;2;0;
424;935;1;2;0;
793;493;1;2;0;
624;883;1;2;0;
161;920;1;2;0;
200;171;1;2;0;
142;631;1;2;0;
340;137;1;2;0;
550;884;1;2;0;
864;719;1;2;0;
224;506;1;2;0;
67;57;1;2;0;
101;392;1;2;0;
754;979;1;2;0;
856;651;1;2;0;
198;983;1;2;0;
321;621;1;2;0;
270;465;1;2;0;
113;893;1;2;0;
347;625;1;2;0;
812;899;1;2;0;
795;953;1;2;0;
529;486;1;2;0;
441;430;1;2;0;
369;304;1;2;0;
500;592;1;2;0;
161;566;1;2;0;
1000;261;1;2;0;
309;105;1;2;0;
592;164;1;2;0;
756;789;1;2;0;
146;76;1;2;0;
409;415;1;2;0;
892;873;1;2;0;
659;591;1;2;0;
497;470;1;2;0;
489;292;1;2;12056;
369;129;1;2;9061;
150;850;1;2;4386;
649;793;1;2;3252;
566;793;1;2;23517;
874;249;1;2;21041;
389;4;1;2;11368;
886;431;1;2;11281;
653;323;1;2;9301;
311;913;1;2;21888;
781;753;1;2;22144;
907;121;1;2;24572;
121;270;1;2;15522;
343;270;1;2;11442;
374;835;1;2;4575;
17;60;1;2;16051;
251;448;1;2;13216;
921;333;1;2;19371;
351;985;1;2;19293;
653;296;1;2;17305;
803;428;1;2;24625;
245;686;1;2;14539;
167;158;1;2;12777;
938;501;1;2;5629;
501;226;1;2;14176;
209;242;1;2;2120;
165;844;1;2;16273;
476;764;1;2;2536;
866;466;1;2;7395;
930;470;1;2;2603;
258;272;1;2;20140;
690;868;1;2;19812;
242;34;1;2;12928;
415;971;1;2;6123;
209;824;1;2;401;
189;32;1;2;23775;
228;548;1;2;22283;
714;23;1;2;9541;
237;889;1;2;24079;
744;170;1;2;195;
898;780;1;2;9780;
479;469;1;2;24975;
97;63;1;2;24848;
872;477;1;2;22671;
500;38;1;2;11631;
352;226;1;2;14560;
446;454;1;2;4251;
734;519;1;2;14426;
138;755;1;2;18949;
6;498;1;2;12112;
0;1;96;96;
1;1;47;1047;
2;1;5;2005;
3;1;9;3009;
4;1;77;4077;
5;1;26;5026;
6;1;41;6041;
7;1;25;7025;
8;1;88;8088;
9;1;7;9007;
10;1;49;10049;
11;1;16;11016;
12;1;96;12096;
13;1;48;13048;
14;1;53;14053;
15;1;7;15007;
16;1;99;16099;
17;1;79;17079;
18;1;50;18050;
19;1;96;19096;
