****14****
100
294;858;1;2;0;
82;673;1;2;0;
554;323;1;2;0;
896;603;1;2;0;
172;629;1;2;0;
358;362;1;2;0;
701;53;1;2;0;
148;630;1;2;0;
518;972;1;2;0;
443;511;1;2;0;
434;841;1;2;0;
972;901;1;2;0;
800;966;1;2;0;
782;4;1;2;0;
859;828;1;2;0;
515;152;1;2;0;
685;948;1;2;0;
824;591;1;2;0;
622;72;1;2;0;
193;145;1;2;0;
52;902;1;2;0;
859;752;1;2;0;
955;6;1;2;0;
381;472;1;2;0;
977;176;1;2;0;
334;763;1;2;0;
16;657;1;2;0;
663;167;1;2;0;
622;444;1;2;0;
171;833;1;2;0;
623;37;1;2;0;
984;660;1;2;0;
984;160;1;2;0;
250;957;1;2;0;
583;794;1;2;0;
101;634;1;2;0;
695;959;1;2;0;
737;649;1;2;0;
317;470;1;2;0;
472;293;1;2;0;
645;805;1;2;0;
407;12;1;2;0;
461;421;1;2;0;
530;435;1;2;0;
864;700;1;2;0;
267;839;1;2;0;
736;602;1;2;0;
850;71;1;2;0;
113;451;1;2;0;
379;695;1;2;0;
244;832;1;2;2563;
290;142;1;2;1415;
291;458;1;2;12194;
762;103;1;2;19101;
567;509;1;2;24003;
379;930;1;2;21316;
813;145;1;2;14497;
79;335;1;2;12652;
33;536;1;2;19558;
145;986;1;2;286;
840;581;1;2;13696;
871;871;1;2;13963;
639;161;1;2;4944;
228;922;1;2;10068;
461;840;1;2;10765;
57;571;1;2;18586;
535;735;1;2;12884;
360;166;1;2;9965;
624;198;1;2;11154;
959;342;1;2;998;
673;533;1;2;20113;
569;404;1;2;16583;
255;394;1;2;3934;
751;974;1;2;20520;
700;786;1;2;13692;
158;843;1;2;5075;
897;377;1;2;20931;
133;88;1;2;17737;
55;711;1;2;324;
160;22;1;2;2983;
603;694;1;2;17257;
627;614;1;2;18459;
520;869;1;2;10252;
926;971;1;2;4831;
253;22;1;2;23545;
123;532;1;2;15393;
212;780;1;2;1692;
739;912;1;2;24188;
79;966;1;2;20530;
616;478;1;2;10277;
846;432;1;2;20964;
961;58;1;2;16286;
479;578;1;2;12453;
743;503;1;2;14410;
979;107;1;2;7224;
353;229;1;2;3909;
569;792;1;2;23051;
513;530;1;2;4778;
896;608;1;2;9059;
342;575;1;2;24294;
0;1;60;60;
1;1;73;1073;
2;1;41;2041;
3;1;72;3072;
4;1;33;4033;
5;1;99;5099;
6;1;49;6049;
7;1;12;7012;
8;1;28;8028;
9;1;94;9094;
10;1;54;10054;
11;1;30;11030;
12;1;61;12061;
13;1;84;13084;
14;1;36;14036;
15;1;1;15001;
16;1;37;16037;
17;1;64;17064;
18;1;73;18073;
19;1;5;19005;
