****7****
100
64;93;1;2;0;
13;217;1;2;0;
459;678;1;2;0;
499;656;1;2;0;
935;813;1;2;0;
156;254;1;2;0;
654;635;1;2;0;
801;582;1;2;0;
416;885;1;2;0;
203;807;1;2;0;
962;367;1;2;0;
316;601;1;2;0;
312;45;1;2;0;
502;660;1;2;0;
342;128;1;2;0;
765;758;1;2;0;
220;777;1;2;0;
974;30;1;2;0;
454;472;1;2;0;
685;740;1;2;0;
637;192;1;2;0;
346;290;1;2;0;
827;146;1;2;0;
223;594;1;2;0;
382;426;1;2;0;
400;695;1;2;0;
792;67;1;2;0;
296;104;1;2;0;
111;149;1;2;0;
115;805;1;2;0;
276;879;1;2;0;
914;848;1;2;0;
656;887;1;2;0;
877;461;1;2;0;
711;914;1;2;0;
201;699;1;2;0;
105;898;1;2;0;
988;283;1;2;0;
43;562;1;2;0;
876;777;1;2;0;
987;627;1;2;0;
471;131;1;2;0;
46;118;1;2;0;
234;508;1;2;0;
618;700;1;2;0;
312;246;1;2;0;
578;577;1;2;0;
445;233;1;2;0;
464;321;1;2;0;
46;526;1;2;0;
586;246;1;2;12354;
43;143;1;2;18868;
677;537;1;2;20566;
905;665;1;2;1835;
531;488;1;2;17751;
928;957;1;2;17192;
436;575;1;2;13199;
99;820;1;2;7771;
676;264;1;2;11416;
491;936;1;2;3504;
16;874;1;2;10017;
239;916;1;2;24346;
801;592;1;2;4472;
276;848;1;2;6415;
386;379;1;2;2408;
978;658;1;2;7790;
155;93;1;2;17518;
31;192;1;2;6854;
837;219;1;2;23725;
875;709;1;2;19994;
958;724;1;2;13465;
638;314;1;2;8469;
812;114;1;2;22493;
874;389;1;2;12905;
601;127;1;2;11925;
815;456;1;2;7138;
338;963;1;2;15078;
82;345;1;2;12884;
350;181;1;2;22874;
880;55;1;2;3698;
346;364;1;2;18170;
37;1;1;2;1393;
995;164;1;2;22237;
545;390;1;2;5760;
294;990;1;2;3800;
421;157;1;2;11355;
557;494;1;2;20615;
786;927;1;2;1521;
558;628;1;2;7352;
548;508;1;2;1768;
598;205;1;2;17772;
371;242;1;2;10881;
457;588;1;2;5443;
8;132;1;2;12673;
948;777;1;2;9489;
717;197;1;2;23301;
942;754;1;2;16393;
481;539;1;2;6284;
717;449;1;2;24828;
781;996;1;2;20749;
0;1;51;51;
1;1;46;1046;
2;1;4;2004;
3;1;85;3085;
4;1;16;4016;
5;1;97;5097;
6;1;72;6072;
7;1;73;7073;
8;1;84;8084;
9;1;74;9074;
10;1;80;10080;
11;1;68;11068;
12;1;65;12065;
13;1;79;13079;
14;1;44;14044;
15;1;97;15097;
16;1;48;16048;
17;1;93;17093;
18;1;38;18038;
19;1;41;19041;
