5641
5600
5597
5597
5592
5592
5592
5591
5591
5591
5591
5591
5590
5587
5586
5586
5586
5586
5584
5584
5584
5584
5584
5584
5584
5584
5584
5584
5584
5584
5584
5584
5584
5584
5584
5584
5584
5584
5584
5584
5584
5584
5584
5584
5584
5584
5584
5584
5584
5584
5584
5584
5584
5584
5584
5584
5584
5584
5584
5584
5584
5584
5584
5584
5584
5584
5584
5580
5578
5577
5577
5577
5577
5577
5577
5573
5573
5572
5572
5571
5571
5571
5571
5571
5571
5571
5571
5571
5571
5571
5571
5571
5571
5571
5571
5571
5571
5571
5571
5571
5571
5571
5571
5571
5571
5571
5571
5571
5571
5571
5571
5571
5571
5571
5571
5571
5571
5571
5571
5571
5571
5571
5571
5570
5570
5570
5570
5570
5570
5570
5570
5570
5570
5570
5570
5570
5570
5570
5570
5570
5570
5570
5570
5570
5570
5570
5570
5570
5570
5570
5570
5570
5570
5570
