****18****
600
42;8;1;2;0;
4;48;1;2;0;
35;85;1;2;0;
87;54;1;2;0;
100;28;1;2;0;
64;33;1;2;0;
55;65;1;2;0;
11;88;1;2;0;
5;67;1;2;0;
63;40;1;2;0;
47;16;1;2;0;
62;48;1;2;0;
12;88;1;2;0;
74;80;1;2;0;
50;23;1;2;0;
40;92;1;2;0;
83;43;1;2;0;
91;69;1;2;0;
80;78;1;2;0;
22;31;1;2;0;
57;85;1;2;0;
15;11;1;2;0;
1;25;1;2;0;
50;58;1;2;0;
44;12;1;2;0;
49;90;1;2;0;
80;10;1;2;0;
89;43;1;2;0;
97;62;1;2;0;
22;47;1;2;0;
37;13;1;2;0;
38;71;1;2;0;
8;80;1;2;0;
39;87;1;2;0;
57;12;1;2;0;
69;14;1;2;0;
48;84;1;2;0;
76;100;1;2;0;
8;26;1;2;0;
57;3;1;2;0;
37;57;1;2;0;
92;68;1;2;0;
67;32;1;2;0;
10;15;1;2;0;
46;31;1;2;0;
61;82;1;2;0;
96;50;1;2;0;
4;3;1;2;0;
30;94;1;2;0;
89;38;1;2;0;
5;57;1;2;0;
3;52;1;2;0;
40;79;1;2;0;
3;100;1;2;0;
4;60;1;2;0;
2;92;1;2;0;
68;46;1;2;0;
12;34;1;2;0;
77;21;1;2;0;
49;22;1;2;0;
4;61;1;2;0;
55;99;1;2;0;
63;10;1;2;0;
1;92;1;2;0;
3;41;1;2;0;
81;59;1;2;0;
49;84;1;2;0;
10;89;1;2;0;
14;65;1;2;0;
40;17;1;2;0;
76;93;1;2;0;
60;43;1;2;0;
90;71;1;2;0;
77;67;1;2;0;
44;77;1;2;0;
40;47;1;2;0;
89;47;1;2;0;
97;51;1;2;0;
56;97;1;2;0;
94;59;1;2;0;
89;75;1;2;0;
17;37;1;2;0;
58;79;1;2;0;
77;71;1;2;0;
43;16;1;2;0;
39;18;1;2;0;
61;50;1;2;0;
12;50;1;2;0;
21;40;1;2;0;
16;64;1;2;0;
16;8;1;2;0;
62;5;1;2;0;
54;58;1;2;0;
7;61;1;2;0;
6;1;1;2;0;
71;94;1;2;0;
75;40;1;2;0;
30;84;1;2;0;
18;59;1;2;0;
6;12;1;2;0;
74;96;1;2;0;
81;34;1;2;0;
45;92;1;2;0;
84;65;1;2;0;
32;51;1;2;0;
80;99;1;2;0;
10;41;1;2;0;
55;15;1;2;0;
50;62;1;2;0;
76;55;1;2;0;
62;46;1;2;0;
100;88;1;2;0;
37;30;1;2;0;
71;54;1;2;0;
88;28;1;2;0;
17;13;1;2;0;
23;49;1;2;0;
99;67;1;2;0;
93;34;1;2;0;
32;76;1;2;0;
36;63;1;2;0;
26;46;1;2;0;
56;81;1;2;0;
60;5;1;2;0;
94;87;1;2;0;
12;55;1;2;0;
85;11;1;2;0;
94;21;1;2;0;
92;16;1;2;0;
27;31;1;2;0;
43;95;1;2;0;
44;65;1;2;0;
44;94;1;2;0;
31;88;1;2;0;
27;14;1;2;0;
63;62;1;2;0;
77;40;1;2;0;
59;84;1;2;0;
20;71;1;2;0;
88;13;1;2;0;
57;99;1;2;0;
19;93;1;2;0;
10;64;1;2;0;
14;1;1;2;0;
79;92;1;2;0;
84;21;1;2;0;
86;27;1;2;0;
85;81;1;2;0;
72;16;1;2;0;
20;98;1;2;0;
81;34;1;2;0;
11;9;1;2;0;
74;22;1;2;0;
92;93;1;2;0;
92;80;1;2;0;
58;100;1;2;0;
30;28;1;2;0;
93;91;1;2;0;
92;58;1;2;0;
92;70;1;2;0;
49;75;1;2;0;
91;86;1;2;0;
53;27;1;2;0;
19;76;1;2;0;
42;38;1;2;0;
25;75;1;2;0;
72;35;1;2;0;
83;45;1;2;0;
56;75;1;2;0;
89;99;1;2;0;
6;46;1;2;0;
99;87;1;2;0;
74;91;1;2;0;
78;17;1;2;0;
48;21;1;2;0;
86;48;1;2;0;
47;76;1;2;0;
85;99;1;2;0;
3;3;1;2;0;
74;96;1;2;0;
41;98;1;2;0;
22;12;1;2;0;
84;5;1;2;0;
8;92;1;2;0;
31;96;1;2;0;
90;88;1;2;0;
42;40;1;2;0;
74;67;1;2;0;
30;51;1;2;0;
83;29;1;2;0;
71;68;1;2;0;
28;17;1;2;0;
96;13;1;2;0;
67;50;1;2;0;
15;92;1;2;0;
97;7;1;2;0;
41;19;1;2;0;
18;77;1;2;0;
75;25;1;2;0;
68;57;1;2;0;
21;9;1;2;0;
96;14;1;2;0;
49;69;1;2;0;
80;30;1;2;0;
72;62;1;2;0;
11;94;1;2;0;
81;38;1;2;0;
63;76;1;2;0;
50;29;1;2;0;
77;17;1;2;0;
73;74;1;2;0;
23;13;1;2;0;
44;93;1;2;0;
41;18;1;2;0;
17;8;1;2;0;
26;89;1;2;0;
69;21;1;2;0;
2;69;1;2;0;
89;33;1;2;0;
98;12;1;2;0;
46;8;1;2;0;
6;27;1;2;0;
46;68;1;2;0;
54;47;1;2;0;
48;83;1;2;0;
15;20;1;2;0;
56;38;1;2;0;
85;99;1;2;0;
82;25;1;2;0;
68;98;1;2;0;
85;93;1;2;0;
39;53;1;2;0;
13;92;1;2;0;
73;53;1;2;0;
77;70;1;2;0;
65;22;1;2;0;
30;22;1;2;0;
100;27;1;2;0;
41;54;1;2;0;
73;88;1;2;0;
88;40;1;2;0;
60;43;1;2;0;
29;44;1;2;0;
93;10;1;2;0;
20;12;1;2;0;
59;4;1;2;0;
56;97;1;2;0;
8;20;1;2;0;
41;80;1;2;0;
72;17;1;2;0;
2;88;1;2;0;
38;31;1;2;0;
61;38;1;2;0;
57;1;1;2;0;
43;81;1;2;0;
89;82;1;2;0;
20;48;1;2;0;
24;48;1;2;0;
43;68;1;2;0;
57;62;1;2;0;
31;16;1;2;0;
18;86;1;2;0;
64;25;1;2;0;
5;4;1;2;0;
57;28;1;2;0;
72;58;1;2;0;
68;62;1;2;0;
88;28;1;2;0;
51;96;1;2;0;
81;93;1;2;0;
76;69;1;2;0;
74;48;1;2;0;
68;49;1;2;0;
95;10;1;2;0;
68;4;1;2;0;
23;98;1;2;0;
71;40;1;2;0;
35;34;1;2;0;
17;39;1;2;0;
90;73;1;2;0;
18;61;1;2;0;
30;85;1;2;0;
22;69;1;2;0;
65;24;1;2;0;
64;45;1;2;0;
16;91;1;2;0;
65;41;1;2;0;
38;84;1;2;0;
41;85;1;2;0;
45;60;1;2;0;
40;67;1;2;0;
9;10;1;2;0;
59;43;1;2;0;
95;75;1;2;0;
33;36;1;2;0;
47;51;1;2;0;
49;28;1;2;0;
87;22;1;2;0;
96;3;1;2;0;
46;11;1;2;0;
99;13;1;2;3728;
63;6;1;2;9812;
98;98;1;2;2593;
42;58;1;2;13534;
61;66;1;2;3993;
19;9;1;2;10531;
93;41;1;2;12579;
91;43;1;2;1631;
18;82;1;2;4522;
65;84;1;2;13202;
27;35;1;2;7741;
79;97;1;2;7972;
21;47;1;2;4991;
99;88;1;2;9331;
16;48;1;2;13821;
94;18;1;2;2912;
19;62;1;2;6287;
79;52;1;2;10005;
39;21;1;2;2762;
20;37;1;2;6402;
47;63;1;2;11867;
90;94;1;2;2726;
86;66;1;2;6663;
31;65;1;2;11396;
82;32;1;2;7478;
2;26;1;2;6547;
30;44;1;2;5312;
98;74;1;2;8440;
13;12;1;2;6739;
9;31;1;2;7927;
89;29;1;2;12537;
54;18;1;2;9295;
68;55;1;2;8013;
28;86;1;2;10301;
76;19;1;2;14692;
75;20;1;2;10669;
91;49;1;2;7288;
69;98;1;2;2619;
51;11;1;2;12310;
53;19;1;2;11865;
43;59;1;2;13012;
96;13;1;2;9473;
46;32;1;2;7746;
62;60;1;2;13805;
41;87;1;2;5996;
4;13;1;2;12649;
44;3;1;2;7166;
79;24;1;2;9851;
87;74;1;2;216;
6;26;1;2;11517;
8;20;1;2;3676;
38;68;1;2;4055;
37;13;1;2;14888;
91;74;1;2;11851;
30;67;1;2;6341;
39;70;1;2;5836;
67;66;1;2;1390;
95;44;1;2;12825;
21;31;1;2;3086;
56;88;1;2;9898;
62;95;1;2;9219;
79;84;1;2;14569;
7;21;1;2;4749;
67;63;1;2;1791;
90;93;1;2;1486;
99;83;1;2;3033;
20;2;1;2;2101;
96;96;1;2;4994;
42;68;1;2;14822;
14;76;1;2;12417;
62;89;1;2;10630;
30;67;1;2;5994;
65;74;1;2;8968;
65;92;1;2;11313;
38;82;1;2;11832;
77;80;1;2;1028;
37;52;1;2;7044;
15;47;1;2;6060;
36;40;1;2;7926;
39;5;1;2;11876;
29;67;1;2;14918;
66;48;1;2;5234;
87;65;1;2;1390;
27;81;1;2;3765;
82;18;1;2;8716;
81;46;1;2;7091;
63;34;1;2;5219;
97;100;1;2;3998;
27;35;1;2;269;
77;73;1;2;13102;
1;54;1;2;6902;
66;19;1;2;4905;
98;5;1;2;7170;
2;84;1;2;3446;
98;17;1;2;10033;
27;98;1;2;13908;
88;12;1;2;2119;
47;8;1;2;7263;
5;87;1;2;4330;
2;15;1;2;7160;
3;67;1;2;13660;
23;33;1;2;3474;
42;30;1;2;13092;
25;31;1;2;6478;
88;81;1;2;8470;
20;59;1;2;1391;
49;46;1;2;778;
11;45;1;2;14168;
73;1;1;2;1141;
22;2;1;2;118;
95;56;1;2;7482;
69;30;1;2;7658;
13;23;1;2;6372;
14;47;1;2;4031;
50;86;1;2;4399;
55;5;1;2;1191;
56;5;1;2;1008;
21;16;1;2;8576;
45;40;1;2;12401;
55;13;1;2;12752;
31;7;1;2;7730;
73;27;1;2;3747;
48;92;1;2;5706;
51;5;1;2;5778;
89;7;1;2;6915;
7;13;1;2;4151;
84;68;1;2;11392;
58;40;1;2;265;
76;36;1;2;8527;
94;42;1;2;9029;
13;72;1;2;9917;
91;45;1;2;8372;
99;92;1;2;8854;
30;94;1;2;8962;
59;35;1;2;172;
73;93;1;2;4972;
92;28;1;2;9752;
68;85;1;2;291;
58;60;1;2;5756;
40;53;1;2;11305;
35;17;1;2;3037;
88;8;1;2;1961;
67;58;1;2;1226;
90;39;1;2;6713;
17;97;1;2;7451;
2;22;1;2;7347;
99;13;1;2;7594;
15;32;1;2;8706;
71;90;1;2;4260;
15;81;1;2;6163;
100;67;1;2;12168;
8;6;1;2;14019;
13;25;1;2;462;
8;14;1;2;7699;
1;30;1;2;10520;
76;31;1;2;841;
96;81;1;2;12323;
43;95;1;2;11354;
26;66;1;2;12710;
69;80;1;2;9917;
17;31;1;2;11511;
33;38;1;2;11918;
56;50;1;2;4508;
88;10;1;2;13137;
11;10;1;2;1272;
31;38;1;2;14088;
71;85;1;2;11062;
76;27;1;2;1454;
13;52;1;2;65;
42;21;1;2;13143;
100;89;1;2;5514;
77;21;1;2;10710;
59;28;1;2;197;
13;67;1;2;4713;
32;78;1;2;1461;
32;60;1;2;11416;
62;30;1;2;12416;
24;58;1;2;11563;
28;22;1;2;1578;
50;63;1;2;2215;
2;15;1;2;4636;
37;91;1;2;5516;
9;49;1;2;2889;
82;13;1;2;13203;
17;44;1;2;13662;
13;27;1;2;14295;
46;88;1;2;942;
63;11;1;2;928;
58;90;1;2;11098;
4;91;1;2;13177;
75;93;1;2;2572;
81;29;1;2;5304;
60;89;1;2;2797;
65;22;1;2;14068;
89;38;1;2;6759;
90;2;1;2;12144;
50;99;1;2;13817;
40;61;1;2;7839;
38;70;1;2;10173;
10;26;1;2;6377;
44;100;1;2;8609;
92;32;1;2;7875;
82;91;1;2;13409;
68;8;1;2;11391;
18;48;1;2;6536;
63;38;1;2;13828;
34;87;1;2;666;
92;78;1;2;8974;
64;68;1;2;5314;
77;29;1;2;5772;
29;72;1;2;12564;
25;15;1;2;14341;
1;96;1;2;2112;
65;15;1;2;8275;
51;84;1;2;1030;
26;46;1;2;8549;
2;79;1;2;14141;
29;22;1;2;3746;
17;37;1;2;8788;
74;13;1;2;9379;
8;42;1;2;3695;
41;18;1;2;9309;
5;19;1;2;2015;
12;83;1;2;13136;
78;85;1;2;12229;
44;10;1;2;5069;
46;64;1;2;4292;
87;44;1;2;7238;
6;60;1;2;7237;
43;85;1;2;13971;
57;44;1;2;3322;
45;84;1;2;14393;
48;41;1;2;9073;
97;4;1;2;1755;
13;34;1;2;2353;
11;77;1;2;2896;
55;22;1;2;1718;
28;9;1;2;14486;
75;66;1;2;5173;
5;8;1;2;8109;
100;16;1;2;14559;
88;13;1;2;6099;
42;60;1;2;12565;
65;8;1;2;5083;
23;72;1;2;7912;
18;83;1;2;6590;
22;89;1;2;8682;
41;16;1;2;13329;
3;90;1;2;8784;
77;47;1;2;4328;
88;98;1;2;8355;
90;86;1;2;9069;
79;27;1;2;778;
9;43;1;2;7;
42;18;1;2;4890;
8;35;1;2;12165;
2;56;1;2;11408;
69;96;1;2;6420;
45;50;1;2;4438;
37;79;1;2;12209;
89;66;1;2;13702;
57;7;1;2;11746;
84;85;1;2;5242;
75;93;1;2;3263;
73;86;1;2;7565;
94;93;1;2;5008;
46;46;1;2;13489;
37;15;1;2;4232;
96;11;1;2;7217;
45;99;1;2;11631;
43;88;1;2;10091;
87;44;1;2;2647;
68;79;1;2;9415;
75;53;1;2;13452;
29;77;1;2;3362;
47;71;1;2;3536;
100;68;1;2;3593;
59;4;1;2;13201;
14;100;1;2;14703;
70;96;1;2;1883;
4;38;1;2;8578;
3;77;1;2;13634;
60;44;1;2;10135;
1;71;1;2;13370;
87;99;1;2;8835;
59;97;1;2;930;
75;96;1;2;1328;
36;55;1;2;5945;
12;20;1;2;6199;
49;89;1;2;6037;
33;44;1;2;2667;
56;46;1;2;9792;
74;5;1;2;8172;
71;57;1;2;3048;
20;44;1;2;12685;
45;2;1;2;14646;
93;76;1;2;13449;
7;63;1;2;8073;
77;74;1;2;1275;
46;23;1;2;764;
0;1;14;6;
1;1;2;101;
2;1;15;208;
3;1;3;302;
4;1;5;404;
5;1;10;500;
6;1;31;616;
7;1;4;701;
8;1;26;820;
9;1;28;925;
10;1;32;1028;
11;1;26;1118;
12;1;18;1208;
13;1;20;1317;
14;1;50;1443;
15;1;46;1531;
16;1;1;1600;
17;1;35;1706;
18;1;45;1816;
19;1;6;1900;
20;1;19;2012;
21;1;9;2104;
22;1;46;2208;
23;1;31;2304;
24;1;19;2400;
25;1;40;2532;
26;1;28;2627;
27;1;49;2744;
28;1;22;2803;
29;1;34;2902;
30;1;12;3008;
31;1;36;3107;
32;1;27;3213;
33;1;30;3302;
34;1;9;3407;
35;1;21;3517;
36;1;4;3600;
37;1;29;3707;
38;1;45;3810;
39;1;20;3915;
40;1;20;4011;
41;1;20;4108;
42;1;31;4216;
43;1;45;4326;
44;1;35;4429;
45;1;24;4509;
46;1;10;4609;
47;1;11;4708;
48;1;31;4829;
49;1;10;4900;
50;1;29;5019;
51;1;19;5115;
52;1;13;5203;
53;1;33;5308;
54;1;10;5404;
55;1;26;5501;
56;1;18;5616;
57;1;28;5715;
58;1;12;5802;
59;1;49;5920;
60;1;6;6003;
61;1;46;6137;
62;1;33;6232;
63;1;7;6302;
64;1;48;6418;
65;1;6;6505;
66;1;50;6626;
67;1;12;6709;
68;1;28;6807;
69;1;23;6903;
70;1;2;7001;
71;1;18;7114;
72;1;45;7202;
73;1;16;7309;
74;1;24;7405;
75;1;4;7502;
76;1;38;7631;
77;1;48;7741;
78;1;8;7806;
79;1;37;7905;
80;1;23;8010;
81;1;37;8134;
82;1;21;8216;
83;1;36;8329;
84;1;45;8427;
85;1;36;8512;
86;1;7;8602;
87;1;15;8705;
88;1;3;8802;
89;1;9;8902;
90;1;48;9039;
91;1;6;9100;
92;1;13;9212;
93;1;7;9301;
94;1;10;9402;
95;1;29;9515;
96;1;37;9636;
97;1;3;9700;
98;1;16;9815;
99;1;8;9905;
100;1;47;10035;
101;1;8;10103;
102;1;1;10200;
103;1;8;10306;
104;1;9;10401;
105;1;32;10517;
106;1;30;10606;
107;1;41;10734;
108;1;42;10820;
109;1;16;10910;
110;1;43;11027;
111;1;32;11123;
112;1;12;11200;
113;1;40;11336;
114;1;26;11419;
115;1;38;11522;
116;1;45;11627;
117;1;32;11706;
118;1;24;11810;
119;1;3;11901;
