****10****
100
72;36;1;2;0;
66;14;1;2;0;
13;72;1;2;0;
92;17;1;2;0;
35;18;1;2;0;
74;56;1;2;0;
67;86;1;2;0;
17;9;1;2;0;
40;1;1;2;0;
46;14;1;2;0;
64;92;1;2;0;
91;30;1;2;0;
19;20;1;2;0;
38;30;1;2;0;
45;9;1;2;0;
46;69;1;2;0;
96;11;1;2;0;
82;8;1;2;0;
82;73;1;2;0;
76;69;1;2;0;
90;1;1;2;0;
24;8;1;2;0;
87;40;1;2;0;
68;78;1;2;0;
41;66;1;2;0;
91;56;1;2;0;
57;82;1;2;0;
85;28;1;2;0;
53;74;1;2;0;
9;49;1;2;0;
34;54;1;2;0;
17;30;1;2;0;
64;98;1;2;0;
89;98;1;2;0;
22;65;1;2;0;
66;63;1;2;0;
65;41;1;2;0;
70;3;1;2;0;
80;90;1;2;0;
32;72;1;2;0;
55;23;1;2;0;
79;63;1;2;0;
56;64;1;2;0;
90;8;1;2;0;
89;51;1;2;0;
56;23;1;2;0;
56;25;1;2;0;
4;72;1;2;0;
22;92;1;2;0;
21;96;1;2;0;
8;86;1;2;620;
25;78;1;2;592;
27;57;1;2;1064;
59;81;1;2;1610;
33;59;1;2;1916;
88;74;1;2;1291;
47;15;1;2;729;
54;37;1;2;1175;
78;92;1;2;1384;
52;83;1;2;2190;
47;91;1;2;412;
56;15;1;2;2164;
35;93;1;2;1108;
55;51;1;2;1763;
29;83;1;2;1532;
18;22;1;2;1121;
96;20;1;2;2446;
76;74;1;2;623;
63;3;1;2;1035;
70;54;1;2;2041;
48;100;1;2;417;
64;8;1;2;364;
4;94;1;2;2283;
5;49;1;2;2434;
86;29;1;2;627;
78;98;1;2;1406;
43;45;1;2;1294;
74;20;1;2;1873;
41;35;1;2;2408;
99;4;1;2;895;
91;3;1;2;1985;
74;66;1;2;1298;
70;22;1;2;1929;
11;26;1;2;2442;
55;64;1;2;1946;
81;93;1;2;2359;
80;87;1;2;2471;
51;60;1;2;512;
95;100;1;2;157;
42;50;1;2;292;
94;40;1;2;606;
97;65;1;2;1517;
56;87;1;2;184;
60;97;1;2;218;
64;51;1;2;886;
96;83;1;2;1217;
78;15;1;2;2334;
5;65;1;2;1681;
51;12;1;2;2384;
83;5;1;2;476;
0;1;518;231;
1;1;598;440;
2;1;594;419;
3;1;562;368;
4;1;548;697;
5;1;512;948;
6;1;592;706;
7;1;547;948;
8;1;523;853;
9;1;569;1379;
10;1;596;1398;
11;1;504;1423;
12;1;521;1539;
13;1;523;1381;
14;1;588;1782;
15;1;583;1553;
16;1;576;2095;
17;1;516;1805;
18;1;541;2034;
19;1;522;2418;
20;1;519;2343;
21;1;585;2241;
22;1;560;2290;
23;1;521;2701;
24;1;564;2780;
25;1;534;2790;
26;1;556;2724;
27;1;571;3133;
28;1;595;2909;
29;1;552;3221;
30;1;572;3141;
31;1;591;3284;
32;1;565;3692;
33;1;520;3685;
34;1;586;3823;
35;1;594;3649;
36;1;579;3904;
37;1;565;3797;
38;1;560;4317;
39;1;572;4135;
40;1;578;4132;
41;1;534;4194;
42;1;545;4695;
43;1;560;4750;
44;1;501;4559;
45;1;577;4708;
46;1;597;4949;
47;1;522;4861;
48;1;576;5157;
49;1;519;5354;
