****15****
100
38;99;1;2;0;
99;97;1;2;0;
16;78;1;2;0;
6;25;1;2;0;
20;22;1;2;0;
84;52;1;2;0;
16;80;1;2;0;
2;54;1;2;0;
95;78;1;2;0;
56;8;1;2;0;
38;32;1;2;0;
99;58;1;2;0;
62;80;1;2;0;
58;96;1;2;0;
27;5;1;2;0;
64;64;1;2;0;
55;62;1;2;0;
13;70;1;2;0;
91;18;1;2;0;
46;11;1;2;0;
39;82;1;2;0;
14;54;1;2;0;
61;67;1;2;0;
59;7;1;2;0;
44;15;1;2;0;
15;33;1;2;0;
98;65;1;2;0;
42;11;1;2;0;
44;51;1;2;0;
6;71;1;2;0;
55;69;1;2;0;
34;61;1;2;0;
82;46;1;2;0;
30;73;1;2;0;
15;28;1;2;0;
35;6;1;2;0;
9;48;1;2;0;
11;21;1;2;0;
14;70;1;2;0;
28;9;1;2;0;
36;94;1;2;0;
93;85;1;2;0;
58;34;1;2;0;
95;2;1;2;0;
84;1;1;2;0;
72;91;1;2;0;
21;57;1;2;0;
51;3;1;2;0;
55;33;1;2;0;
75;21;1;2;0;
60;9;1;2;1166;
20;8;1;2;1768;
40;73;1;2;231;
19;81;1;2;674;
12;25;1;2;1;
70;10;1;2;858;
23;45;1;2;396;
46;35;1;2;762;
2;38;1;2;1753;
8;70;1;2;1208;
29;81;1;2;1548;
54;52;1;2;1151;
90;91;1;2;1055;
47;62;1;2;114;
91;25;1;2;1848;
67;46;1;2;2454;
90;68;1;2;2092;
64;13;1;2;1209;
59;67;1;2;1863;
56;26;1;2;1868;
79;54;1;2;1890;
62;60;1;2;2325;
52;1;1;2;935;
14;100;1;2;2419;
8;90;1;2;1716;
78;9;1;2;554;
5;98;1;2;750;
29;13;1;2;2351;
87;72;1;2;1985;
34;27;1;2;1040;
2;58;1;2;376;
50;19;1;2;1159;
1;71;1;2;157;
42;84;1;2;103;
97;44;1;2;1671;
76;21;1;2;2366;
100;78;1;2;543;
92;6;1;2;1603;
49;44;1;2;1307;
23;29;1;2;1410;
71;30;1;2;618;
25;31;1;2;481;
89;83;1;2;2149;
2;24;1;2;1677;
66;72;1;2;1679;
20;99;1;2;1506;
81;99;1;2;1108;
92;42;1;2;81;
15;90;1;2;2135;
61;13;1;2;1630;
0;1;533;321;
1;1;508;314;
2;1;511;478;
3;1;511;401;
4;1;572;788;
5;1;501;581;
6;1;534;1092;
7;1;519;1181;
8;1;586;876;
9;1;552;1157;
10;1;567;1410;
11;1;509;1508;
12;1;553;1478;
13;1;550;1550;
14;1;587;1647;
15;1;577;1731;
16;1;549;2068;
17;1;534;1754;
18;1;525;1895;
19;1;558;2431;
20;1;576;2430;
21;1;594;2668;
22;1;529;2728;
23;1;543;2375;
24;1;533;2438;
25;1;583;2575;
26;1;595;2903;
27;1;559;3123;
28;1;570;2838;
29;1;597;3358;
30;1;522;3420;
31;1;528;3337;
32;1;560;3392;
33;1;581;3586;
34;1;508;3589;
35;1;531;3708;
36;1;600;3876;
37;1;595;3837;
38;1;540;4097;
39;1;545;4126;
40;1;535;4202;
41;1;523;4598;
42;1;523;4473;
43;1;576;4323;
44;1;589;4597;
45;1;552;4798;
46;1;549;5008;
47;1;584;5264;
48;1;543;4945;
49;1;596;4953;
