****11****
100
87;64;1;2;0;
17;65;1;2;0;
93;81;1;2;0;
54;4;1;2;0;
70;77;1;2;0;
79;48;1;2;0;
33;65;1;2;0;
32;30;1;2;0;
20;92;1;2;0;
72;72;1;2;0;
55;48;1;2;0;
95;3;1;2;0;
66;69;1;2;0;
16;41;1;2;0;
62;86;1;2;0;
54;100;1;2;0;
49;70;1;2;0;
64;93;1;2;0;
2;69;1;2;0;
49;72;1;2;0;
46;79;1;2;0;
19;30;1;2;0;
43;2;1;2;0;
59;63;1;2;0;
93;83;1;2;0;
86;47;1;2;0;
30;81;1;2;0;
2;48;1;2;0;
49;17;1;2;0;
40;62;1;2;0;
3;93;1;2;0;
61;3;1;2;0;
14;76;1;2;0;
48;16;1;2;0;
44;96;1;2;0;
39;89;1;2;0;
74;9;1;2;0;
19;17;1;2;0;
10;29;1;2;0;
31;3;1;2;0;
11;16;1;2;0;
1;93;1;2;0;
48;2;1;2;0;
92;48;1;2;0;
71;31;1;2;0;
9;25;1;2;0;
76;21;1;2;0;
27;89;1;2;0;
96;74;1;2;0;
56;40;1;2;0;
21;94;1;2;828;
95;2;1;2;751;
63;64;1;2;52;
45;66;1;2;159;
12;18;1;2;198;
12;72;1;2;1435;
59;94;1;2;2061;
20;18;1;2;764;
40;96;1;2;271;
88;22;1;2;2188;
27;42;1;2;392;
58;88;1;2;1512;
8;50;1;2;690;
38;46;1;2;217;
30;10;1;2;872;
15;21;1;2;1288;
42;79;1;2;1260;
100;50;1;2;157;
33;90;1;2;2150;
7;29;1;2;467;
36;55;1;2;958;
10;64;1;2;1370;
38;71;1;2;1428;
29;8;1;2;802;
37;38;1;2;2419;
15;4;1;2;34;
63;45;1;2;2226;
5;97;1;2;694;
63;29;1;2;390;
17;87;1;2;1509;
44;74;1;2;2064;
61;36;1;2;382;
17;73;1;2;2220;
74;54;1;2;125;
29;42;1;2;1763;
41;56;1;2;2330;
25;19;1;2;765;
40;23;1;2;1627;
4;85;1;2;680;
9;54;1;2;698;
42;97;1;2;1368;
81;9;1;2;585;
83;77;1;2;2364;
56;51;1;2;2392;
89;79;1;2;886;
10;72;1;2;1225;
87;48;1;2;2193;
8;87;1;2;55;
25;42;1;2;2469;
74;50;1;2;1582;
0;1;558;42;
1;1;502;171;
2;1;523;618;
3;1;512;749;
4;1;539;726;
5;1;513;658;
6;1;503;631;
7;1;519;780;
8;1;563;831;
9;1;590;1160;
10;1;590;1008;
11;1;508;1211;
12;1;594;1473;
13;1;522;1642;
14;1;557;1686;
15;1;546;1820;
16;1;566;1740;
17;1;534;2125;
18;1;560;1956;
19;1;545;2042;
20;1;578;2473;
21;1;538;2399;
22;1;510;2488;
23;1;550;2773;
24;1;502;2486;
25;1;576;2614;
26;1;569;2699;
27;1;571;2968;
28;1;518;2855;
29;1;555;3384;
30;1;566;3111;
31;1;541;3458;
32;1;502;3489;
33;1;571;3717;
34;1;574;3738;
35;1;559;3502;
36;1;524;3879;
37;1;535;3755;
38;1;508;3815;
39;1;561;4423;
40;1;527;4158;
41;1;552;4542;
42;1;571;4262;
43;1;509;4430;
44;1;565;4649;
45;1;563;4581;
46;1;518;4780;
47;1;513;5060;
48;1;532;5182;
49;1;579;5016;
