****19****
100
1;74;1;2;0;
74;45;1;2;0;
37;48;1;2;0;
24;13;1;2;0;
56;63;1;2;0;
1;51;1;2;0;
12;43;1;2;0;
18;100;1;2;0;
14;14;1;2;0;
98;48;1;2;0;
23;82;1;2;0;
16;49;1;2;0;
19;48;1;2;0;
21;93;1;2;0;
66;70;1;2;0;
54;18;1;2;0;
43;27;1;2;0;
63;31;1;2;0;
75;86;1;2;0;
95;82;1;2;0;
100;95;1;2;0;
32;12;1;2;0;
89;2;1;2;0;
63;3;1;2;0;
15;60;1;2;0;
2;90;1;2;0;
93;17;1;2;0;
38;63;1;2;0;
17;58;1;2;0;
56;82;1;2;0;
27;9;1;2;0;
100;21;1;2;0;
88;14;1;2;0;
3;14;1;2;0;
51;98;1;2;0;
95;2;1;2;0;
92;79;1;2;0;
13;33;1;2;0;
80;75;1;2;0;
35;46;1;2;0;
86;36;1;2;0;
35;31;1;2;0;
4;25;1;2;0;
93;20;1;2;0;
34;100;1;2;0;
54;13;1;2;0;
61;5;1;2;0;
85;48;1;2;0;
70;88;1;2;0;
13;72;1;2;0;
85;7;1;2;1809;
28;37;1;2;128;
60;68;1;2;18;
94;14;1;2;1103;
81;100;1;2;1560;
85;76;1;2;290;
56;10;1;2;697;
9;74;1;2;1534;
65;58;1;2;37;
34;45;1;2;2293;
5;29;1;2;2442;
78;9;1;2;139;
15;68;1;2;1077;
26;14;1;2;364;
27;94;1;2;1363;
58;30;1;2;512;
34;86;1;2;1952;
61;46;1;2;2352;
48;11;1;2;389;
34;44;1;2;1043;
32;49;1;2;1229;
40;78;1;2;403;
33;92;1;2;297;
94;69;1;2;516;
71;96;1;2;730;
48;5;1;2;2398;
1;90;1;2;2193;
14;2;1;2;1339;
1;49;1;2;1917;
97;34;1;2;28;
37;17;1;2;1568;
6;57;1;2;841;
35;89;1;2;480;
32;34;1;2;502;
41;5;1;2;2013;
96;52;1;2;1571;
81;4;1;2;1969;
2;18;1;2;1401;
17;18;1;2;1403;
42;66;1;2;2014;
63;2;1;2;523;
83;60;1;2;1874;
81;94;1;2;1206;
69;77;1;2;2099;
78;70;1;2;2413;
34;17;1;2;1016;
95;97;1;2;921;
97;99;1;2;1578;
52;67;1;2;340;
56;61;1;2;97;
0;1;594;238;
1;1;600;347;
2;1;557;690;
3;1;510;686;
4;1;505;581;
5;1;506;794;
6;1;548;770;
7;1;502;1189;
8;1;569;1209;
9;1;584;1294;
10;1;567;1232;
11;1;511;1272;
12;1;599;1542;
13;1;584;1555;
14;1;518;1455;
15;1;582;1890;
16;1;518;2014;
17;1;562;1935;
18;1;544;2058;
19;1;511;2110;
20;1;534;2281;
21;1;532;2601;
22;1;502;2623;
23;1;521;2578;
24;1;552;2915;
25;1;584;2553;
26;1;538;2645;
27;1;535;2990;
28;1;508;3241;
29;1;519;3117;
30;1;561;3129;
31;1;539;3521;
32;1;585;3254;
33;1;503;3352;
34;1;522;3842;
35;1;579;3660;
36;1;580;3629;
37;1;588;3721;
38;1;543;4206;
39;1;503;4204;
40;1;516;4026;
41;1;564;4369;
42;1;532;4621;
43;1;541;4695;
44;1;567;4533;
45;1;567;4594;
46;1;563;4843;
47;1;508;5078;
48;1;556;5057;
49;1;578;5294;
