****17****
100
100;7;1;2;0;
95;28;1;2;0;
19;1;1;2;0;
46;52;1;2;0;
91;14;1;2;0;
19;6;1;2;0;
11;59;1;2;0;
94;8;1;2;0;
96;83;1;2;0;
42;62;1;2;0;
4;92;1;2;0;
76;81;1;2;0;
79;71;1;2;0;
29;58;1;2;0;
24;62;1;2;0;
76;23;1;2;0;
21;70;1;2;0;
2;39;1;2;0;
23;47;1;2;0;
90;65;1;2;0;
12;60;1;2;0;
70;74;1;2;0;
18;15;1;2;0;
34;66;1;2;0;
98;27;1;2;0;
27;53;1;2;0;
19;54;1;2;0;
85;49;1;2;0;
25;13;1;2;0;
6;48;1;2;0;
27;34;1;2;0;
22;47;1;2;0;
3;23;1;2;0;
37;77;1;2;0;
21;26;1;2;0;
94;85;1;2;0;
86;15;1;2;0;
10;55;1;2;0;
30;95;1;2;0;
72;79;1;2;0;
22;99;1;2;0;
83;40;1;2;0;
4;67;1;2;0;
88;28;1;2;0;
32;46;1;2;0;
27;58;1;2;0;
79;100;1;2;0;
56;33;1;2;0;
74;44;1;2;0;
62;47;1;2;0;
21;55;1;2;1546;
6;69;1;2;1502;
13;98;1;2;2039;
84;76;1;2;585;
34;58;1;2;925;
38;77;1;2;250;
17;8;1;2;12;
96;17;1;2;1158;
95;24;1;2;1795;
69;67;1;2;1968;
15;87;1;2;818;
97;45;1;2;551;
40;9;1;2;1666;
26;44;1;2;336;
33;30;1;2;2352;
83;19;1;2;276;
21;35;1;2;345;
55;82;1;2;1386;
20;77;1;2;2379;
17;97;1;2;2287;
75;63;1;2;1086;
39;11;1;2;2431;
71;50;1;2;1853;
53;76;1;2;1132;
11;60;1;2;1205;
30;43;1;2;646;
73;15;1;2;2134;
75;21;1;2;71;
97;40;1;2;288;
90;8;1;2;1774;
1;34;1;2;2454;
50;72;1;2;1377;
96;95;1;2;47;
49;99;1;2;500;
98;61;1;2;826;
76;90;1;2;1947;
72;62;1;2;1615;
7;88;1;2;2343;
71;84;1;2;293;
63;25;1;2;2258;
51;77;1;2;206;
53;79;1;2;2458;
13;74;1;2;2062;
26;74;1;2;688;
63;24;1;2;1172;
63;99;1;2;866;
5;23;1;2;46;
13;29;1;2;1560;
93;99;1;2;1788;
13;61;1;2;614;
0;1;541;456;
1;1;517;243;
2;1;515;344;
3;1;538;368;
4;1;520;416;
5;1;504;797;
6;1;546;747;
7;1;517;724;
8;1;580;866;
9;1;514;1183;
10;1;589;1220;
11;1;600;1616;
12;1;587;1721;
13;1;567;1320;
14;1;557;1895;
15;1;590;1966;
16;1;541;1666;
17;1;550;1904;
18;1;553;1936;
19;1;533;2150;
20;1;556;2272;
21;1;566;2598;
22;1;554;2299;
23;1;539;2644;
24;1;552;2496;
25;1;521;2801;
26;1;511;3017;
27;1;509;3075;
28;1;565;3187;
29;1;598;3012;
30;1;506;3201;
31;1;518;3286;
32;1;598;3520;
33;1;553;3418;
34;1;558;3697;
35;1;522;3848;
36;1;574;4106;
37;1;569;3862;
38;1;524;3883;
39;1;564;4011;
40;1;512;4480;
41;1;568;4201;
42;1;557;4211;
43;1;570;4500;
44;1;503;4426;
45;1;541;4647;
46;1;506;4829;
47;1;507;5029;
48;1;581;5036;
49;1;505;5279;
