****4****
100
57;58;1;2;0;
97;27;1;2;0;
39;63;1;2;0;
61;94;1;2;0;
69;30;1;2;0;
88;4;1;2;0;
82;88;1;2;0;
68;12;1;2;0;
49;75;1;2;0;
92;4;1;2;0;
45;55;1;2;0;
33;80;1;2;0;
35;71;1;2;0;
54;45;1;2;0;
66;1;1;2;0;
63;74;1;2;0;
11;11;1;2;0;
52;49;1;2;0;
73;13;1;2;0;
94;42;1;2;0;
42;82;1;2;0;
97;75;1;2;0;
69;64;1;2;0;
86;69;1;2;0;
90;77;1;2;0;
25;87;1;2;0;
83;9;1;2;0;
66;18;1;2;0;
79;19;1;2;0;
62;44;1;2;0;
72;77;1;2;0;
69;82;1;2;0;
87;21;1;2;0;
82;12;1;2;0;
33;76;1;2;0;
5;26;1;2;0;
57;1;1;2;0;
1;77;1;2;0;
16;38;1;2;0;
46;57;1;2;0;
15;70;1;2;0;
43;49;1;2;0;
78;60;1;2;0;
18;57;1;2;0;
31;80;1;2;0;
52;2;1;2;0;
8;73;1;2;0;
35;46;1;2;0;
93;68;1;2;0;
57;77;1;2;0;
43;61;1;2;1755;
99;13;1;2;569;
28;80;1;2;2306;
73;37;1;2;2259;
94;31;1;2;1672;
23;91;1;2;32;
31;21;1;2;1829;
83;74;1;2;1289;
7;60;1;2;1252;
99;27;1;2;394;
27;22;1;2;2225;
80;72;1;2;1207;
86;99;1;2;179;
29;71;1;2;2054;
38;16;1;2;837;
95;39;1;2;2191;
22;69;1;2;837;
80;3;1;2;2320;
45;9;1;2;2363;
8;59;1;2;1739;
27;37;1;2;33;
58;69;1;2;1441;
54;54;1;2;1179;
30;34;1;2;17;
93;71;1;2;1063;
35;17;1;2;840;
71;91;1;2;2143;
27;70;1;2;2328;
60;15;1;2;2388;
52;22;1;2;144;
23;100;1;2;1929;
14;9;1;2;1990;
29;63;1;2;901;
91;44;1;2;968;
27;36;1;2;1953;
30;23;1;2;526;
72;45;1;2;1722;
82;72;1;2;2372;
46;83;1;2;1261;
71;35;1;2;2143;
7;57;1;2;416;
79;70;1;2;802;
19;99;1;2;2012;
16;41;1;2;1722;
94;19;1;2;1991;
46;48;1;2;1154;
14;19;1;2;1402;
25;52;1;2;1074;
5;50;1;2;2490;
51;72;1;2;509;
0;1;570;217;
1;1;538;453;
2;1;508;466;
3;1;514;467;
4;1;557;748;
5;1;593;728;
6;1;590;967;
7;1;519;1172;
8;1;583;863;
9;1;558;944;
10;1;537;1092;
11;1;573;1595;
12;1;512;1640;
13;1;590;1456;
14;1;531;1636;
15;1;588;2047;
16;1;591;1887;
17;1;539;1724;
18;1;584;1871;
19;1;576;1911;
20;1;510;2139;
21;1;541;2235;
22;1;558;2354;
23;1;512;2311;
24;1;577;2781;
25;1;588;2873;
26;1;569;2797;
27;1;506;3063;
28;1;540;3094;
29;1;539;3185;
30;1;507;3443;
31;1;521;3489;
32;1;503;3422;
33;1;595;3310;
34;1;515;3656;
35;1;577;3747;
36;1;541;4104;
37;1;575;4172;
38;1;576;4298;
39;1;590;4181;
40;1;560;4516;
41;1;517;4611;
42;1;589;4625;
43;1;511;4563;
44;1;568;4632;
45;1;502;4646;
46;1;579;4926;
47;1;571;5154;
48;1;533;5062;
49;1;518;4936;
