****18****
100
48;78;1;2;0;
7;73;1;2;0;
69;75;1;2;0;
52;92;1;2;0;
34;67;1;2;0;
19;45;1;2;0;
3;86;1;2;0;
18;11;1;2;0;
14;87;1;2;0;
83;68;1;2;0;
6;76;1;2;0;
28;11;1;2;0;
37;86;1;2;0;
66;17;1;2;0;
97;22;1;2;0;
59;96;1;2;0;
99;65;1;2;0;
69;19;1;2;0;
91;72;1;2;0;
11;25;1;2;0;
90;81;1;2;0;
21;45;1;2;0;
67;39;1;2;0;
55;32;1;2;0;
77;90;1;2;0;
51;82;1;2;0;
65;79;1;2;0;
45;53;1;2;0;
16;62;1;2;0;
70;64;1;2;0;
35;80;1;2;0;
60;33;1;2;0;
44;80;1;2;0;
4;34;1;2;0;
51;14;1;2;0;
10;40;1;2;0;
46;31;1;2;0;
84;64;1;2;0;
21;91;1;2;0;
95;97;1;2;0;
32;46;1;2;0;
31;96;1;2;0;
76;27;1;2;0;
48;91;1;2;0;
88;69;1;2;0;
55;22;1;2;0;
100;66;1;2;0;
6;95;1;2;0;
45;9;1;2;0;
81;47;1;2;0;
74;90;1;2;2446;
72;20;1;2;1002;
35;40;1;2;1683;
82;89;1;2;1895;
79;71;1;2;2295;
54;97;1;2;1789;
96;36;1;2;9;
2;9;1;2;2099;
67;14;1;2;189;
63;75;1;2;1709;
9;100;1;2;733;
95;23;1;2;2053;
68;58;1;2;100;
83;39;1;2;1526;
77;69;1;2;1894;
70;22;1;2;195;
10;17;1;2;117;
71;71;1;2;1542;
32;37;1;2;1372;
87;52;1;2;620;
22;60;1;2;2429;
98;6;1;2;1591;
94;73;1;2;2195;
82;7;1;2;2460;
61;83;1;2;1141;
59;4;1;2;2372;
4;14;1;2;1316;
85;84;1;2;227;
25;15;1;2;524;
79;53;1;2;1442;
59;74;1;2;2421;
43;72;1;2;909;
97;17;1;2;409;
60;50;1;2;105;
13;11;1;2;1892;
34;21;1;2;564;
76;24;1;2;412;
38;60;1;2;1443;
19;85;1;2;760;
40;15;1;2;1049;
60;26;1;2;1522;
91;68;1;2;410;
28;64;1;2;2267;
90;75;1;2;2197;
58;87;1;2;1721;
8;20;1;2;239;
14;47;1;2;443;
85;84;1;2;2458;
40;54;1;2;320;
9;93;1;2;403;
0;1;582;85;
1;1;533;185;
2;1;595;464;
3;1;551;530;
4;1;515;457;
5;1;563;828;
6;1;578;993;
7;1;527;835;
8;1;580;1145;
9;1;598;1148;
10;1;592;1086;
11;1;530;1587;
12;1;548;1612;
13;1;581;1705;
14;1;529;1445;
15;1;549;1783;
16;1;577;2023;
17;1;591;2143;
18;1;533;2022;
19;1;597;2392;
20;1;530;2120;
21;1;588;2258;
22;1;583;2279;
23;1;586;2489;
24;1;560;2822;
25;1;558;2682;
26;1;526;2798;
27;1;530;2824;
28;1;559;3061;
29;1;566;2964;
30;1;536;3313;
31;1;549;3606;
32;1;546;3376;
33;1;587;3876;
34;1;583;3561;
35;1;525;3639;
36;1;545;3901;
37;1;523;4189;
38;1;577;4130;
39;1;540;4195;
40;1;543;4420;
41;1;591;4320;
42;1;588;4423;
43;1;545;4731;
44;1;534;4725;
45;1;585;5013;
46;1;575;4709;
47;1;581;5070;
48;1;575;5341;
49;1;598;5119;
