****14****
100
71;6;1;2;0;
62;32;1;2;0;
100;42;1;2;0;
70;99;1;2;0;
37;95;1;2;0;
21;2;1;2;0;
8;37;1;2;0;
22;59;1;2;0;
71;98;1;2;0;
13;26;1;2;0;
79;29;1;2;0;
37;82;1;2;0;
17;24;1;2;0;
48;48;1;2;0;
98;91;1;2;0;
97;20;1;2;0;
96;10;1;2;0;
4;47;1;2;0;
3;25;1;2;0;
45;39;1;2;0;
19;17;1;2;0;
40;79;1;2;0;
53;13;1;2;0;
37;75;1;2;0;
11;49;1;2;0;
1;41;1;2;0;
77;37;1;2;0;
23;94;1;2;0;
12;22;1;2;0;
93;61;1;2;0;
64;41;1;2;0;
81;59;1;2;0;
50;36;1;2;0;
58;5;1;2;0;
60;54;1;2;0;
43;31;1;2;0;
71;35;1;2;0;
9;23;1;2;0;
47;97;1;2;0;
50;9;1;2;0;
46;50;1;2;0;
50;74;1;2;0;
38;24;1;2;0;
19;49;1;2;0;
97;64;1;2;0;
62;60;1;2;0;
4;42;1;2;0;
70;6;1;2;0;
77;27;1;2;0;
10;88;1;2;0;
81;4;1;2;373;
3;38;1;2;2341;
25;37;1;2;860;
74;97;1;2;825;
75;98;1;2;1753;
12;21;1;2;684;
13;17;1;2;212;
74;28;1;2;1508;
67;98;1;2;219;
43;24;1;2;1629;
30;56;1;2;805;
100;58;1;2;407;
25;83;1;2;1558;
99;8;1;2;1629;
18;35;1;2;443;
63;46;1;2;1509;
78;10;1;2;363;
4;83;1;2;45;
85;49;1;2;1484;
72;43;1;2;2242;
19;25;1;2;2363;
70;24;1;2;1176;
11;48;1;2;1920;
87;99;1;2;1418;
64;68;1;2;2266;
87;82;1;2;1052;
30;59;1;2;206;
93;62;1;2;947;
32;47;1;2;2221;
20;70;1;2;74;
32;88;1;2;96;
99;58;1;2;161;
23;68;1;2;110;
34;6;1;2;808;
52;70;1;2;575;
4;56;1;2;1170;
53;37;1;2;774;
64;29;1;2;2104;
6;61;1;2;1665;
48;32;1;2;2178;
32;63;1;2;272;
41;61;1;2;1755;
72;36;1;2;2034;
3;21;1;2;167;
32;72;1;2;281;
81;27;1;2;323;
59;31;1;2;1802;
47;95;1;2;77;
49;100;1;2;200;
97;47;1;2;1154;
0;1;514;115;
1;1;537;448;
2;1;570;569;
3;1;532;553;
4;1;537;636;
5;1;596;928;
6;1;503;1013;
7;1;580;1161;
8;1;560;1085;
9;1;528;1321;
10;1;536;1397;
11;1;568;1437;
12;1;560;1336;
13;1;581;1714;
14;1;513;1714;
15;1;529;1541;
16;1;509;2044;
17;1;549;2164;
18;1;518;1823;
19;1;523;2118;
20;1;596;2222;
21;1;514;2463;
22;1;598;2720;
23;1;511;2652;
24;1;550;2437;
25;1;578;2515;
26;1;567;2684;
27;1;567;3085;
28;1;561;2984;
29;1;533;3004;
30;1;578;3162;
31;1;504;3149;
32;1;529;3502;
33;1;568;3482;
34;1;583;3526;
35;1;552;3634;
36;1;560;3825;
37;1;580;3996;
38;1;510;4122;
39;1;565;4354;
40;1;580;4333;
41;1;545;4368;
42;1;539;4640;
43;1;577;4694;
44;1;562;4698;
45;1;576;4731;
46;1;521;4918;
47;1;529;4928;
48;1;582;4811;
49;1;547;5081;
