****9****
100
74;4;1;2;0;
38;39;1;2;0;
14;12;1;2;0;
54;10;1;2;0;
16;18;1;2;0;
94;27;1;2;0;
100;60;1;2;0;
13;4;1;2;0;
64;94;1;2;0;
94;99;1;2;0;
91;41;1;2;0;
25;3;1;2;0;
48;70;1;2;0;
58;29;1;2;0;
97;97;1;2;0;
41;23;1;2;0;
52;78;1;2;0;
61;65;1;2;0;
41;66;1;2;0;
74;56;1;2;0;
35;67;1;2;0;
34;35;1;2;0;
79;47;1;2;0;
90;42;1;2;0;
92;35;1;2;0;
92;82;1;2;0;
76;16;1;2;0;
84;23;1;2;0;
37;93;1;2;0;
51;86;1;2;0;
89;43;1;2;0;
8;40;1;2;0;
21;20;1;2;0;
57;61;1;2;0;
86;82;1;2;0;
69;20;1;2;0;
1;2;1;2;0;
54;79;1;2;0;
100;95;1;2;0;
72;43;1;2;0;
30;63;1;2;0;
25;57;1;2;0;
31;60;1;2;0;
79;67;1;2;0;
53;81;1;2;0;
52;93;1;2;0;
24;11;1;2;0;
85;96;1;2;0;
31;93;1;2;0;
56;16;1;2;0;
74;76;1;2;341;
74;30;1;2;1456;
4;29;1;2;149;
75;72;1;2;500;
38;48;1;2;2421;
20;59;1;2;1689;
86;11;1;2;1408;
90;56;1;2;1962;
100;92;1;2;697;
82;84;1;2;2071;
97;57;1;2;1090;
84;83;1;2;1307;
76;86;1;2;930;
10;13;1;2;2058;
78;2;1;2;362;
49;21;1;2;1846;
51;58;1;2;472;
33;47;1;2;768;
42;99;1;2;512;
94;32;1;2;383;
53;29;1;2;605;
40;64;1;2;2483;
56;39;1;2;1057;
53;100;1;2;1694;
72;77;1;2;687;
39;26;1;2;1540;
64;76;1;2;1406;
51;60;1;2;564;
94;1;1;2;280;
79;46;1;2;2170;
48;50;1;2;316;
73;90;1;2;62;
32;97;1;2;365;
76;49;1;2;1376;
85;21;1;2;1096;
94;11;1;2;1947;
24;74;1;2;613;
11;24;1;2;1009;
44;69;1;2;93;
80;48;1;2;1065;
95;95;1;2;992;
42;67;1;2;969;
100;50;1;2;2301;
48;25;1;2;919;
43;61;1;2;1384;
67;55;1;2;1557;
16;78;1;2;783;
92;88;1;2;2040;
79;83;1;2;1091;
18;62;1;2;953;
0;1;502;355;
1;1;564;595;
2;1;501;492;
3;1;510;549;
4;1;531;644;
5;1;547;824;
6;1;505;741;
7;1;568;779;
8;1;560;1241;
9;1;554;1031;
10;1;551;1099;
11;1;519;1491;
12;1;534;1727;
13;1;573;1392;
14;1;567;1913;
15;1;574;1976;
16;1;546;1707;
17;1;556;2129;
18;1;571;1964;
19;1;598;2159;
20;1;550;2143;
21;1;561;2219;
22;1;537;2703;
23;1;505;2761;
24;1;502;2897;
25;1;524;2535;
26;1;590;2663;
27;1;594;3048;
28;1;543;2922;
29;1;579;2920;
30;1;555;3437;
31;1;530;3579;
32;1;542;3486;
33;1;598;3825;
34;1;501;3687;
35;1;565;3961;
36;1;590;3814;
37;1;507;3758;
38;1;505;4061;
39;1;575;4182;
40;1;521;4299;
41;1;561;4624;
42;1;543;4340;
43;1;585;4410;
44;1;523;4463;
45;1;547;4573;
46;1;515;4945;
47;1;529;5132;
48;1;512;4993;
49;1;520;5143;
