****2****
100
91;64;1;2;0;
47;81;1;2;0;
42;30;1;2;0;
95;2;1;2;0;
40;23;1;2;0;
100;24;1;2;0;
16;38;1;2;0;
2;98;1;2;0;
35;71;1;2;0;
68;94;1;2;0;
44;61;1;2;0;
8;14;1;2;0;
10;82;1;2;0;
36;84;1;2;0;
59;21;1;2;0;
66;1;1;2;0;
36;64;1;2;0;
34;29;1;2;0;
94;28;1;2;0;
31;85;1;2;0;
51;30;1;2;0;
60;18;1;2;0;
19;61;1;2;0;
15;53;1;2;0;
84;82;1;2;0;
98;27;1;2;0;
42;5;1;2;0;
41;3;1;2;0;
38;28;1;2;0;
86;96;1;2;0;
48;51;1;2;0;
48;35;1;2;0;
67;81;1;2;0;
63;60;1;2;0;
9;45;1;2;0;
96;59;1;2;0;
26;56;1;2;0;
76;44;1;2;0;
16;42;1;2;0;
48;51;1;2;0;
23;45;1;2;0;
78;64;1;2;0;
1;70;1;2;0;
18;38;1;2;0;
49;3;1;2;0;
85;48;1;2;0;
5;33;1;2;0;
82;71;1;2;0;
13;96;1;2;0;
82;73;1;2;0;
93;78;1;2;9;
18;85;1;2;1269;
62;52;1;2;2306;
61;3;1;2;2057;
58;32;1;2;630;
58;53;1;2;2397;
48;1;1;2;2010;
32;48;1;2;1814;
64;81;1;2;304;
29;76;1;2;1241;
1;68;1;2;1953;
84;38;1;2;81;
93;99;1;2;1657;
44;11;1;2;850;
16;68;1;2;654;
4;78;1;2;2226;
8;25;1;2;1006;
15;8;1;2;2264;
78;24;1;2;896;
63;52;1;2;2158;
30;4;1;2;1406;
26;87;1;2;1939;
58;80;1;2;1018;
90;23;1;2;833;
75;90;1;2;1027;
92;93;1;2;1616;
12;1;1;2;350;
33;67;1;2;1687;
100;96;1;2;2347;
48;58;1;2;1574;
23;40;1;2;410;
17;17;1;2;1363;
49;75;1;2;705;
30;16;1;2;743;
22;90;1;2;1033;
34;33;1;2;2211;
22;45;1;2;1671;
87;77;1;2;1426;
59;28;1;2;789;
54;75;1;2;68;
52;49;1;2;503;
53;66;1;2;1548;
93;14;1;2;782;
12;43;1;2;2368;
5;17;1;2;2150;
40;50;1;2;788;
19;71;1;2;509;
98;57;1;2;2320;
95;67;1;2;982;
39;20;1;2;2395;
0;1;540;390;
1;1;547;185;
2;1;576;231;
3;1;590;747;
4;1;577;836;
5;1;580;611;
6;1;571;802;
7;1;540;1117;
8;1;527;1233;
9;1;530;1364;
10;1;511;1329;
11;1;594;1361;
12;1;542;1455;
13;1;534;1555;
14;1;578;1743;
15;1;512;1673;
16;1;528;2029;
17;1;550;1902;
18;1;522;1876;
19;1;523;2301;
20;1;511;2398;
21;1;573;2661;
22;1;589;2552;
23;1;542;2721;
24;1;600;2723;
25;1;564;2802;
26;1;521;2796;
27;1;530;2734;
28;1;597;2841;
29;1;580;3434;
30;1;572;3022;
31;1;592;3187;
32;1;600;3640;
33;1;554;3664;
34;1;579;3772;
35;1;575;3890;
36;1;581;4158;
37;1;573;3827;
38;1;511;4215;
39;1;589;4479;
40;1;589;4297;
41;1;524;4129;
42;1;509;4226;
43;1;524;4593;
44;1;572;4714;
45;1;532;4746;
46;1;545;4617;
47;1;594;4887;
48;1;515;5114;
49;1;521;4989;
