****7****
100
67;9;1;2;0;
88;47;1;2;0;
61;61;1;2;0;
9;35;1;2;0;
9;56;1;2;0;
19;8;1;2;0;
54;3;1;2;0;
48;45;1;2;0;
26;87;1;2;0;
47;29;1;2;0;
84;18;1;2;0;
18;100;1;2;0;
88;18;1;2;0;
50;1;1;2;0;
46;4;1;2;0;
76;12;1;2;0;
64;64;1;2;0;
10;24;1;2;0;
76;18;1;2;0;
59;36;1;2;0;
25;77;1;2;0;
96;78;1;2;0;
31;43;1;2;0;
74;56;1;2;0;
81;20;1;2;0;
37;16;1;2;0;
90;54;1;2;0;
15;77;1;2;0;
23;16;1;2;0;
29;21;1;2;0;
71;56;1;2;0;
84;35;1;2;0;
71;94;1;2;0;
58;47;1;2;0;
11;68;1;2;0;
34;88;1;2;0;
96;29;1;2;0;
65;27;1;2;0;
72;91;1;2;0;
34;4;1;2;0;
62;70;1;2;0;
20;51;1;2;0;
75;34;1;2;0;
79;50;1;2;0;
2;59;1;2;0;
70;72;1;2;0;
15;53;1;2;0;
6;85;1;2;0;
46;16;1;2;0;
83;9;1;2;0;
83;17;1;2;1601;
31;97;1;2;1744;
57;68;1;2;568;
90;24;1;2;1317;
12;43;1;2;1728;
38;28;1;2;1200;
87;29;1;2;1370;
56;1;1;2;1135;
9;58;1;2;798;
6;73;1;2;2463;
66;8;1;2;234;
13;38;1;2;229;
25;46;1;2;738;
78;87;1;2;1130;
93;98;1;2;565;
59;36;1;2;1607;
55;74;1;2;2148;
57;30;1;2;428;
26;90;1;2;1685;
31;47;1;2;1701;
18;13;1;2;1045;
26;25;1;2;1462;
78;1;1;2;1;
49;31;1;2;205;
44;23;1;2;514;
84;33;1;2;811;
100;87;1;2;346;
49;96;1;2;1764;
97;21;1;2;1150;
3;3;1;2;1425;
86;72;1;2;527;
75;97;1;2;55;
54;74;1;2;1758;
77;23;1;2;1202;
87;18;1;2;2207;
47;1;1;2;1502;
93;53;1;2;285;
61;1;1;2;2430;
62;97;1;2;1570;
4;52;1;2;1004;
41;37;1;2;696;
41;11;1;2;882;
18;64;1;2;1791;
96;93;1;2;1658;
3;79;1;2;1619;
85;25;1;2;2238;
100;18;1;2;119;
53;30;1;2;2415;
1;44;1;2;2053;
21;47;1;2;717;
0;1;543;198;
1;1;547;282;
2;1;532;517;
3;1;574;774;
4;1;525;764;
5;1;596;744;
6;1;527;841;
7;1;548;1157;
8;1;535;858;
9;1;589;1235;
10;1;593;1512;
11;1;590;1324;
12;1;559;1590;
13;1;518;1729;
14;1;562;1445;
15;1;529;1828;
16;1;555;1874;
17;1;540;2205;
18;1;536;1892;
19;1;586;2026;
20;1;554;2277;
21;1;529;2271;
22;1;532;2651;
23;1;514;2631;
24;1;600;2553;
25;1;556;2739;
26;1;553;2944;
27;1;566;3160;
28;1;587;2979;
29;1;580;3279;
30;1;551;3338;
31;1;556;3648;
32;1;535;3564;
33;1;542;3803;
34;1;511;3756;
35;1;582;3550;
36;1;560;3870;
37;1;549;3745;
38;1;586;4099;
39;1;513;4093;
40;1;567;4562;
41;1;529;4129;
42;1;564;4529;
43;1;533;4769;
44;1;581;4435;
45;1;502;4948;
46;1;576;4884;
47;1;587;4960;
48;1;503;4877;
49;1;583;5433;
