****0****
100
91;34;1;2;0;
53;74;1;2;0;
8;45;1;2;0;
43;98;1;2;0;
80;58;1;2;0;
56;42;1;2;0;
27;84;1;2;0;
47;11;1;2;0;
2;100;1;2;0;
98;61;1;2;0;
58;76;1;2;0;
20;2;1;2;0;
32;35;1;2;0;
2;8;1;2;0;
89;80;1;2;0;
31;79;1;2;0;
13;35;1;2;0;
4;72;1;2;0;
79;98;1;2;0;
22;10;1;2;0;
55;77;1;2;0;
3;34;1;2;0;
60;50;1;2;0;
44;61;1;2;0;
1;94;1;2;0;
21;10;1;2;0;
21;92;1;2;0;
11;52;1;2;0;
26;13;1;2;0;
59;14;1;2;0;
44;41;1;2;0;
45;56;1;2;0;
76;48;1;2;0;
79;6;1;2;0;
98;100;1;2;0;
68;52;1;2;0;
28;70;1;2;0;
85;87;1;2;0;
19;81;1;2;0;
47;71;1;2;0;
74;20;1;2;0;
80;46;1;2;0;
11;43;1;2;0;
97;89;1;2;0;
55;56;1;2;0;
54;98;1;2;0;
48;50;1;2;0;
5;75;1;2;0;
50;35;1;2;0;
81;47;1;2;0;
35;48;1;2;720;
62;69;1;2;1740;
1;40;1;2;2037;
99;10;1;2;1300;
18;42;1;2;1641;
81;84;1;2;913;
21;90;1;2;1357;
74;39;1;2;847;
76;43;1;2;1263;
25;29;1;2;1060;
71;15;1;2;1993;
20;29;1;2;1164;
6;29;1;2;682;
72;27;1;2;2098;
63;97;1;2;1162;
51;29;1;2;1396;
36;49;1;2;767;
75;74;1;2;100;
14;49;1;2;2238;
28;73;1;2;1788;
73;95;1;2;1964;
18;67;1;2;1696;
31;72;1;2;936;
83;44;1;2;1421;
96;58;1;2;995;
51;9;1;2;2420;
40;44;1;2;625;
67;70;1;2;16;
83;84;1;2;1902;
42;11;1;2;982;
29;35;1;2;2259;
82;52;1;2;1450;
12;82;1;2;297;
21;16;1;2;840;
9;64;1;2;1876;
93;14;1;2;47;
5;53;1;2;1269;
17;71;1;2;1899;
55;54;1;2;282;
89;95;1;2;186;
99;75;1;2;171;
56;56;1;2;2233;
79;19;1;2;31;
22;40;1;2;1754;
11;100;1;2;1997;
58;93;1;2;1924;
65;49;1;2;431;
15;66;1;2;785;
87;20;1;2;589;
93;60;1;2;2083;
0;1;562;353;
1;1;532;224;
2;1;518;565;
3;1;519;587;
4;1;558;550;
5;1;517;658;
6;1;511;1107;
7;1;549;1247;
8;1;537;1324;
9;1;509;1280;
10;1;541;1277;
11;1;568;1153;
12;1;503;1603;
13;1;577;1652;
14;1;599;1820;
15;1;520;1671;
16;1;598;2113;
17;1;576;2182;
18;1;543;2004;
19;1;510;2179;
20;1;501;2145;
21;1;501;2392;
22;1;558;2744;
23;1;539;2424;
24;1;541;2500;
25;1;547;2500;
26;1;595;3159;
27;1;539;3036;
28;1;520;2934;
29;1;512;2953;
30;1;503;3422;
31;1;533;3406;
32;1;586;3657;
33;1;518;3759;
34;1;554;3426;
35;1;580;3725;
36;1;557;4143;
37;1;568;4077;
38;1;580;4117;
39;1;512;4087;
40;1;509;4117;
41;1;552;4550;
42;1;524;4337;
43;1;552;4463;
44;1;509;4879;
45;1;565;5020;
46;1;550;4747;
47;1;514;5188;
48;1;557;4900;
49;1;515;5186;
