****16****
100
54;79;1;2;0;
32;5;1;2;0;
55;27;1;2;0;
85;46;1;2;0;
16;29;1;2;0;
18;50;1;2;0;
8;92;1;2;0;
31;82;1;2;0;
24;59;1;2;0;
26;65;1;2;0;
83;77;1;2;0;
27;83;1;2;0;
8;10;1;2;0;
43;50;1;2;0;
26;39;1;2;0;
52;79;1;2;0;
69;83;1;2;0;
35;23;1;2;0;
61;19;1;2;0;
68;28;1;2;0;
100;37;1;2;0;
30;59;1;2;0;
80;12;1;2;0;
41;4;1;2;0;
70;66;1;2;0;
68;4;1;2;0;
94;94;1;2;0;
87;53;1;2;0;
55;81;1;2;0;
55;80;1;2;0;
71;6;1;2;0;
10;39;1;2;0;
40;97;1;2;0;
61;53;1;2;0;
15;81;1;2;0;
32;66;1;2;0;
69;61;1;2;0;
25;49;1;2;0;
73;65;1;2;0;
52;94;1;2;0;
82;71;1;2;0;
98;27;1;2;0;
16;36;1;2;0;
80;70;1;2;0;
16;34;1;2;0;
2;87;1;2;0;
91;11;1;2;0;
25;30;1;2;0;
7;38;1;2;0;
82;74;1;2;0;
18;14;1;2;2288;
86;26;1;2;1662;
86;50;1;2;1428;
89;44;1;2;2041;
59;93;1;2;2195;
74;28;1;2;1654;
44;43;1;2;1996;
97;81;1;2;2272;
7;6;1;2;1391;
66;95;1;2;597;
91;12;1;2;1153;
81;49;1;2;1325;
96;87;1;2;385;
74;75;1;2;2389;
86;34;1;2;2202;
24;7;1;2;282;
93;2;1;2;749;
95;98;1;2;139;
39;57;1;2;822;
12;74;1;2;2462;
19;64;1;2;1832;
43;96;1;2;1633;
93;91;1;2;1940;
92;17;1;2;1015;
38;54;1;2;0;
76;77;1;2;501;
41;21;1;2;217;
52;15;1;2;637;
92;5;1;2;1290;
89;68;1;2;1997;
80;39;1;2;2250;
34;81;1;2;1839;
89;73;1;2;2429;
29;16;1;2;446;
44;53;1;2;436;
44;28;1;2;2093;
51;20;1;2;2069;
11;72;1;2;2362;
68;15;1;2;242;
34;4;1;2;2107;
72;35;1;2;1046;
78;21;1;2;715;
27;9;1;2;2443;
18;37;1;2;1613;
78;33;1;2;618;
38;76;1;2;1654;
79;26;1;2;9;
87;36;1;2;1429;
14;56;1;2;1057;
44;89;1;2;2213;
0;1;542;213;
1;1;536;501;
2;1;589;638;
3;1;547;485;
4;1;516;823;
5;1;537;898;
6;1;544;1081;
7;1;584;804;
8;1;503;934;
9;1;590;1102;
10;1;537;1519;
11;1;572;1400;
12;1;581;1616;
13;1;580;1645;
14;1;580;1759;
15;1;527;1606;
16;1;583;1678;
17;1;551;1724;
18;1;569;1960;
19;1;542;2057;
20;1;536;2405;
21;1;587;2682;
22;1;543;2533;
23;1;532;2641;
24;1;534;2802;
25;1;530;2741;
26;1;522;2918;
27;1;546;3233;
28;1;585;3281;
29;1;580;3324;
30;1;548;3165;
31;1;538;3548;
32;1;519;3361;
33;1;506;3788;
34;1;589;3664;
35;1;522;3803;
36;1;577;3788;
37;1;507;3769;
38;1;582;4056;
39;1;516;4146;
40;1;563;4363;
41;1;541;4435;
42;1;598;4321;
43;1;590;4452;
44;1;515;4645;
45;1;599;4814;
46;1;526;4781;
47;1;596;5135;
48;1;527;5289;
49;1;534;4900;
