****8****
100
58;65;1;2;0;
81;18;1;2;0;
27;29;1;2;0;
12;64;1;2;0;
42;24;1;2;0;
1;60;1;2;0;
43;81;1;2;0;
30;7;1;2;0;
26;14;1;2;0;
8;6;1;2;0;
30;61;1;2;0;
88;5;1;2;0;
69;74;1;2;0;
66;23;1;2;0;
53;48;1;2;0;
88;11;1;2;0;
64;68;1;2;0;
80;42;1;2;0;
49;43;1;2;0;
6;42;1;2;0;
19;58;1;2;0;
54;61;1;2;0;
38;35;1;2;0;
67;15;1;2;0;
1;27;1;2;0;
21;30;1;2;0;
39;8;1;2;0;
86;8;1;2;0;
34;3;1;2;0;
30;38;1;2;0;
2;69;1;2;0;
100;18;1;2;0;
89;79;1;2;0;
59;89;1;2;0;
74;64;1;2;0;
30;92;1;2;0;
21;83;1;2;0;
52;10;1;2;0;
18;71;1;2;0;
25;18;1;2;0;
97;97;1;2;0;
99;35;1;2;0;
4;36;1;2;0;
94;89;1;2;0;
90;76;1;2;0;
27;91;1;2;0;
96;26;1;2;0;
60;84;1;2;0;
57;19;1;2;0;
72;30;1;2;0;
34;54;1;2;590;
7;88;1;2;778;
16;5;1;2;2420;
40;74;1;2;2179;
88;24;1;2;2318;
44;11;1;2;328;
32;100;1;2;1849;
10;43;1;2;420;
36;2;1;2;2022;
44;20;1;2;1390;
73;54;1;2;1279;
45;60;1;2;605;
20;27;1;2;2448;
14;19;1;2;362;
7;6;1;2;1011;
35;49;1;2;1778;
9;33;1;2;2240;
57;42;1;2;2052;
53;29;1;2;1062;
33;72;1;2;801;
84;96;1;2;848;
40;40;1;2;669;
31;12;1;2;1720;
31;77;1;2;1430;
57;83;1;2;1729;
6;70;1;2;749;
17;78;1;2;1647;
76;86;1;2;2039;
81;39;1;2;1586;
36;71;1;2;390;
62;6;1;2;178;
93;45;1;2;1546;
35;27;1;2;269;
55;10;1;2;1271;
94;66;1;2;1731;
38;71;1;2;1465;
34;87;1;2;805;
11;15;1;2;1599;
81;95;1;2;1769;
79;82;1;2;837;
49;95;1;2;193;
15;87;1;2;1120;
72;73;1;2;1720;
92;28;1;2;1945;
36;73;1;2;2157;
66;62;1;2;868;
14;95;1;2;2358;
42;57;1;2;1365;
4;37;1;2;2442;
8;68;1;2;1651;
0;1;582;537;
1;1;525;187;
2;1;582;757;
3;1;588;444;
4;1;588;901;
5;1;548;526;
6;1;552;618;
7;1;539;1164;
8;1;501;930;
9;1;529;1360;
10;1;547;1278;
11;1;507;1517;
12;1;519;1621;
13;1;592;1311;
14;1;570;1440;
15;1;502;1991;
16;1;578;1735;
17;1;516;1855;
18;1;541;1837;
19;1;568;2220;
20;1;545;2490;
21;1;595;2127;
22;1;550;2535;
23;1;579;2603;
24;1;537;2764;
25;1;515;2632;
26;1;524;2857;
27;1;538;3036;
28;1;536;3028;
29;1;514;3056;
30;1;591;3296;
31;1;508;3171;
32;1;592;3283;
33;1;531;3651;
34;1;531;3846;
35;1;565;3611;
36;1;514;3954;
37;1;574;3790;
38;1;596;4116;
39;1;565;3957;
40;1;512;4430;
41;1;567;4505;
42;1;504;4603;
43;1;581;4460;
44;1;584;4813;
45;1;596;4965;
46;1;512;4866;
47;1;546;5043;
48;1;530;4825;
49;1;540;5131;
