****13****
100
92;82;1;2;0;
46;30;1;2;0;
73;18;1;2;0;
58;62;1;2;0;
69;32;1;2;0;
43;3;1;2;0;
21;20;1;2;0;
33;84;1;2;0;
27;41;1;2;0;
61;12;1;2;0;
60;53;1;2;0;
92;12;1;2;0;
87;30;1;2;0;
60;66;1;2;0;
50;23;1;2;0;
15;42;1;2;0;
4;12;1;2;0;
71;28;1;2;0;
29;80;1;2;0;
42;49;1;2;0;
63;84;1;2;0;
51;83;1;2;0;
55;83;1;2;0;
19;82;1;2;0;
75;31;1;2;0;
45;86;1;2;0;
35;89;1;2;0;
98;22;1;2;0;
70;9;1;2;0;
39;20;1;2;0;
31;53;1;2;0;
61;87;1;2;0;
64;83;1;2;0;
66;44;1;2;0;
62;59;1;2;0;
92;76;1;2;0;
42;43;1;2;0;
59;49;1;2;0;
77;29;1;2;0;
82;52;1;2;0;
59;26;1;2;0;
37;94;1;2;0;
66;86;1;2;0;
67;36;1;2;0;
47;5;1;2;0;
55;29;1;2;0;
58;67;1;2;0;
15;73;1;2;0;
49;33;1;2;0;
17;62;1;2;0;
91;8;1;2;925;
85;2;1;2;19;
33;79;1;2;1507;
14;82;1;2;1039;
91;70;1;2;646;
57;56;1;2;47;
92;54;1;2;1502;
98;82;1;2;1706;
64;97;1;2;754;
12;81;1;2;2426;
25;71;1;2;2472;
61;55;1;2;1822;
8;87;1;2;848;
34;52;1;2;2446;
19;43;1;2;1203;
49;99;1;2;1128;
45;42;1;2;2426;
50;39;1;2;252;
11;54;1;2;357;
45;17;1;2;2052;
47;41;1;2;1273;
9;1;1;2;954;
72;60;1;2;71;
13;94;1;2;1585;
39;64;1;2;679;
82;13;1;2;612;
33;9;1;2;1224;
36;58;1;2;559;
73;21;1;2;1117;
6;65;1;2;984;
19;64;1;2;769;
55;72;1;2;1399;
45;43;1;2;392;
73;7;1;2;1759;
53;45;1;2;1535;
75;78;1;2;367;
47;62;1;2;807;
60;50;1;2;1853;
63;22;1;2;211;
19;28;1;2;1637;
91;98;1;2;1059;
55;4;1;2;946;
20;48;1;2;623;
44;73;1;2;936;
13;25;1;2;1834;
45;100;1;2;2019;
42;98;1;2;118;
99;58;1;2;1059;
13;20;1;2;92;
48;91;1;2;78;
0;1;599;30;
1;1;520;252;
2;1;536;398;
3;1;598;606;
4;1;523;694;
5;1;550;594;
6;1;566;731;
7;1;571;1071;
8;1;510;959;
9;1;509;1310;
10;1;520;1260;
11;1;549;1598;
12;1;502;1369;
13;1;548;1724;
14;1;561;1735;
15;1;518;1500;
16;1;571;1651;
17;1;523;1986;
18;1;564;2239;
19;1;564;2285;
20;1;600;2212;
21;1;532;2440;
22;1;526;2723;
23;1;563;2831;
24;1;524;2882;
25;1;538;2878;
26;1;504;3029;
27;1;571;2930;
28;1;551;2901;
29;1;553;2905;
30;1;556;3130;
31;1;521;3385;
32;1;511;3706;
33;1;535;3405;
34;1;514;3635;
35;1;563;3651;
36;1;562;3719;
37;1;529;4227;
38;1;548;4078;
39;1;573;4001;
40;1;566;4493;
41;1;565;4438;
42;1;552;4618;
43;1;577;4338;
44;1;504;4749;
45;1;517;4869;
46;1;504;4608;
47;1;588;5021;
48;1;532;5233;
49;1;592;4952;
