****12****
100
156;794;1;2;0;
83;806;1;2;0;
532;455;1;2;0;
973;271;1;2;0;
852;322;1;2;0;
666;11;1;2;0;
24;709;1;2;0;
376;946;1;2;0;
373;106;1;2;0;
251;276;1;2;0;
147;186;1;2;0;
29;861;1;2;0;
33;443;1;2;0;
984;275;1;2;0;
569;620;1;2;0;
784;77;1;2;0;
765;218;1;2;0;
882;649;1;2;0;
672;854;1;2;0;
919;875;1;2;0;
527;584;1;2;0;
238;550;1;2;0;
644;613;1;2;0;
847;16;1;2;0;
70;98;1;2;0;
292;568;1;2;0;
635;672;1;2;0;
429;668;1;2;0;
114;764;1;2;0;
294;34;1;2;0;
735;77;1;2;0;
110;500;1;2;0;
294;991;1;2;0;
148;317;1;2;0;
196;418;1;2;0;
544;723;1;2;0;
353;781;1;2;0;
624;996;1;2;0;
745;471;1;2;0;
11;814;1;2;0;
568;654;1;2;0;
734;202;1;2;0;
325;514;1;2;0;
869;790;1;2;0;
277;162;1;2;0;
176;363;1;2;0;
590;285;1;2;0;
862;235;1;2;0;
628;361;1;2;0;
904;823;1;2;0;
778;447;1;2;10596;
130;579;1;2;634;
125;323;1;2;7282;
488;488;1;2;16470;
141;573;1;2;12145;
466;86;1;2;486;
607;362;1;2;7253;
782;725;1;2;21255;
419;938;1;2;20667;
46;299;1;2;14927;
220;428;1;2;24293;
469;558;1;2;8323;
341;34;1;2;23543;
683;521;1;2;14727;
592;662;1;2;1581;
54;479;1;2;7460;
737;85;1;2;6061;
934;867;1;2;1898;
72;637;1;2;3027;
444;682;1;2;1918;
72;253;1;2;3694;
497;721;1;2;24847;
501;413;1;2;2657;
178;95;1;2;17544;
695;38;1;2;14667;
785;444;1;2;2010;
960;180;1;2;12378;
848;465;1;2;17819;
461;536;1;2;16630;
363;332;1;2;9631;
915;755;1;2;19663;
894;251;1;2;7322;
431;751;1;2;489;
353;281;1;2;6448;
147;327;1;2;21162;
603;111;1;2;2280;
888;422;1;2;2538;
610;270;1;2;10931;
550;82;1;2;19219;
126;796;1;2;4810;
383;710;1;2;5385;
597;955;1;2;22484;
531;385;1;2;16678;
877;89;1;2;11509;
670;236;1;2;21704;
501;190;1;2;1092;
126;77;1;2;11629;
579;39;1;2;4880;
201;588;1;2;12240;
358;714;1;2;11735;
0;1;350;345;
1;1;350;797;
2;1;350;1543;
3;1;350;3237;
4;1;350;5643;
5;1;350;8848;
6;1;350;13031;
7;1;350;17223;
8;1;350;22734;
9;1;350;28728;
10;1;350;35302;
11;1;350;42625;
12;1;350;50505;
13;1;350;59621;
14;1;350;68610;
15;1;350;78909;
16;1;350;89923;
17;1;350;101201;
18;1;350;113575;
19;1;350;126799;
