****15****
100
836;878;1;2;0;
809;814;1;2;0;
868;851;1;2;0;
896;849;1;2;0;
858;850;1;2;0;
841;849;1;2;0;
829;827;1;2;0;
872;868;1;2;0;
866;868;1;2;0;
868;836;1;2;0;
839;893;1;2;0;
888;814;1;2;0;
873;875;1;2;0;
838;837;1;2;0;
847;822;1;2;0;
817;835;1;2;0;
852;878;1;2;0;
802;872;1;2;0;
882;898;1;2;0;
821;840;1;2;0;
848;815;1;2;0;
841;829;1;2;0;
842;813;1;2;0;
897;808;1;2;0;
881;818;1;2;0;
896;872;1;2;0;
863;885;1;2;0;
839;836;1;2;0;
812;877;1;2;0;
825;859;1;2;0;
851;894;1;2;0;
847;804;1;2;0;
873;801;1;2;0;
876;807;1;2;0;
899;850;1;2;0;
847;800;1;2;0;
865;888;1;2;0;
829;807;1;2;0;
801;879;1;2;0;
867;834;1;2;0;
897;864;1;2;0;
807;860;1;2;0;
849;898;1;2;0;
848;861;1;2;0;
827;873;1;2;0;
873;878;1;2;0;
868;872;1;2;0;
834;893;1;2;0;
873;811;1;2;0;
800;824;1;2;0;
861;899;1;2;1488;
878;839;1;2;7288;
837;892;1;2;16696;
804;826;1;2;14087;
820;885;1;2;3445;
821;883;1;2;18759;
883;810;1;2;63;
808;841;1;2;4120;
832;875;1;2;15438;
857;886;1;2;12062;
881;899;1;2;16473;
858;829;1;2;6504;
816;866;1;2;8060;
853;823;1;2;16010;
839;843;1;2;11213;
837;865;1;2;10248;
835;800;1;2;20284;
806;860;1;2;14398;
846;844;1;2;17440;
882;801;1;2;10091;
867;882;1;2;1807;
802;892;1;2;17846;
877;808;1;2;830;
843;861;1;2;5806;
888;852;1;2;7587;
819;841;1;2;8453;
837;876;1;2;12055;
813;835;1;2;15337;
835;833;1;2;20583;
880;815;1;2;1367;
863;882;1;2;9968;
898;837;1;2;5371;
815;814;1;2;9772;
898;809;1;2;12269;
804;898;1;2;5700;
857;869;1;2;14759;
876;806;1;2;15705;
894;871;1;2;8600;
877;806;1;2;12471;
851;838;1;2;254;
879;802;1;2;20170;
889;852;1;2;3687;
891;867;1;2;14718;
854;817;1;2;3915;
831;873;1;2;17101;
812;831;1;2;1736;
834;807;1;2;10570;
885;853;1;2;15041;
871;830;1;2;8295;
842;834;1;2;7774;
0;1;130;130;
1;1;214;1064;
2;1;86;1786;
3;1;399;2949;
4;1;153;3553;
5;1;65;4315;
6;1;332;5432;
7;1;321;6271;
8;1;210;7010;
9;1;381;8031;
10;1;378;8878;
11;1;127;9477;
12;1;264;10464;
13;1;111;11161;
14;1;26;11926;
15;1;246;12996;
16;1;98;13698;
17;1;9;14459;
18;1;125;15425;
19;1;109;16259;
