****6****
100
853;898;1;2;0;
814;811;1;2;0;
862;852;1;2;0;
818;838;1;2;0;
865;899;1;2;0;
892;875;1;2;0;
889;815;1;2;0;
899;831;1;2;0;
828;888;1;2;0;
813;819;1;2;0;
899;884;1;2;0;
887;888;1;2;0;
874;881;1;2;0;
877;897;1;2;0;
858;822;1;2;0;
848;864;1;2;0;
872;862;1;2;0;
875;834;1;2;0;
867;845;1;2;0;
824;832;1;2;0;
896;817;1;2;0;
860;837;1;2;0;
884;811;1;2;0;
869;864;1;2;0;
800;834;1;2;0;
835;851;1;2;0;
818;822;1;2;0;
891;845;1;2;0;
856;868;1;2;0;
842;814;1;2;0;
842;842;1;2;0;
878;866;1;2;0;
857;805;1;2;0;
800;824;1;2;0;
803;825;1;2;0;
808;899;1;2;0;
894;820;1;2;0;
837;878;1;2;0;
832;858;1;2;0;
894;884;1;2;0;
892;829;1;2;0;
887;863;1;2;0;
804;878;1;2;0;
808;860;1;2;0;
898;802;1;2;0;
826;840;1;2;0;
845;805;1;2;0;
806;802;1;2;0;
862;858;1;2;0;
878;865;1;2;0;
835;886;1;2;18593;
829;859;1;2;1694;
859;891;1;2;9693;
805;827;1;2;1801;
835;814;1;2;349;
891;892;1;2;15495;
851;890;1;2;17181;
877;882;1;2;5728;
834;888;1;2;1022;
849;898;1;2;15276;
814;834;1;2;7727;
883;815;1;2;20036;
889;827;1;2;7209;
805;832;1;2;19877;
814;819;1;2;9192;
837;810;1;2;12448;
869;813;1;2;14875;
803;843;1;2;15282;
834;829;1;2;10998;
867;878;1;2;15274;
878;845;1;2;4365;
827;828;1;2;18312;
836;870;1;2;18218;
887;875;1;2;11964;
818;841;1;2;9673;
862;879;1;2;6602;
851;848;1;2;9199;
829;803;1;2;944;
890;837;1;2;12975;
842;804;1;2;17332;
893;834;1;2;9663;
878;861;1;2;17122;
883;849;1;2;5245;
814;889;1;2;13537;
878;859;1;2;7644;
866;821;1;2;17726;
812;872;1;2;8216;
875;802;1;2;19762;
830;844;1;2;7029;
866;886;1;2;851;
832;880;1;2;16504;
892;810;1;2;4307;
884;845;1;2;5549;
846;860;1;2;14748;
883;890;1;2;15625;
814;856;1;2;17372;
824;820;1;2;19749;
834;896;1;2;1473;
847;826;1;2;20329;
897;844;1;2;10872;
0;1;131;131;
1;1;2;852;
2;1;220;1920;
3;1;48;2598;
4;1;296;3696;
5;1;308;4558;
6;1;329;5429;
7;1;55;6005;
8;1;228;7028;
9;1;411;8061;
10;1;153;8653;
11;1;163;9513;
12;1;232;10432;
13;1;87;11137;
14;1;354;12254;
15;1;64;12814;
16;1;178;13778;
17;1;135;14585;
18;1;240;15540;
19;1;253;16403;
