****2****
100
870;801;1;2;0;
838;810;1;2;0;
850;803;1;2;0;
878;839;1;2;0;
800;881;1;2;0;
816;844;1;2;0;
851;895;1;2;0;
840;838;1;2;0;
814;853;1;2;0;
885;808;1;2;0;
884;801;1;2;0;
874;813;1;2;0;
832;825;1;2;0;
817;866;1;2;0;
808;846;1;2;0;
884;878;1;2;0;
899;874;1;2;0;
889;801;1;2;0;
829;867;1;2;0;
840;829;1;2;0;
848;857;1;2;0;
874;852;1;2;0;
804;814;1;2;0;
890;871;1;2;0;
819;828;1;2;0;
879;803;1;2;0;
881;805;1;2;0;
868;865;1;2;0;
830;837;1;2;0;
831;838;1;2;0;
883;867;1;2;0;
869;835;1;2;0;
893;858;1;2;0;
836;822;1;2;0;
877;877;1;2;0;
852;878;1;2;0;
886;878;1;2;0;
830;842;1;2;0;
892;820;1;2;0;
865;863;1;2;0;
800;844;1;2;0;
818;881;1;2;0;
849;838;1;2;0;
846;831;1;2;0;
876;829;1;2;0;
822;811;1;2;0;
896;891;1;2;0;
846;841;1;2;0;
801;883;1;2;0;
864;878;1;2;0;
812;868;1;2;1247;
850;846;1;2;13672;
844;838;1;2;14070;
810;853;1;2;6359;
854;871;1;2;18689;
856;861;1;2;4050;
839;837;1;2;16648;
861;801;1;2;20572;
804;847;1;2;11613;
805;882;1;2;20407;
836;846;1;2;20523;
892;848;1;2;14688;
879;893;1;2;8357;
890;803;1;2;15330;
801;809;1;2;20993;
894;865;1;2;20683;
886;805;1;2;1269;
807;818;1;2;1989;
876;875;1;2;4731;
887;880;1;2;5372;
862;868;1;2;10916;
857;861;1;2;14136;
898;892;1;2;12015;
877;882;1;2;6032;
813;883;1;2;11756;
820;878;1;2;2864;
889;864;1;2;17449;
895;823;1;2;16248;
854;899;1;2;12167;
812;887;1;2;18816;
853;801;1;2;15244;
841;859;1;2;2700;
829;809;1;2;3417;
810;839;1;2;1653;
894;852;1;2;5984;
839;873;1;2;5286;
898;862;1;2;5826;
866;809;1;2;9346;
853;815;1;2;8822;
866;827;1;2;9523;
860;881;1;2;16950;
875;874;1;2;17684;
850;855;1;2;20068;
818;865;1;2;17554;
819;811;1;2;19127;
804;850;1;2;3277;
819;801;1;2;5594;
898;819;1;2;12441;
852;824;1;2;6772;
806;891;1;2;6008;
0;1;47;47;
1;1;54;904;
2;1;380;2080;
3;1;141;2691;
4;1;406;3806;
5;1;306;4556;
6;1;146;5246;
7;1;282;6232;
8;1;286;7086;
9;1;11;7661;
10;1;352;8852;
11;1;3;9353;
12;1;339;10539;
13;1;421;11471;
14;1;316;12216;
15;1;72;12822;
16;1;403;14003;
17;1;344;14794;
18;1;401;15701;
19;1;72;16222;
