****12****
100
838;853;1;2;0;
860;857;1;2;0;
838;836;1;2;0;
881;815;1;2;0;
856;832;1;2;0;
872;881;1;2;0;
853;877;1;2;0;
880;849;1;2;0;
890;815;1;2;0;
872;815;1;2;0;
839;886;1;2;0;
816;847;1;2;0;
871;829;1;2;0;
838;880;1;2;0;
835;807;1;2;0;
856;825;1;2;0;
860;816;1;2;0;
882;850;1;2;0;
804;864;1;2;0;
818;860;1;2;0;
848;890;1;2;0;
842;801;1;2;0;
819;874;1;2;0;
802;861;1;2;0;
841;875;1;2;0;
829;832;1;2;0;
861;845;1;2;0;
879;832;1;2;0;
826;869;1;2;0;
865;861;1;2;0;
876;821;1;2;0;
838;888;1;2;0;
889;873;1;2;0;
839;893;1;2;0;
889;857;1;2;0;
806;837;1;2;0;
899;800;1;2;0;
891;870;1;2;0;
874;893;1;2;0;
883;815;1;2;0;
868;812;1;2;0;
899;881;1;2;0;
857;878;1;2;0;
866;836;1;2;0;
899;831;1;2;0;
849;876;1;2;0;
852;888;1;2;0;
864;893;1;2;0;
861;855;1;2;0;
838;850;1;2;0;
864;844;1;2;6957;
815;896;1;2;6206;
837;822;1;2;6734;
821;837;1;2;17585;
885;888;1;2;3638;
843;866;1;2;6415;
831;866;1;2;16097;
880;894;1;2;2836;
868;810;1;2;16697;
881;818;1;2;17318;
883;834;1;2;16681;
823;850;1;2;9967;
853;839;1;2;14827;
829;812;1;2;5033;
874;898;1;2;1287;
804;893;1;2;1365;
848;824;1;2;15149;
875;804;1;2;12208;
806;825;1;2;15016;
830;806;1;2;11935;
892;890;1;2;14955;
851;865;1;2;11670;
859;818;1;2;4245;
837;848;1;2;14291;
856;874;1;2;8679;
812;878;1;2;20739;
839;878;1;2;1628;
831;853;1;2;9617;
870;859;1;2;20589;
819;841;1;2;7315;
838;833;1;2;13849;
891;837;1;2;4646;
895;896;1;2;7164;
842;885;1;2;15446;
849;841;1;2;4576;
807;806;1;2;5788;
857;845;1;2;6462;
832;876;1;2;14134;
863;898;1;2;12605;
819;817;1;2;3666;
881;807;1;2;19541;
886;899;1;2;13159;
855;846;1;2;15738;
895;888;1;2;20854;
835;889;1;2;20851;
849;896;1;2;17015;
893;854;1;2;17057;
815;838;1;2;2185;
890;801;1;2;5860;
828;820;1;2;15500;
0;1;283;283;
1;1;177;1027;
2;1;261;1961;
3;1;246;2796;
4;1;340;3740;
5;1;362;4612;
6;1;247;5347;
7;1;398;6348;
8;1;8;6808;
9;1;172;7822;
10;1;395;8895;
11;1;373;9723;
12;1;383;10583;
13;1;331;11381;
14;1;362;12262;
15;1;336;13086;
16;1;255;13855;
17;1;409;14859;
18;1;74;15374;
19;1;276;16426;
