****11****
100
827;817;1;2;0;
822;835;1;2;0;
879;887;1;2;0;
812;836;1;2;0;
814;888;1;2;0;
880;840;1;2;0;
849;852;1;2;0;
865;843;1;2;0;
828;853;1;2;0;
826;860;1;2;0;
825;884;1;2;0;
855;888;1;2;0;
840;861;1;2;0;
846;806;1;2;0;
843;863;1;2;0;
844;871;1;2;0;
832;818;1;2;0;
858;863;1;2;0;
857;870;1;2;0;
899;823;1;2;0;
811;832;1;2;0;
864;812;1;2;0;
836;881;1;2;0;
855;864;1;2;0;
834;834;1;2;0;
824;811;1;2;0;
818;879;1;2;0;
852;810;1;2;0;
892;898;1;2;0;
868;888;1;2;0;
861;864;1;2;0;
859;845;1;2;0;
882;869;1;2;0;
808;892;1;2;0;
839;859;1;2;0;
815;850;1;2;0;
891;831;1;2;0;
863;880;1;2;0;
813;870;1;2;0;
844;899;1;2;0;
804;821;1;2;0;
811;823;1;2;0;
852;863;1;2;0;
885;845;1;2;0;
813;854;1;2;0;
885;826;1;2;0;
818;896;1;2;0;
871;853;1;2;0;
865;879;1;2;0;
845;804;1;2;0;
838;812;1;2;13619;
882;844;1;2;21079;
862;809;1;2;11513;
858;860;1;2;3791;
879;871;1;2;20115;
884;886;1;2;17828;
829;899;1;2;19615;
866;825;1;2;3333;
862;896;1;2;16648;
827;827;1;2;20289;
883;866;1;2;1574;
890;800;1;2;12673;
812;862;1;2;10599;
853;820;1;2;17906;
802;852;1;2;154;
874;836;1;2;14134;
831;817;1;2;14798;
895;883;1;2;16280;
877;845;1;2;10560;
864;824;1;2;8981;
848;807;1;2;3400;
896;898;1;2;21131;
889;810;1;2;12683;
890;815;1;2;4427;
804;817;1;2;18037;
842;891;1;2;2689;
866;875;1;2;19274;
889;870;1;2;11634;
890;899;1;2;9214;
840;815;1;2;7471;
865;815;1;2;7074;
860;811;1;2;8951;
803;800;1;2;12930;
860;843;1;2;9275;
889;899;1;2;10336;
823;841;1;2;73;
844;807;1;2;17564;
883;849;1;2;5982;
804;839;1;2;11162;
875;879;1;2;7250;
869;896;1;2;16751;
823;856;1;2;11427;
875;811;1;2;12514;
890;823;1;2;9359;
872;865;1;2;13523;
871;840;1;2;10256;
814;884;1;2;15906;
884;867;1;2;2771;
876;824;1;2;14727;
867;899;1;2;796;
0;1;151;151;
1;1;371;1221;
2;1;4;1704;
3;1;274;2824;
4;1;320;3720;
5;1;287;4537;
6;1;286;5386;
7;1;172;6122;
8;1;301;7101;
9;1;50;7700;
10;1;289;8789;
11;1;424;9774;
12;1;332;10532;
13;1;61;11111;
14;1;14;11914;
15;1;290;13040;
16;1;158;13758;
17;1;304;14754;
18;1;392;15692;
19;1;274;16424;
