****8****
100
893;849;1;2;0;
888;809;1;2;0;
832;886;1;2;0;
846;876;1;2;0;
852;800;1;2;0;
878;837;1;2;0;
800;818;1;2;0;
836;883;1;2;0;
812;868;1;2;0;
897;892;1;2;0;
879;846;1;2;0;
865;809;1;2;0;
862;866;1;2;0;
816;824;1;2;0;
824;894;1;2;0;
817;869;1;2;0;
843;858;1;2;0;
878;876;1;2;0;
844;877;1;2;0;
804;848;1;2;0;
877;834;1;2;0;
885;829;1;2;0;
805;873;1;2;0;
812;817;1;2;0;
841;809;1;2;0;
861;873;1;2;0;
856;826;1;2;0;
882;818;1;2;0;
844;850;1;2;0;
894;820;1;2;0;
844;811;1;2;0;
890;840;1;2;0;
821;820;1;2;0;
868;817;1;2;0;
897;824;1;2;0;
865;826;1;2;0;
859;802;1;2;0;
856;816;1;2;0;
876;868;1;2;0;
833;869;1;2;0;
830;847;1;2;0;
842;886;1;2;0;
825;877;1;2;0;
856;870;1;2;0;
827;850;1;2;0;
842;824;1;2;0;
813;832;1;2;0;
816;887;1;2;0;
853;884;1;2;0;
804;850;1;2;0;
808;822;1;2;19633;
819;824;1;2;16359;
887;852;1;2;16036;
873;822;1;2;4366;
820;864;1;2;10072;
845;841;1;2;1075;
867;821;1;2;1142;
810;897;1;2;20146;
894;813;1;2;5708;
847;849;1;2;3019;
850;809;1;2;169;
879;881;1;2;11525;
864;868;1;2;3161;
869;841;1;2;17556;
805;861;1;2;17413;
878;859;1;2;16175;
808;878;1;2;11797;
839;840;1;2;8546;
836;835;1;2;5730;
868;834;1;2;11661;
809;884;1;2;9879;
819;815;1;2;2611;
806;831;1;2;15362;
846;801;1;2;337;
807;858;1;2;2185;
885;888;1;2;3197;
805;896;1;2;19332;
897;888;1;2;16811;
887;824;1;2;11039;
889;845;1;2;3173;
845;854;1;2;10073;
858;825;1;2;8872;
804;832;1;2;9582;
870;878;1;2;645;
826;885;1;2;7678;
848;871;1;2;6813;
828;828;1;2;20375;
887;825;1;2;661;
887;812;1;2;10319;
873;854;1;2;12554;
842;899;1;2;18947;
848;809;1;2;14761;
869;865;1;2;5177;
873;835;1;2;1917;
879;814;1;2;7632;
894;862;1;2;12138;
846;842;1;2;10360;
899;830;1;2;7750;
839;869;1;2;12856;
856;842;1;2;3811;
0;1;121;121;
1;1;336;1186;
2;1;163;1863;
3;1;391;2941;
4;1;361;3761;
5;1;22;4272;
6;1;60;5160;
7;1;307;6257;
8;1;337;7137;
9;1;287;7937;
10;1;30;8530;
11;1;274;9624;
12;1;368;10568;
13;1;384;11434;
14;1;313;12213;
15;1;63;12813;
16;1;29;13629;
17;1;77;14527;
18;1;129;15429;
19;1;327;16477;
