****7****
100
805;892;1;2;0;
863;801;1;2;0;
847;811;1;2;0;
879;846;1;2;0;
860;875;1;2;0;
836;868;1;2;0;
851;805;1;2;0;
815;872;1;2;0;
837;820;1;2;0;
828;815;1;2;0;
880;831;1;2;0;
852;888;1;2;0;
869;832;1;2;0;
851;873;1;2;0;
817;843;1;2;0;
802;874;1;2;0;
835;866;1;2;0;
827;883;1;2;0;
877;806;1;2;0;
881;889;1;2;0;
881;817;1;2;0;
857;884;1;2;0;
875;825;1;2;0;
808;812;1;2;0;
845;889;1;2;0;
827;826;1;2;0;
820;832;1;2;0;
814;841;1;2;0;
864;818;1;2;0;
814;833;1;2;0;
861;817;1;2;0;
807;848;1;2;0;
835;834;1;2;0;
831;864;1;2;0;
892;865;1;2;0;
853;825;1;2;0;
834;863;1;2;0;
862;809;1;2;0;
888;870;1;2;0;
874;833;1;2;0;
859;853;1;2;0;
811;831;1;2;0;
885;826;1;2;0;
824;802;1;2;0;
896;891;1;2;0;
835;857;1;2;0;
808;895;1;2;0;
805;843;1;2;0;
881;889;1;2;0;
807;826;1;2;0;
806;812;1;2;6098;
840;875;1;2;1681;
802;863;1;2;10442;
876;897;1;2;11519;
829;808;1;2;8192;
867;886;1;2;19322;
869;834;1;2;4222;
856;891;1;2;6974;
803;849;1;2;7327;
885;890;1;2;3864;
863;896;1;2;19195;
866;888;1;2;12433;
884;842;1;2;12434;
872;818;1;2;12707;
823;800;1;2;8255;
806;819;1;2;225;
866;888;1;2;3488;
816;896;1;2;1506;
875;800;1;2;8153;
880;837;1;2;11774;
845;800;1;2;16311;
822;866;1;2;10516;
826;802;1;2;8029;
894;874;1;2;6890;
811;898;1;2;14162;
889;856;1;2;6507;
805;822;1;2;11168;
807;839;1;2;16344;
801;866;1;2;1589;
844;898;1;2;9982;
829;843;1;2;2584;
862;817;1;2;399;
836;844;1;2;5110;
852;890;1;2;20812;
838;854;1;2;16524;
825;895;1;2;15344;
830;852;1;2;436;
828;859;1;2;20742;
870;861;1;2;19483;
864;805;1;2;3987;
847;887;1;2;7929;
830;801;1;2;8004;
831;837;1;2;16644;
835;889;1;2;3781;
814;828;1;2;11935;
894;805;1;2;19549;
831;887;1;2;20503;
843;815;1;2;11941;
845;885;1;2;1713;
866;801;1;2;6533;
0;1;336;336;
1;1;76;926;
2;1;414;2114;
3;1;173;2723;
4;1;406;3806;
5;1;243;4493;
6;1;107;5207;
7;1;63;6013;
8;1;255;7055;
9;1;385;8035;
10;1;50;8550;
11;1;72;9422;
12;1;231;10431;
13;1;16;11066;
14;1;327;12227;
15;1;405;13155;
16;1;261;13861;
17;1;107;14557;
18;1;152;15452;
19;1;294;16444;
