****13****
100
864;854;1;2;0;
840;802;1;2;0;
866;883;1;2;0;
803;876;1;2;0;
811;875;1;2;0;
803;871;1;2;0;
876;890;1;2;0;
891;868;1;2;0;
828;864;1;2;0;
815;860;1;2;0;
887;861;1;2;0;
884;845;1;2;0;
891;846;1;2;0;
882;823;1;2;0;
856;806;1;2;0;
848;820;1;2;0;
812;888;1;2;0;
822;878;1;2;0;
823;877;1;2;0;
854;887;1;2;0;
852;810;1;2;0;
858;880;1;2;0;
852;801;1;2;0;
848;881;1;2;0;
865;815;1;2;0;
841;853;1;2;0;
829;826;1;2;0;
898;820;1;2;0;
824;832;1;2;0;
843;880;1;2;0;
838;843;1;2;0;
800;803;1;2;0;
884;874;1;2;0;
881;807;1;2;0;
851;888;1;2;0;
846;855;1;2;0;
898;804;1;2;0;
835;850;1;2;0;
805;836;1;2;0;
883;823;1;2;0;
803;877;1;2;0;
876;832;1;2;0;
855;826;1;2;0;
853;879;1;2;0;
858;848;1;2;0;
859;849;1;2;0;
844;811;1;2;0;
852;828;1;2;0;
837;885;1;2;0;
887;840;1;2;0;
873;834;1;2;18289;
823;890;1;2;12453;
826;848;1;2;20108;
809;871;1;2;19832;
886;847;1;2;10982;
841;825;1;2;20861;
872;883;1;2;8284;
883;884;1;2;8611;
894;888;1;2;13413;
831;874;1;2;8592;
823;899;1;2;4163;
818;823;1;2;3641;
801;801;1;2;12310;
819;810;1;2;9807;
893;849;1;2;6322;
852;842;1;2;7055;
863;815;1;2;14645;
875;898;1;2;6115;
831;845;1;2;13783;
867;828;1;2;2509;
843;852;1;2;10018;
804;822;1;2;2696;
856;823;1;2;12926;
856;895;1;2;7815;
879;840;1;2;4664;
849;892;1;2;9265;
844;856;1;2;4267;
875;883;1;2;6802;
890;815;1;2;966;
845;834;1;2;21038;
827;829;1;2;6361;
808;834;1;2;17726;
864;890;1;2;3835;
873;899;1;2;14607;
892;878;1;2;12466;
861;828;1;2;16957;
824;872;1;2;12783;
854;899;1;2;8228;
882;889;1;2;11904;
808;887;1;2;3283;
814;866;1;2;18552;
872;826;1;2;13029;
852;890;1;2;5261;
808;815;1;2;7557;
811;807;1;2;8473;
803;820;1;2;20677;
891;844;1;2;17283;
835;850;1;2;6590;
862;885;1;2;7405;
857;845;1;2;14475;
0;1;87;87;
1;1;410;1260;
2;1;268;1968;
3;1;145;2695;
4;1;134;3534;
5;1;269;4519;
6;1;265;5365;
7;1;361;6311;
8;1;336;7136;
9;1;327;7977;
10;1;397;8897;
11;1;176;9526;
12;1;88;10288;
13;1;333;11383;
14;1;58;11958;
15;1;154;12904;
16;1;113;13713;
17;1;154;14604;
18;1;251;15551;
19;1;229;16379;
