****14****
100
874;896;1;2;0;
840;825;1;2;0;
816;803;1;2;0;
810;878;1;2;0;
860;855;1;2;0;
879;846;1;2;0;
866;846;1;2;0;
842;849;1;2;0;
839;883;1;2;0;
836;874;1;2;0;
859;884;1;2;0;
824;873;1;2;0;
892;882;1;2;0;
804;806;1;2;0;
812;879;1;2;0;
860;886;1;2;0;
827;852;1;2;0;
863;843;1;2;0;
855;825;1;2;0;
874;815;1;2;0;
832;853;1;2;0;
813;898;1;2;0;
800;808;1;2;0;
899;839;1;2;0;
843;836;1;2;0;
814;803;1;2;0;
820;890;1;2;0;
828;864;1;2;0;
872;832;1;2;0;
871;836;1;2;0;
863;883;1;2;0;
823;890;1;2;0;
835;886;1;2;0;
834;891;1;2;0;
812;808;1;2;0;
858;844;1;2;0;
813;824;1;2;0;
895;813;1;2;0;
884;894;1;2;0;
805;827;1;2;0;
830;819;1;2;0;
830;851;1;2;0;
861;811;1;2;0;
867;886;1;2;0;
843;838;1;2;0;
822;807;1;2;0;
821;845;1;2;0;
897;809;1;2;0;
884;883;1;2;0;
800;896;1;2;0;
843;810;1;2;8800;
857;886;1;2;7993;
822;870;1;2;2136;
827;898;1;2;944;
898;880;1;2;18196;
860;891;1;2;18873;
846;887;1;2;10402;
868;894;1;2;19227;
866;843;1;2;5621;
850;879;1;2;18587;
898;822;1;2;11862;
842;831;1;2;11787;
830;806;1;2;8423;
864;833;1;2;21156;
880;884;1;2;12233;
848;844;1;2;20673;
835;842;1;2;4623;
808;862;1;2;10760;
807;828;1;2;18752;
815;830;1;2;382;
875;828;1;2;9852;
846;823;1;2;11994;
803;853;1;2;6575;
882;869;1;2;5029;
860;849;1;2;2616;
870;849;1;2;15565;
871;884;1;2;5423;
860;845;1;2;14536;
842;852;1;2;13801;
872;820;1;2;9151;
829;895;1;2;5413;
861;893;1;2;7260;
876;896;1;2;20469;
849;831;1;2;545;
855;891;1;2;3625;
846;861;1;2;7618;
832;884;1;2;1587;
861;844;1;2;4494;
852;839;1;2;14315;
823;811;1;2;17637;
825;841;1;2;3235;
808;854;1;2;12782;
813;830;1;2;15565;
872;879;1;2;20006;
803;886;1;2;19666;
884;832;1;2;5527;
815;865;1;2;19513;
830;826;1;2;17402;
890;830;1;2;16298;
854;853;1;2;1012;
0;1;390;390;
1;1;180;1030;
2;1;84;1784;
3;1;422;2972;
4;1;288;3688;
5;1;363;4613;
6;1;247;5347;
7;1;226;6176;
8;1;220;7020;
9;1;296;7946;
10;1;75;8575;
11;1;1;9351;
12;1;326;10526;
13;1;154;11204;
14;1;363;12263;
15;1;322;13072;
16;1;313;13913;
17;1;397;14847;
18;1;58;15358;
19;1;330;16480;
