****0****
100
860;836;1;2;0;
801;826;1;2;0;
815;808;1;2;0;
822;804;1;2;0;
867;809;1;2;0;
827;854;1;2;0;
852;840;1;2;0;
813;829;1;2;0;
818;878;1;2;0;
806;857;1;2;0;
807;865;1;2;0;
885;817;1;2;0;
891;833;1;2;0;
828;844;1;2;0;
893;833;1;2;0;
810;806;1;2;0;
869;811;1;2;0;
832;884;1;2;0;
871;806;1;2;0;
841;838;1;2;0;
815;868;1;2;0;
844;867;1;2;0;
809;809;1;2;0;
849;827;1;2;0;
887;855;1;2;0;
836;894;1;2;0;
820;821;1;2;0;
864;863;1;2;0;
854;892;1;2;0;
807;800;1;2;0;
825;869;1;2;0;
806;847;1;2;0;
880;890;1;2;0;
883;803;1;2;0;
897;824;1;2;0;
893;864;1;2;0;
893;837;1;2;0;
884;854;1;2;0;
898;885;1;2;0;
833;837;1;2;0;
840;821;1;2;0;
884;812;1;2;0;
843;848;1;2;0;
828;849;1;2;0;
892;835;1;2;0;
801;870;1;2;0;
857;859;1;2;0;
869;837;1;2;0;
802;852;1;2;0;
893;899;1;2;0;
829;886;1;2;2503;
874;876;1;2;8398;
828;874;1;2;8752;
813;812;1;2;16657;
834;848;1;2;14925;
829;896;1;2;8174;
879;840;1;2;3781;
832;862;1;2;14822;
892;831;1;2;1733;
894;836;1;2;5703;
845;865;1;2;17043;
812;839;1;2;7498;
864;819;1;2;8560;
852;832;1;2;5971;
881;866;1;2;1744;
874;896;1;2;9618;
895;827;1;2;17589;
803;859;1;2;76;
869;803;1;2;9080;
824;897;1;2;16021;
872;894;1;2;21229;
806;807;1;2;19218;
869;823;1;2;1813;
854;875;1;2;3721;
855;808;1;2;258;
804;834;1;2;16941;
801;829;1;2;3467;
838;885;1;2;10980;
890;806;1;2;12736;
874;882;1;2;14133;
893;854;1;2;15188;
878;812;1;2;18403;
853;881;1;2;10926;
848;887;1;2;10070;
874;894;1;2;11243;
819;850;1;2;14462;
860;851;1;2;307;
828;842;1;2;154;
856;832;1;2;16136;
839;806;1;2;13829;
871;800;1;2;7497;
898;830;1;2;14183;
884;835;1;2;5230;
845;835;1;2;12663;
834;862;1;2;6298;
831;881;1;2;11344;
814;842;1;2;7609;
827;822;1;2;14897;
877;878;1;2;3472;
885;869;1;2;12228;
0;1;374;374;
1;1;242;1092;
2;1;39;1739;
3;1;145;2695;
4;1;417;3817;
5;1;246;4496;
6;1;279;5379;
7;1;202;6152;
8;1;206;7006;
9;1;319;7969;
10;1;249;8749;
11;1;194;9544;
12;1;300;10500;
13;1;60;11110;
14;1;381;12281;
15;1;326;13076;
16;1;118;13718;
17;1;314;14764;
18;1;128;15428;
19;1;33;16183;
