****9****
100
819;822;1;2;0;
802;801;1;2;0;
891;894;1;2;0;
870;825;1;2;0;
802;864;1;2;0;
813;825;1;2;0;
849;800;1;2;0;
815;886;1;2;0;
896;851;1;2;0;
892;809;1;2;0;
813;872;1;2;0;
858;882;1;2;0;
882;820;1;2;0;
844;835;1;2;0;
849;822;1;2;0;
839;868;1;2;0;
896;841;1;2;0;
821;839;1;2;0;
835;843;1;2;0;
865;890;1;2;0;
807;830;1;2;0;
815;809;1;2;0;
831;830;1;2;0;
895;879;1;2;0;
882;888;1;2;0;
889;847;1;2;0;
860;847;1;2;0;
829;894;1;2;0;
819;825;1;2;0;
830;868;1;2;0;
899;821;1;2;0;
888;847;1;2;0;
862;861;1;2;0;
886;850;1;2;0;
804;851;1;2;0;
840;812;1;2;0;
882;807;1;2;0;
821;865;1;2;0;
837;816;1;2;0;
844;871;1;2;0;
856;833;1;2;0;
818;868;1;2;0;
832;899;1;2;0;
863;804;1;2;0;
824;893;1;2;0;
824;875;1;2;0;
814;813;1;2;0;
822;828;1;2;0;
874;809;1;2;0;
830;831;1;2;0;
812;822;1;2;9679;
846;829;1;2;15865;
811;819;1;2;7476;
808;890;1;2;14475;
893;809;1;2;2231;
878;808;1;2;20815;
882;885;1;2;13082;
806;860;1;2;1618;
871;835;1;2;7107;
898;896;1;2;7643;
829;808;1;2;4150;
872;807;1;2;17468;
888;818;1;2;19397;
872;878;1;2;4083;
813;872;1;2;17653;
875;850;1;2;9287;
847;884;1;2;19159;
817;890;1;2;6773;
800;862;1;2;14771;
864;860;1;2;478;
811;889;1;2;5408;
880;813;1;2;18382;
878;853;1;2;18048;
896;877;1;2;1320;
856;843;1;2;6115;
825;818;1;2;4189;
802;817;1;2;95;
817;834;1;2;21117;
896;835;1;2;164;
858;851;1;2;5280;
816;814;1;2;7994;
834;894;1;2;17985;
812;873;1;2;17177;
808;821;1;2;19391;
882;877;1;2;5162;
881;854;1;2;10662;
881;856;1;2;1515;
866;825;1;2;12053;
893;821;1;2;16300;
830;831;1;2;6457;
831;899;1;2;19978;
821;886;1;2;12168;
824;898;1;2;6839;
884;806;1;2;2138;
821;840;1;2;10709;
802;873;1;2;7703;
800;807;1;2;17313;
816;873;1;2;16198;
819;818;1;2;11129;
856;848;1;2;16879;
0;1;198;198;
1;1;280;1130;
2;1;197;1897;
3;1;29;2579;
4;1;3;3403;
5;1;283;4533;
6;1;79;5179;
7;1;104;6054;
8;1;231;7031;
9;1;231;7881;
10;1;313;8813;
11;1;64;9414;
12;1;2;10202;
13;1;234;11284;
14;1;405;12305;
15;1;379;13129;
16;1;186;13786;
17;1;280;14730;
18;1;410;15710;
19;1;389;16539;
