****16****
100
890;812;1;2;0;
819;895;1;2;0;
846;842;1;2;0;
878;838;1;2;0;
837;812;1;2;0;
821;866;1;2;0;
877;806;1;2;0;
816;831;1;2;0;
848;872;1;2;0;
828;857;1;2;0;
852;880;1;2;0;
883;865;1;2;0;
867;835;1;2;0;
862;814;1;2;0;
818;864;1;2;0;
800;860;1;2;0;
876;819;1;2;0;
808;822;1;2;0;
813;886;1;2;0;
812;850;1;2;0;
850;834;1;2;0;
868;827;1;2;0;
892;884;1;2;0;
858;840;1;2;0;
856;838;1;2;0;
897;860;1;2;0;
871;833;1;2;0;
878;838;1;2;0;
820;892;1;2;0;
805;891;1;2;0;
856;805;1;2;0;
803;832;1;2;0;
824;811;1;2;0;
806;889;1;2;0;
849;871;1;2;0;
892;899;1;2;0;
805;860;1;2;0;
878;849;1;2;0;
845;888;1;2;0;
842;853;1;2;0;
827;839;1;2;0;
814;898;1;2;0;
824;892;1;2;0;
836;897;1;2;0;
836;841;1;2;0;
888;893;1;2;0;
898;891;1;2;0;
877;874;1;2;0;
855;836;1;2;0;
864;804;1;2;0;
807;856;1;2;2225;
864;868;1;2;3130;
813;813;1;2;12504;
855;867;1;2;12531;
847;833;1;2;546;
823;877;1;2;13242;
820;813;1;2;21122;
808;806;1;2;2975;
852;836;1;2;2432;
807;872;1;2;12322;
811;879;1;2;20269;
819;843;1;2;7904;
854;808;1;2;19100;
829;816;1;2;17160;
883;815;1;2;5703;
835;838;1;2;14872;
875;811;1;2;11687;
809;819;1;2;9438;
890;823;1;2;19849;
897;830;1;2;9819;
820;894;1;2;8560;
851;813;1;2;6176;
898;819;1;2;796;
811;800;1;2;5803;
843;835;1;2;6162;
808;870;1;2;6396;
802;898;1;2;12410;
858;807;1;2;7766;
824;849;1;2;11518;
874;898;1;2;19590;
800;818;1;2;15557;
853;869;1;2;7989;
853;820;1;2;2231;
813;883;1;2;17134;
838;879;1;2;1474;
881;839;1;2;13207;
811;842;1;2;1821;
804;852;1;2;3344;
869;876;1;2;14408;
857;802;1;2;9847;
827;802;1;2;16891;
892;807;1;2;13305;
822;812;1;2;650;
871;825;1;2;4371;
825;815;1;2;1341;
863;897;1;2;9953;
823;860;1;2;17484;
881;865;1;2;1680;
898;886;1;2;5920;
813;895;1;2;9767;
0;1;255;255;
1;1;173;1023;
2;1;237;1937;
3;1;91;2641;
4;1;165;3565;
5;1;244;4494;
6;1;421;5521;
7;1;237;6187;
8;1;131;6931;
9;1;224;7874;
10;1;186;8686;
11;1;109;9459;
12;1;87;10287;
13;1;311;11361;
14;1;249;12149;
15;1;379;13129;
16;1;99;13699;
17;1;246;14696;
18;1;85;15385;
19;1;224;16374;
