****1****
100
857;832;1;2;0;
836;880;1;2;0;
804;866;1;2;0;
858;808;1;2;0;
851;880;1;2;0;
871;827;1;2;0;
821;886;1;2;0;
846;812;1;2;0;
831;874;1;2;0;
840;864;1;2;0;
892;866;1;2;0;
832;844;1;2;0;
825;814;1;2;0;
819;820;1;2;0;
877;821;1;2;0;
877;835;1;2;0;
853;865;1;2;0;
867;809;1;2;0;
831;877;1;2;0;
818;883;1;2;0;
857;841;1;2;0;
810;830;1;2;0;
828;808;1;2;0;
895;811;1;2;0;
883;887;1;2;0;
875;827;1;2;0;
853;859;1;2;0;
871;831;1;2;0;
825;891;1;2;0;
851;855;1;2;0;
864;880;1;2;0;
890;870;1;2;0;
845;857;1;2;0;
879;829;1;2;0;
886;849;1;2;0;
864;844;1;2;0;
891;826;1;2;0;
874;819;1;2;0;
834;869;1;2;0;
882;817;1;2;0;
857;858;1;2;0;
845;862;1;2;0;
869;816;1;2;0;
845;895;1;2;0;
859;896;1;2;0;
850;876;1;2;0;
828;892;1;2;0;
898;874;1;2;0;
801;877;1;2;0;
855;887;1;2;0;
827;819;1;2;3728;
870;845;1;2;5153;
889;879;1;2;9418;
871;849;1;2;2975;
881;894;1;2;17551;
803;862;1;2;6974;
850;874;1;2;11510;
852;850;1;2;7108;
896;848;1;2;14411;
849;877;1;2;16649;
836;856;1;2;4060;
872;826;1;2;13102;
882;867;1;2;1242;
813;891;1;2;9670;
802;824;1;2;96;
857;827;1;2;20754;
805;829;1;2;6665;
802;881;1;2;3872;
828;877;1;2;3562;
879;826;1;2;1680;
886;815;1;2;19511;
811;839;1;2;431;
882;821;1;2;12497;
884;834;1;2;3210;
835;888;1;2;1044;
832;845;1;2;19242;
891;803;1;2;958;
877;857;1;2;3564;
812;885;1;2;6581;
848;817;1;2;4630;
813;803;1;2;3972;
834;814;1;2;8335;
882;848;1;2;1621;
850;832;1;2;8155;
860;819;1;2;18221;
843;803;1;2;19560;
858;847;1;2;110;
850;824;1;2;5322;
827;888;1;2;21055;
882;888;1;2;182;
816;801;1;2;14545;
816;888;1;2;19357;
856;822;1;2;15032;
868;824;1;2;15500;
815;885;1;2;9182;
851;828;1;2;19639;
884;886;1;2;16564;
820;888;1;2;15183;
813;868;1;2;4463;
844;850;1;2;2871;
0;1;93;93;
1;1;169;1019;
2;1;230;1930;
3;1;346;2896;
4;1;13;3413;
5;1;18;4268;
6;1;339;5439;
7;1;196;6146;
8;1;67;6867;
9;1;230;7880;
10;1;166;8666;
11;1;42;9392;
12;1;205;10405;
13;1;407;11457;
14;1;152;12052;
15;1;152;12902;
16;1;183;13783;
17;1;182;14632;
18;1;180;15480;
19;1;194;16344;
