****4****
100
842;813;1;2;0;
871;818;1;2;0;
853;801;1;2;0;
805;840;1;2;0;
818;806;1;2;0;
831;858;1;2;0;
854;871;1;2;0;
822;868;1;2;0;
890;891;1;2;0;
883;816;1;2;0;
846;863;1;2;0;
852;860;1;2;0;
888;896;1;2;0;
840;886;1;2;0;
848;817;1;2;0;
841;843;1;2;0;
882;812;1;2;0;
813;887;1;2;0;
866;818;1;2;0;
827;884;1;2;0;
825;859;1;2;0;
894;831;1;2;0;
882;868;1;2;0;
800;825;1;2;0;
860;835;1;2;0;
893;858;1;2;0;
898;845;1;2;0;
870;838;1;2;0;
842;810;1;2;0;
877;842;1;2;0;
879;818;1;2;0;
837;813;1;2;0;
882;850;1;2;0;
801;848;1;2;0;
869;880;1;2;0;
884;846;1;2;0;
839;831;1;2;0;
877;874;1;2;0;
899;829;1;2;0;
899;811;1;2;0;
864;892;1;2;0;
822;863;1;2;0;
889;892;1;2;0;
853;883;1;2;0;
803;830;1;2;0;
826;882;1;2;0;
848;863;1;2;0;
848;831;1;2;0;
814;849;1;2;0;
831;835;1;2;0;
829;868;1;2;18195;
821;899;1;2;3641;
847;850;1;2;7920;
846;814;1;2;19075;
890;836;1;2;4399;
879;828;1;2;14161;
863;883;1;2;16231;
841;818;1;2;18669;
804;866;1;2;4325;
870;867;1;2;18977;
805;848;1;2;12395;
838;869;1;2;4861;
849;816;1;2;14375;
889;814;1;2;18683;
893;804;1;2;2692;
865;836;1;2;4586;
838;899;1;2;19562;
893;840;1;2;18025;
897;896;1;2;18927;
836;819;1;2;2487;
807;876;1;2;14215;
897;815;1;2;11033;
839;816;1;2;11204;
831;805;1;2;17772;
889;850;1;2;14208;
835;815;1;2;481;
861;805;1;2;13553;
871;899;1;2;17735;
851;896;1;2;12147;
849;885;1;2;14836;
814;892;1;2;15483;
880;889;1;2;19594;
815;880;1;2;9559;
818;811;1;2;8204;
836;852;1;2;13354;
863;887;1;2;8156;
873;801;1;2;6773;
835;872;1;2;19090;
888;876;1;2;14929;
890;825;1;2;19867;
811;892;1;2;4034;
861;824;1;2;1077;
825;839;1;2;9511;
858;809;1;2;1211;
895;898;1;2;3419;
835;861;1;2;3923;
843;834;1;2;963;
856;821;1;2;7756;
820;862;1;2;6171;
832;804;1;2;2445;
0;1;329;329;
1;1;394;1244;
2;1;191;1891;
3;1;218;2768;
4;1;355;3755;
5;1;265;4515;
6;1;199;5299;
7;1;307;6257;
8;1;131;6931;
9;1;188;7838;
10;1;165;8665;
11;1;140;9490;
12;1;38;10238;
13;1;261;11311;
14;1;63;11963;
15;1;390;13140;
16;1;198;13798;
17;1;326;14776;
18;1;307;15607;
19;1;393;16543;
