****5****
100
860;899;1;2;0;
850;833;1;2;0;
892;870;1;2;0;
895;812;1;2;0;
803;800;1;2;0;
858;833;1;2;0;
868;848;1;2;0;
852;849;1;2;0;
862;803;1;2;0;
855;867;1;2;0;
865;820;1;2;0;
834;802;1;2;0;
880;898;1;2;0;
866;879;1;2;0;
824;850;1;2;0;
822;836;1;2;0;
801;872;1;2;0;
869;893;1;2;0;
843;817;1;2;0;
858;898;1;2;0;
869;816;1;2;0;
883;889;1;2;0;
817;835;1;2;0;
838;879;1;2;0;
838;893;1;2;0;
899;855;1;2;0;
813;885;1;2;0;
857;845;1;2;0;
883;876;1;2;0;
877;859;1;2;0;
826;899;1;2;0;
895;879;1;2;0;
871;817;1;2;0;
873;866;1;2;0;
886;883;1;2;0;
816;855;1;2;0;
899;899;1;2;0;
844;816;1;2;0;
887;882;1;2;0;
848;825;1;2;0;
827;899;1;2;0;
833;893;1;2;0;
884;842;1;2;0;
890;819;1;2;0;
818;867;1;2;0;
879;896;1;2;0;
866;826;1;2;0;
876;890;1;2;0;
895;801;1;2;0;
808;881;1;2;0;
884;825;1;2;17234;
835;876;1;2;18395;
852;863;1;2;16119;
852;841;1;2;19455;
851;874;1;2;7617;
887;816;1;2;4106;
858;887;1;2;3040;
837;835;1;2;3242;
816;863;1;2;15172;
811;816;1;2;10494;
893;800;1;2;16300;
881;888;1;2;12261;
866;892;1;2;18941;
832;844;1;2;6701;
878;847;1;2;2864;
817;886;1;2;869;
899;844;1;2;16872;
896;834;1;2;1811;
863;850;1;2;9448;
873;813;1;2;129;
891;858;1;2;7841;
834;840;1;2;18560;
857;858;1;2;19874;
892;890;1;2;5363;
872;821;1;2;9478;
874;838;1;2;18170;
897;837;1;2;12130;
806;885;1;2;9411;
803;801;1;2;17696;
864;874;1;2;15263;
841;865;1;2;20337;
870;899;1;2;20339;
836;808;1;2;8285;
845;853;1;2;19329;
851;825;1;2;11390;
803;852;1;2;13336;
894;849;1;2;8021;
829;807;1;2;19738;
850;811;1;2;17787;
821;827;1;2;17341;
857;868;1;2;1298;
852;838;1;2;864;
839;826;1;2;7049;
884;824;1;2;11199;
872;827;1;2;13670;
880;882;1;2;2419;
827;876;1;2;14473;
864;857;1;2;11512;
838;807;1;2;1693;
861;828;1;2;9370;
0;1;161;161;
1;1;39;889;
2;1;323;2023;
3;1;100;2650;
4;1;68;3468;
5;1;289;4539;
6;1;13;5113;
7;1;408;6358;
8;1;40;6840;
9;1;211;7861;
10;1;194;8694;
11;1;341;9691;
12;1;63;10263;
13;1;216;11266;
14;1;143;12043;
15;1;315;13065;
16;1;22;13622;
17;1;103;14553;
18;1;219;15519;
19;1;401;16551;
