****17****
100
831;860;1;2;0;
856;848;1;2;0;
837;855;1;2;0;
886;843;1;2;0;
820;881;1;2;0;
802;899;1;2;0;
803;864;1;2;0;
814;818;1;2;0;
884;887;1;2;0;
806;865;1;2;0;
837;818;1;2;0;
875;848;1;2;0;
804;848;1;2;0;
803;804;1;2;0;
819;889;1;2;0;
880;802;1;2;0;
849;836;1;2;0;
802;839;1;2;0;
891;888;1;2;0;
834;812;1;2;0;
869;836;1;2;0;
863;824;1;2;0;
852;878;1;2;0;
894;837;1;2;0;
817;801;1;2;0;
854;854;1;2;0;
819;829;1;2;0;
802;875;1;2;0;
877;857;1;2;0;
832;848;1;2;0;
846;812;1;2;0;
802;896;1;2;0;
848;804;1;2;0;
887;892;1;2;0;
844;873;1;2;0;
804;813;1;2;0;
809;867;1;2;0;
890;862;1;2;0;
897;884;1;2;0;
899;814;1;2;0;
837;805;1;2;0;
868;809;1;2;0;
834;822;1;2;0;
884;811;1;2;0;
879;816;1;2;0;
812;878;1;2;0;
828;814;1;2;0;
874;829;1;2;0;
871;813;1;2;0;
821;815;1;2;0;
886;825;1;2;9195;
847;844;1;2;4330;
861;894;1;2;11085;
812;808;1;2;18636;
817;829;1;2;2909;
851;803;1;2;17471;
815;835;1;2;18492;
827;813;1;2;12810;
893;839;1;2;18786;
864;804;1;2;13672;
880;890;1;2;12124;
861;889;1;2;14364;
884;851;1;2;7388;
839;863;1;2;9296;
884;881;1;2;8015;
838;884;1;2;21120;
829;899;1;2;6328;
836;878;1;2;15709;
823;872;1;2;3894;
888;888;1;2;5578;
825;820;1;2;6826;
840;881;1;2;10757;
899;817;1;2;3197;
852;857;1;2;4352;
865;893;1;2;19607;
808;884;1;2;17067;
806;865;1;2;8128;
891;801;1;2;14956;
889;824;1;2;4682;
826;864;1;2;13541;
819;842;1;2;7857;
802;882;1;2;11733;
874;881;1;2;8246;
850;885;1;2;2138;
889;850;1;2;5700;
861;810;1;2;6934;
817;868;1;2;4277;
825;859;1;2;7660;
812;848;1;2;10858;
822;826;1;2;11408;
821;845;1;2;1730;
841;847;1;2;2510;
894;874;1;2;13206;
816;824;1;2;19955;
896;813;1;2;19363;
821;826;1;2;4541;
882;843;1;2;11513;
808;869;1;2;19013;
887;881;1;2;246;
842;803;1;2;16516;
0;1;213;213;
1;1;403;1253;
2;1;82;1782;
3;1;27;2577;
4;1;319;3719;
5;1;132;4382;
6;1;73;5173;
7;1;215;6165;
8;1;333;7133;
9;1;202;7852;
10;1;256;8756;
11;1;207;9557;
12;1;18;10218;
13;1;304;11354;
14;1;347;12247;
15;1;185;12935;
16;1;225;13825;
17;1;325;14775;
18;1;364;15664;
19;1;307;16457;
