****10****
100
14;18;1;2;0;
56;87;1;2;0;
44;30;1;2;0;
19;27;1;2;0;
4;64;1;2;0;
14;42;1;2;0;
25;85;1;2;0;
87;23;1;2;0;
41;95;1;2;0;
84;58;1;2;0;
45;3;1;2;0;
2;10;1;2;0;
87;32;1;2;0;
17;60;1;2;0;
37;49;1;2;0;
63;2;1;2;0;
66;71;1;2;0;
89;62;1;2;0;
100;59;1;2;0;
88;4;1;2;0;
23;53;1;2;0;
45;47;1;2;0;
90;83;1;2;0;
22;30;1;2;0;
29;5;1;2;0;
88;74;1;2;0;
59;41;1;2;0;
35;98;1;2;0;
72;51;1;2;0;
9;61;1;2;0;
99;23;1;2;0;
62;17;1;2;0;
93;2;1;2;0;
78;45;1;2;0;
13;17;1;2;0;
48;35;1;2;0;
70;44;1;2;0;
33;59;1;2;0;
78;54;1;2;0;
40;6;1;2;0;
11;27;1;2;0;
31;69;1;2;0;
67;65;1;2;0;
18;91;1;2;0;
68;78;1;2;0;
51;66;1;2;0;
1;64;1;2;0;
82;93;1;2;0;
18;11;1;2;0;
37;30;1;2;0;
28;36;1;2;1964;
49;31;1;2;2274;
59;8;1;2;1229;
50;66;1;2;1437;
77;96;1;2;330;
95;13;1;2;99;
85;80;1;2;605;
87;45;1;2;495;
3;79;1;2;1680;
20;41;1;2;1036;
49;20;1;2;202;
64;20;1;2;1449;
63;78;1;2;2094;
64;28;1;2;1640;
27;56;1;2;1204;
11;2;1;2;332;
12;39;1;2;2490;
90;25;1;2;1643;
21;27;1;2;1729;
92;98;1;2;1471;
3;46;1;2;551;
50;61;1;2;975;
76;24;1;2;1956;
13;39;1;2;1337;
63;66;1;2;121;
60;76;1;2;179;
22;39;1;2;1977;
62;28;1;2;1043;
47;48;1;2;632;
14;91;1;2;484;
22;46;1;2;2214;
49;95;1;2;291;
47;22;1;2;1988;
75;34;1;2;1033;
30;48;1;2;1365;
92;60;1;2;815;
8;81;1;2;1983;
61;42;1;2;475;
39;41;1;2;1787;
96;54;1;2;98;
50;27;1;2;1451;
1;75;1;2;1042;
65;74;1;2;326;
52;48;1;2;1397;
82;78;1;2;893;
76;21;1;2;19;
98;80;1;2;1609;
9;41;1;2;654;
48;79;1;2;1297;
87;26;1;2;267;
0;1;18;16;
1;1;30;113;
2;1;28;214;
3;1;14;309;
4;1;30;417;
5;1;44;506;
6;1;36;620;
7;1;6;704;
8;1;2;800;
9;1;45;938;
10;1;8;1006;
11;1;8;1103;
12;1;18;1212;
13;1;29;1313;
14;1;43;1424;
15;1;21;1509;
16;1;31;1613;
17;1;5;1702;
18;1;6;1804;
19;1;49;1912;
20;1;28;2011;
21;1;14;2108;
22;1;22;2212;
23;1;25;2323;
24;1;47;2441;
25;1;24;2516;
26;1;31;2601;
27;1;6;2704;
28;1;40;2805;
29;1;18;2917;
30;1;42;3001;
31;1;46;3115;
32;1;39;3236;
33;1;31;3305;
34;1;18;3412;
35;1;29;3524;
36;1;27;3617;
37;1;10;3707;
38;1;13;3810;
39;1;23;3917;
40;1;5;4001;
41;1;17;4108;
42;1;31;4223;
43;1;40;4339;
44;1;10;4408;
45;1;6;4504;
46;1;48;4616;
47;1;24;4721;
48;1;50;4805;
49;1;32;4927;
