****12****
100
10;52;1;2;0;
27;44;1;2;0;
85;3;1;2;0;
87;58;1;2;0;
15;54;1;2;0;
9;97;1;2;0;
31;37;1;2;0;
11;34;1;2;0;
20;99;1;2;0;
23;90;1;2;0;
81;57;1;2;0;
27;73;1;2;0;
73;94;1;2;0;
39;38;1;2;0;
64;80;1;2;0;
59;73;1;2;0;
83;86;1;2;0;
69;67;1;2;0;
88;55;1;2;0;
25;54;1;2;0;
8;85;1;2;0;
50;91;1;2;0;
73;60;1;2;0;
24;44;1;2;0;
58;47;1;2;0;
85;90;1;2;0;
55;11;1;2;0;
62;28;1;2;0;
4;100;1;2;0;
17;68;1;2;0;
80;76;1;2;0;
92;14;1;2;0;
61;60;1;2;0;
81;100;1;2;0;
67;57;1;2;0;
53;74;1;2;0;
41;55;1;2;0;
16;14;1;2;0;
14;40;1;2;0;
57;24;1;2;0;
38;42;1;2;0;
13;92;1;2;0;
4;27;1;2;0;
71;60;1;2;0;
26;88;1;2;0;
79;57;1;2;0;
63;22;1;2;0;
71;75;1;2;0;
34;3;1;2;0;
26;100;1;2;0;
59;30;1;2;1244;
99;84;1;2;2448;
64;50;1;2;466;
73;73;1;2;2415;
66;37;1;2;1033;
69;63;1;2;1191;
80;41;1;2;1001;
10;97;1;2;663;
32;19;1;2;834;
65;73;1;2;2279;
64;31;1;2;2329;
40;82;1;2;2123;
80;97;1;2;335;
11;69;1;2;919;
31;34;1;2;911;
43;55;1;2;1859;
25;86;1;2;1845;
46;96;1;2;1889;
29;79;1;2;1351;
86;43;1;2;2353;
72;58;1;2;1848;
35;49;1;2;466;
34;29;1;2;350;
34;91;1;2;1666;
6;74;1;2;810;
15;16;1;2;983;
90;92;1;2;2063;
53;37;1;2;1454;
64;65;1;2;1959;
46;2;1;2;299;
53;73;1;2;233;
90;59;1;2;502;
12;45;1;2;1056;
30;78;1;2;2361;
17;84;1;2;1829;
90;50;1;2;496;
20;39;1;2;2052;
36;43;1;2;2498;
99;6;1;2;2499;
40;4;1;2;388;
75;8;1;2;943;
67;97;1;2;1497;
60;60;1;2;1669;
32;89;1;2;1796;
47;6;1;2;297;
83;47;1;2;585;
86;18;1;2;2016;
80;54;1;2;1437;
62;52;1;2;737;
60;44;1;2;1268;
0;1;9;7;
1;1;39;127;
2;1;37;225;
3;1;16;311;
4;1;46;430;
5;1;29;511;
6;1;46;639;
7;1;42;719;
8;1;10;809;
9;1;23;921;
10;1;7;1002;
11;1;29;1122;
12;1;23;1201;
13;1;16;1309;
14;1;2;1400;
15;1;31;1500;
16;1;26;1619;
17;1;46;1745;
18;1;6;1800;
19;1;11;1900;
20;1;2;2001;
21;1;40;2136;
22;1;17;2206;
23;1;33;2303;
24;1;22;2400;
25;1;25;2502;
26;1;7;2602;
27;1;40;2728;
28;1;46;2842;
29;1;30;2926;
30;1;15;3007;
31;1;11;3108;
32;1;32;3208;
33;1;4;3302;
34;1;17;3402;
35;1;44;3533;
36;1;5;3602;
37;1;17;3701;
38;1;13;3808;
39;1;3;3901;
40;1;5;4001;
41;1;14;4110;
42;1;32;4210;
43;1;44;4320;
44;1;11;4401;
45;1;26;4504;
46;1;37;4601;
47;1;16;4711;
48;1;44;4838;
49;1;9;4906;
