****16****
100
23;99;1;2;0;
25;23;1;2;0;
76;59;1;2;0;
58;92;1;2;0;
77;43;1;2;0;
27;35;1;2;0;
68;99;1;2;0;
14;72;1;2;0;
73;81;1;2;0;
82;80;1;2;0;
30;52;1;2;0;
13;22;1;2;0;
85;81;1;2;0;
66;96;1;2;0;
51;59;1;2;0;
39;25;1;2;0;
9;64;1;2;0;
47;84;1;2;0;
22;4;1;2;0;
75;50;1;2;0;
98;53;1;2;0;
36;18;1;2;0;
52;50;1;2;0;
89;24;1;2;0;
82;70;1;2;0;
55;11;1;2;0;
21;68;1;2;0;
33;57;1;2;0;
48;50;1;2;0;
52;50;1;2;0;
60;43;1;2;0;
75;20;1;2;0;
6;21;1;2;0;
3;79;1;2;0;
77;30;1;2;0;
80;74;1;2;0;
82;68;1;2;0;
91;85;1;2;0;
69;79;1;2;0;
8;50;1;2;0;
1;15;1;2;0;
61;21;1;2;0;
34;45;1;2;0;
30;81;1;2;0;
46;81;1;2;0;
82;57;1;2;0;
75;56;1;2;0;
76;80;1;2;0;
29;30;1;2;0;
10;5;1;2;0;
59;42;1;2;2123;
41;9;1;2;1640;
77;29;1;2;956;
85;78;1;2;570;
51;90;1;2;422;
84;86;1;2;2050;
16;83;1;2;2090;
97;39;1;2;1721;
5;66;1;2;613;
33;96;1;2;1025;
89;6;1;2;1852;
18;98;1;2;427;
42;75;1;2;248;
45;11;1;2;1003;
99;61;1;2;650;
74;44;1;2;2366;
30;59;1;2;920;
67;7;1;2;169;
78;11;1;2;270;
20;43;1;2;1605;
24;31;1;2;860;
69;1;1;2;836;
74;42;1;2;44;
7;38;1;2;812;
70;37;1;2;1730;
70;62;1;2;1357;
7;92;1;2;1643;
27;58;1;2;893;
38;87;1;2;2367;
66;58;1;2;816;
89;82;1;2;2272;
17;2;1;2;1356;
95;28;1;2;2209;
95;86;1;2;787;
57;55;1;2;164;
79;24;1;2;760;
44;83;1;2;2129;
71;61;1;2;1355;
5;98;1;2;165;
49;63;1;2;1670;
35;3;1;2;1896;
56;20;1;2;194;
77;66;1;2;1994;
92;61;1;2;47;
44;69;1;2;353;
36;48;1;2;1067;
89;43;1;2;2053;
34;14;1;2;1734;
87;18;1;2;277;
27;18;1;2;457;
0;1;26;9;
1;1;40;125;
2;1;8;206;
3;1;39;304;
4;1;26;423;
5;1;27;500;
6;1;50;621;
7;1;7;701;
8;1;7;806;
9;1;32;917;
10;1;48;1027;
11;1;31;1106;
12;1;17;1208;
13;1;32;1310;
14;1;45;1413;
15;1;23;1505;
16;1;1;1600;
17;1;27;1723;
18;1;24;1807;
19;1;45;1939;
20;1;19;2014;
21;1;37;2130;
22;1;45;2232;
23;1;21;2319;
24;1;48;2430;
25;1;1;2500;
26;1;46;2622;
27;1;8;2705;
28;1;49;2812;
29;1;50;2945;
30;1;40;3034;
31;1;15;3104;
32;1;38;3213;
33;1;1;3300;
34;1;9;3403;
35;1;13;3502;
36;1;19;3604;
37;1;46;3700;
38;1;46;3801;
39;1;16;3908;
40;1;20;4005;
41;1;40;4105;
42;1;48;4229;
43;1;27;4311;
44;1;41;4411;
45;1;44;4539;
46;1;3;4602;
47;1;22;4705;
48;1;1;4800;
49;1;3;4901;
