****14****
100
61;29;1;2;0;
76;34;1;2;0;
35;75;1;2;0;
71;66;1;2;0;
83;8;1;2;0;
42;66;1;2;0;
39;1;1;2;0;
19;76;1;2;0;
86;92;1;2;0;
16;63;1;2;0;
9;31;1;2;0;
70;35;1;2;0;
25;36;1;2;0;
90;50;1;2;0;
76;23;1;2;0;
55;88;1;2;0;
51;30;1;2;0;
21;37;1;2;0;
56;91;1;2;0;
3;38;1;2;0;
50;96;1;2;0;
56;88;1;2;0;
96;74;1;2;0;
16;33;1;2;0;
65;83;1;2;0;
48;25;1;2;0;
14;17;1;2;0;
59;90;1;2;0;
52;48;1;2;0;
39;79;1;2;0;
71;46;1;2;0;
66;73;1;2;0;
75;86;1;2;0;
10;31;1;2;0;
28;64;1;2;0;
20;78;1;2;0;
59;75;1;2;0;
17;6;1;2;0;
100;32;1;2;0;
39;17;1;2;0;
67;38;1;2;0;
41;80;1;2;0;
54;100;1;2;0;
21;57;1;2;0;
47;11;1;2;0;
36;69;1;2;0;
56;1;1;2;0;
94;31;1;2;0;
39;3;1;2;0;
13;18;1;2;0;
18;32;1;2;1970;
28;59;1;2;1995;
33;58;1;2;783;
23;74;1;2;1745;
60;15;1;2;1772;
65;14;1;2;1362;
22;12;1;2;2450;
9;81;1;2;1141;
61;74;1;2;1251;
51;28;1;2;926;
69;97;1;2;1463;
63;24;1;2;1273;
78;8;1;2;2457;
25;31;1;2;618;
37;42;1;2;2428;
81;59;1;2;723;
44;32;1;2;1200;
70;40;1;2;1050;
52;52;1;2;1156;
63;3;1;2;1570;
91;71;1;2;2007;
50;85;1;2;1795;
67;63;1;2;1270;
93;87;1;2;1304;
93;23;1;2;2249;
7;55;1;2;1953;
86;51;1;2;1247;
77;20;1;2;523;
99;71;1;2;1252;
99;86;1;2;1371;
25;76;1;2;2198;
48;25;1;2;705;
93;43;1;2;1389;
46;35;1;2;33;
81;28;1;2;882;
10;34;1;2;705;
96;72;1;2;868;
14;48;1;2;1320;
22;98;1;2;704;
82;48;1;2;271;
44;73;1;2;949;
28;20;1;2;1702;
45;12;1;2;1300;
75;10;1;2;2203;
92;42;1;2;28;
83;51;1;2;2207;
28;99;1;2;1961;
76;64;1;2;492;
43;37;1;2;1352;
80;19;1;2;694;
0;1;5;3;
1;1;2;101;
2;1;42;224;
3;1;28;317;
4;1;35;402;
5;1;12;505;
6;1;45;637;
7;1;37;711;
8;1;37;825;
9;1;37;929;
10;1;38;1007;
11;1;42;1108;
12;1;5;1200;
13;1;39;1318;
14;1;15;1413;
15;1;18;1514;
16;1;23;1605;
17;1;23;1721;
18;1;42;1825;
19;1;3;1902;
20;1;44;2011;
21;1;21;2119;
22;1;19;2213;
23;1;12;2310;
24;1;49;2446;
25;1;23;2517;
26;1;20;2605;
27;1;38;2703;
28;1;1;2800;
29;1;14;2913;
30;1;37;3036;
31;1;38;3122;
32;1;2;3201;
33;1;24;3319;
34;1;11;3400;
35;1;23;3513;
36;1;43;3628;
37;1;43;3706;
38;1;5;3803;
39;1;20;3902;
40;1;4;4001;
41;1;40;4112;
42;1;10;4208;
43;1;50;4311;
44;1;6;4402;
45;1;29;4500;
46;1;45;4621;
47;1;50;4748;
48;1;28;4808;
49;1;46;4934;
