****3****
100
79;52;1;2;0;
50;19;1;2;0;
6;73;1;2;0;
43;47;1;2;0;
80;21;1;2;0;
43;32;1;2;0;
68;59;1;2;0;
42;33;1;2;0;
74;100;1;2;0;
65;28;1;2;0;
38;61;1;2;0;
64;67;1;2;0;
20;6;1;2;0;
47;32;1;2;0;
24;75;1;2;0;
91;55;1;2;0;
78;92;1;2;0;
25;83;1;2;0;
65;67;1;2;0;
82;44;1;2;0;
39;24;1;2;0;
28;6;1;2;0;
82;69;1;2;0;
38;8;1;2;0;
68;54;1;2;0;
87;57;1;2;0;
67;51;1;2;0;
24;86;1;2;0;
8;22;1;2;0;
69;84;1;2;0;
97;59;1;2;0;
90;26;1;2;0;
50;14;1;2;0;
9;66;1;2;0;
80;90;1;2;0;
62;18;1;2;0;
65;89;1;2;0;
76;99;1;2;0;
57;65;1;2;0;
6;77;1;2;0;
71;92;1;2;0;
33;37;1;2;0;
94;8;1;2;0;
74;54;1;2;0;
30;94;1;2;0;
89;78;1;2;0;
4;78;1;2;0;
3;5;1;2;0;
91;63;1;2;0;
71;22;1;2;0;
4;32;1;2;1786;
69;20;1;2;2271;
19;28;1;2;871;
24;56;1;2;1762;
67;41;1;2;1378;
13;48;1;2;689;
66;29;1;2;1489;
54;6;1;2;2184;
83;61;1;2;648;
73;23;1;2;1862;
94;27;1;2;173;
84;47;1;2;2283;
2;65;1;2;908;
36;40;1;2;1432;
40;6;1;2;1728;
32;70;1;2;1374;
49;35;1;2;1275;
59;40;1;2;2388;
24;22;1;2;1514;
93;46;1;2;589;
85;91;1;2;2372;
59;75;1;2;2145;
53;28;1;2;2161;
26;63;1;2;1015;
6;54;1;2;653;
75;37;1;2;1459;
95;85;1;2;582;
91;95;1;2;1586;
45;70;1;2;209;
11;14;1;2;2356;
100;98;1;2;68;
18;9;1;2;132;
83;61;1;2;2319;
11;38;1;2;1;
31;43;1;2;2443;
60;69;1;2;1017;
6;63;1;2;1418;
39;6;1;2;131;
64;2;1;2;1845;
14;65;1;2;2208;
57;16;1;2;579;
43;33;1;2;2138;
3;15;1;2;1666;
42;78;1;2;71;
95;60;1;2;1286;
1;19;1;2;2041;
43;24;1;2;1205;
73;15;1;2;61;
45;30;1;2;995;
38;43;1;2;518;
0;1;45;43;
1;1;31;124;
2;1;42;224;
3;1;15;305;
4;1;30;420;
5;1;38;526;
6;1;4;603;
7;1;16;700;
8;1;35;813;
9;1;39;919;
10;1;7;1003;
11;1;2;1100;
12;1;31;1221;
13;1;2;1301;
14;1;36;1409;
15;1;47;1539;
16;1;45;1601;
17;1;34;1701;
18;1;42;1821;
19;1;33;1906;
20;1;38;2001;
21;1;27;2102;
22;1;6;2203;
23;1;3;2302;
24;1;27;2404;
25;1;20;2504;
26;1;25;2620;
27;1;8;2704;
28;1;19;2800;
29;1;37;2927;
30;1;5;3004;
31;1;39;3109;
32;1;14;3203;
33;1;38;3318;
34;1;21;3409;
35;1;27;3505;
36;1;46;3618;
37;1;50;3702;
38;1;48;3803;
39;1;44;3921;
40;1;47;4040;
41;1;12;4100;
42;1;36;4200;
43;1;28;4301;
44;1;32;4409;
45;1;11;4505;
46;1;48;4628;
47;1;38;4730;
48;1;22;4816;
49;1;17;4913;
