****4****
100
50;95;1;2;0;
51;45;1;2;0;
49;52;1;2;0;
97;98;1;2;0;
55;90;1;2;0;
23;2;1;2;0;
55;37;1;2;0;
74;90;1;2;0;
57;51;1;2;0;
95;88;1;2;0;
16;55;1;2;0;
27;14;1;2;0;
55;66;1;2;0;
76;76;1;2;0;
42;45;1;2;0;
19;92;1;2;0;
39;69;1;2;0;
88;40;1;2;0;
72;37;1;2;0;
37;26;1;2;0;
78;12;1;2;0;
79;32;1;2;0;
48;53;1;2;0;
21;56;1;2;0;
55;67;1;2;0;
96;71;1;2;0;
21;22;1;2;0;
84;27;1;2;0;
88;11;1;2;0;
54;81;1;2;0;
55;72;1;2;0;
24;46;1;2;0;
92;12;1;2;0;
85;63;1;2;0;
100;73;1;2;0;
41;77;1;2;0;
84;19;1;2;0;
61;83;1;2;0;
23;81;1;2;0;
39;78;1;2;0;
48;34;1;2;0;
48;20;1;2;0;
7;83;1;2;0;
99;94;1;2;0;
45;52;1;2;0;
27;100;1;2;0;
76;50;1;2;0;
97;19;1;2;0;
13;81;1;2;0;
34;12;1;2;0;
5;74;1;2;1410;
89;44;1;2;405;
23;19;1;2;191;
13;96;1;2;115;
98;95;1;2;1894;
5;77;1;2;951;
50;21;1;2;2092;
76;72;1;2;65;
26;20;1;2;2178;
90;52;1;2;278;
2;57;1;2;624;
42;97;1;2;2268;
42;19;1;2;715;
74;84;1;2;1269;
6;81;1;2;2408;
9;37;1;2;39;
10;87;1;2;300;
62;14;1;2;419;
94;91;1;2;713;
92;81;1;2;1466;
75;34;1;2;949;
83;75;1;2;2472;
86;68;1;2;814;
8;41;1;2;998;
76;98;1;2;1568;
39;6;1;2;1428;
81;15;1;2;326;
44;29;1;2;1859;
31;22;1;2;930;
89;65;1;2;1250;
98;91;1;2;1192;
64;25;1;2;2168;
77;62;1;2;2080;
9;21;1;2;1123;
76;97;1;2;1915;
76;87;1;2;1350;
60;67;1;2;379;
82;63;1;2;1093;
17;93;1;2;1061;
43;33;1;2;2461;
1;30;1;2;567;
92;93;1;2;1011;
57;22;1;2;1057;
41;82;1;2;1426;
66;58;1;2;881;
40;85;1;2;1837;
19;44;1;2;1830;
65;25;1;2;1161;
91;93;1;2;251;
90;88;1;2;2314;
0;1;3;0;
1;1;36;129;
2;1;30;219;
3;1;37;318;
4;1;1;400;
5;1;29;524;
6;1;43;639;
7;1;42;723;
8;1;37;802;
9;1;3;902;
10;1;21;1019;
11;1;24;1102;
12;1;48;1217;
13;1;39;1333;
14;1;4;1401;
15;1;27;1521;
16;1;14;1603;
17;1;14;1704;
18;1;41;1825;
19;1;34;1913;
20;1;33;2020;
21;1;26;2122;
22;1;9;2208;
23;1;30;2326;
24;1;46;2437;
25;1;4;2501;
26;1;50;2626;
27;1;12;2700;
28;1;40;2829;
29;1;19;2901;
30;1;26;3000;
31;1;3;3100;
32;1;6;3201;
33;1;37;3301;
34;1;19;3403;
35;1;42;3523;
36;1;36;3608;
37;1;30;3703;
38;1;37;3807;
39;1;41;3900;
40;1;43;4018;
41;1;47;4117;
42;1;22;4209;
43;1;42;4324;
44;1;9;4408;
45;1;8;4503;
46;1;5;4604;
47;1;26;4712;
48;1;27;4807;
49;1;11;4902;
