****0****
100
62;3;1;2;0;
94;44;1;2;0;
54;60;1;2;0;
17;58;1;2;0;
44;38;1;2;0;
34;95;1;2;0;
24;18;1;2;0;
84;39;1;2;0;
49;80;1;2;0;
7;82;1;2;0;
99;67;1;2;0;
62;49;1;2;0;
26;50;1;2;0;
72;51;1;2;0;
85;16;1;2;0;
16;47;1;2;0;
19;61;1;2;0;
90;72;1;2;0;
20;6;1;2;0;
29;64;1;2;0;
96;14;1;2;0;
58;71;1;2;0;
31;94;1;2;0;
9;79;1;2;0;
73;16;1;2;0;
13;23;1;2;0;
82;26;1;2;0;
72;59;1;2;0;
75;43;1;2;0;
9;59;1;2;0;
10;76;1;2;0;
57;28;1;2;0;
88;98;1;2;0;
51;60;1;2;0;
56;32;1;2;0;
23;51;1;2;0;
45;32;1;2;0;
21;28;1;2;0;
77;82;1;2;0;
58;50;1;2;0;
97;70;1;2;0;
24;30;1;2;0;
95;95;1;2;0;
88;21;1;2;0;
89;49;1;2;0;
32;51;1;2;0;
24;40;1;2;0;
30;64;1;2;0;
38;81;1;2;0;
23;93;1;2;0;
64;97;1;2;2320;
8;80;1;2;1351;
87;57;1;2;1677;
45;58;1;2;1295;
14;81;1;2;422;
61;28;1;2;133;
33;68;1;2;357;
64;18;1;2;188;
56;48;1;2;2236;
93;80;1;2;1884;
37;43;1;2;39;
31;2;1;2;630;
97;89;1;2;2250;
45;85;1;2;941;
88;50;1;2;1306;
61;10;1;2;487;
73;95;1;2;96;
81;10;1;2;1311;
16;65;1;2;763;
15;57;1;2;2249;
35;93;1;2;669;
4;75;1;2;638;
52;72;1;2;598;
56;16;1;2;261;
17;55;1;2;1949;
58;15;1;2;129;
31;39;1;2;918;
19;71;1;2;1277;
76;87;1;2;217;
33;1;1;2;2123;
68;87;1;2;1787;
46;90;1;2;1527;
29;93;1;2;199;
100;48;1;2;1979;
55;64;1;2;664;
11;74;1;2;1677;
77;4;1;2;151;
37;74;1;2;1445;
59;49;1;2;749;
45;81;1;2;299;
87;1;1;2;1980;
26;46;1;2;832;
88;26;1;2;2489;
24;25;1;2;1698;
24;31;1;2;1905;
30;41;1;2;1912;
50;18;1;2;2211;
61;6;1;2;395;
43;64;1;2;278;
10;8;1;2;128;
0;1;30;16;
1;1;36;131;
2;1;22;216;
3;1;35;320;
4;1;8;402;
5;1;35;513;
6;1;17;609;
7;1;14;711;
8;1;39;815;
9;1;48;927;
10;1;23;1018;
11;1;3;1100;
12;1;33;1212;
13;1;44;1324;
14;1;4;1403;
15;1;22;1504;
16;1;50;1608;
17;1;22;1718;
18;1;43;1802;
19;1;36;1907;
20;1;37;2027;
21;1;35;2107;
22;1;31;2218;
23;1;24;2300;
24;1;6;2402;
25;1;10;2507;
26;1;49;2630;
27;1;8;2704;
28;1;8;2807;
29;1;20;2913;
30;1;7;3002;
31;1;48;3143;
32;1;2;3201;
33;1;30;3303;
34;1;32;3418;
35;1;46;3505;
36;1;36;3627;
37;1;23;3714;
38;1;30;3815;
39;1;38;3922;
40;1;17;4007;
41;1;14;4108;
42;1;11;4209;
43;1;50;4320;
44;1;27;4405;
45;1;34;4500;
46;1;11;4605;
47;1;40;4731;
48;1;4;4802;
49;1;6;4900;
