****19****
100
6;36;1;2;0;
61;27;1;2;0;
7;84;1;2;0;
73;16;1;2;0;
63;33;1;2;0;
97;72;1;2;0;
100;78;1;2;0;
17;56;1;2;0;
88;65;1;2;0;
82;60;1;2;0;
57;49;1;2;0;
14;6;1;2;0;
66;28;1;2;0;
73;79;1;2;0;
2;28;1;2;0;
51;59;1;2;0;
63;11;1;2;0;
85;22;1;2;0;
46;10;1;2;0;
37;8;1;2;0;
94;33;1;2;0;
32;93;1;2;0;
11;48;1;2;0;
48;50;1;2;0;
12;81;1;2;0;
9;68;1;2;0;
29;22;1;2;0;
25;94;1;2;0;
2;98;1;2;0;
24;55;1;2;0;
77;74;1;2;0;
13;40;1;2;0;
36;50;1;2;0;
61;81;1;2;0;
11;49;1;2;0;
41;4;1;2;0;
82;72;1;2;0;
97;44;1;2;0;
19;44;1;2;0;
93;31;1;2;0;
25;53;1;2;0;
50;5;1;2;0;
75;75;1;2;0;
99;28;1;2;0;
72;22;1;2;0;
82;48;1;2;0;
48;94;1;2;0;
39;35;1;2;0;
43;51;1;2;0;
68;5;1;2;0;
100;8;1;2;2096;
33;79;1;2;1380;
76;97;1;2;1966;
20;79;1;2;456;
72;29;1;2;2070;
98;55;1;2;1432;
25;78;1;2;233;
6;77;1;2;596;
52;68;1;2;1212;
94;18;1;2;1533;
51;69;1;2;1221;
59;53;1;2;1307;
63;28;1;2;1787;
62;99;1;2;2080;
38;71;1;2;1327;
18;68;1;2;1444;
96;93;1;2;1861;
47;50;1;2;1653;
46;1;1;2;1391;
31;47;1;2;1448;
31;97;1;2;1716;
90;55;1;2;1992;
27;69;1;2;1037;
12;30;1;2;1114;
28;19;1;2;44;
24;36;1;2;1511;
74;83;1;2;2180;
1;82;1;2;23;
57;79;1;2;813;
79;9;1;2;2102;
19;91;1;2;1627;
32;80;1;2;1480;
45;6;1;2;546;
37;69;1;2;788;
28;97;1;2;162;
41;20;1;2;744;
74;46;1;2;1463;
50;46;1;2;53;
76;54;1;2;2114;
3;85;1;2;1357;
27;55;1;2;1814;
48;86;1;2;2209;
74;30;1;2;1344;
69;67;1;2;1013;
45;46;1;2;790;
91;39;1;2;2008;
73;12;1;2;1108;
90;61;1;2;2454;
39;89;1;2;197;
67;91;1;2;732;
0;1;2;0;
1;1;37;116;
2;1;18;205;
3;1;36;317;
4;1;2;401;
5;1;12;505;
6;1;32;621;
7;1;15;706;
8;1;48;820;
9;1;11;909;
10;1;16;1005;
11;1;14;1102;
12;1;2;1201;
13;1;17;1301;
14;1;18;1414;
15;1;31;1525;
16;1;27;1609;
17;1;49;1714;
18;1;40;1813;
19;1;38;1914;
20;1;33;2013;
21;1;14;2113;
22;1;10;2208;
23;1;27;2301;
24;1;33;2424;
25;1;31;2506;
26;1;47;2638;
27;1;29;2721;
28;1;48;2816;
29;1;48;2934;
30;1;5;3002;
31;1;36;3112;
32;1;48;3211;
33;1;27;3323;
34;1;22;3413;
35;1;32;3511;
36;1;18;3617;
37;1;22;3710;
38;1;26;3803;
39;1;36;3913;
40;1;37;4033;
41;1;10;4104;
42;1;14;4205;
43;1;32;4306;
44;1;34;4429;
45;1;27;4506;
46;1;9;4606;
47;1;23;4700;
48;1;50;4848;
49;1;46;4922;
