****8****
100
41;84;1;2;0;
42;82;1;2;0;
38;19;1;2;0;
69;38;1;2;0;
40;52;1;2;0;
68;63;1;2;0;
40;100;1;2;0;
63;24;1;2;0;
5;30;1;2;0;
44;90;1;2;0;
31;35;1;2;0;
26;97;1;2;0;
24;74;1;2;0;
87;28;1;2;0;
80;41;1;2;0;
80;20;1;2;0;
76;22;1;2;0;
53;65;1;2;0;
92;73;1;2;0;
2;31;1;2;0;
25;70;1;2;0;
93;16;1;2;0;
69;56;1;2;0;
91;25;1;2;0;
37;35;1;2;0;
14;68;1;2;0;
69;39;1;2;0;
64;44;1;2;0;
65;3;1;2;0;
71;44;1;2;0;
95;2;1;2;0;
15;71;1;2;0;
75;20;1;2;0;
35;67;1;2;0;
92;89;1;2;0;
97;68;1;2;0;
58;42;1;2;0;
84;78;1;2;0;
49;74;1;2;0;
2;85;1;2;0;
60;68;1;2;0;
52;28;1;2;0;
58;68;1;2;0;
71;22;1;2;0;
22;93;1;2;0;
65;16;1;2;0;
95;32;1;2;0;
38;69;1;2;0;
51;73;1;2;0;
35;42;1;2;0;
61;84;1;2;2159;
70;77;1;2;2164;
99;25;1;2;560;
52;61;1;2;2483;
19;65;1;2;172;
77;84;1;2;2408;
98;5;1;2;1802;
15;20;1;2;1065;
46;58;1;2;1928;
96;82;1;2;158;
89;94;1;2;2431;
50;15;1;2;2411;
94;13;1;2;2400;
64;64;1;2;1989;
93;83;1;2;1806;
1;11;1;2;1418;
32;8;1;2;1309;
56;22;1;2;350;
25;67;1;2;1029;
63;14;1;2;605;
88;3;1;2;1171;
47;52;1;2;1453;
31;98;1;2;1798;
42;13;1;2;2482;
14;5;1;2;1354;
50;57;1;2;2124;
69;41;1;2;1423;
44;48;1;2;2203;
91;72;1;2;1006;
94;35;1;2;760;
31;74;1;2;229;
12;20;1;2;1572;
56;2;1;2;1954;
15;44;1;2;1935;
38;57;1;2;1499;
95;59;1;2;819;
62;79;1;2;2306;
89;23;1;2;262;
37;65;1;2;750;
55;58;1;2;701;
35;40;1;2;273;
21;52;1;2;1900;
11;7;1;2;491;
97;73;1;2;951;
96;11;1;2;267;
50;57;1;2;244;
13;19;1;2;2302;
16;59;1;2;250;
66;95;1;2;1941;
88;1;1;2;904;
0;1;45;2;
1;1;29;122;
2;1;8;203;
3;1;28;313;
4;1;38;402;
5;1;15;500;
6;1;28;601;
7;1;23;721;
8;1;11;808;
9;1;48;915;
10;1;1;1000;
11;1;39;1134;
12;1;7;1206;
13;1;5;1302;
14;1;42;1401;
15;1;29;1501;
16;1;43;1616;
17;1;17;1701;
18;1;39;1836;
19;1;20;1908;
20;1;27;2000;
21;1;41;2131;
22;1;47;2244;
23;1;38;2312;
24;1;45;2444;
25;1;30;2515;
26;1;25;2618;
27;1;4;2700;
28;1;25;2810;
29;1;23;2910;
30;1;16;3000;
31;1;5;3104;
32;1;10;3201;
33;1;11;3301;
34;1;17;3413;
35;1;29;3524;
36;1;17;3609;
37;1;48;3732;
38;1;33;3808;
39;1;20;3916;
40;1;21;4016;
41;1;24;4109;
42;1;21;4200;
43;1;30;4304;
44;1;40;4431;
45;1;12;4510;
46;1;3;4600;
47;1;16;4707;
48;1;40;4825;
49;1;14;4903;
