****9****
100
8;92;1;2;0;
53;74;1;2;0;
12;52;1;2;0;
39;94;1;2;0;
91;60;1;2;0;
23;61;1;2;0;
60;96;1;2;0;
58;31;1;2;0;
75;88;1;2;0;
75;14;1;2;0;
39;37;1;2;0;
20;43;1;2;0;
5;35;1;2;0;
7;96;1;2;0;
61;20;1;2;0;
5;20;1;2;0;
64;9;1;2;0;
45;75;1;2;0;
13;83;1;2;0;
21;3;1;2;0;
94;43;1;2;0;
63;54;1;2;0;
90;73;1;2;0;
36;65;1;2;0;
60;62;1;2;0;
30;50;1;2;0;
50;50;1;2;0;
93;6;1;2;0;
84;99;1;2;0;
1;44;1;2;0;
70;58;1;2;0;
15;85;1;2;0;
66;60;1;2;0;
60;78;1;2;0;
94;32;1;2;0;
80;88;1;2;0;
26;95;1;2;0;
93;15;1;2;0;
67;28;1;2;0;
31;78;1;2;0;
41;61;1;2;0;
27;43;1;2;0;
10;19;1;2;0;
48;93;1;2;0;
69;1;1;2;0;
89;39;1;2;0;
58;3;1;2;0;
23;75;1;2;0;
14;34;1;2;0;
53;8;1;2;0;
65;84;1;2;970;
90;30;1;2;2085;
57;96;1;2;265;
87;73;1;2;2161;
47;100;1;2;1608;
56;70;1;2;312;
1;39;1;2;530;
41;77;1;2;129;
95;51;1;2;856;
9;37;1;2;1642;
68;1;1;2;1517;
14;43;1;2;1954;
52;99;1;2;773;
69;85;1;2;2470;
78;84;1;2;1791;
30;91;1;2;797;
29;91;1;2;2361;
80;83;1;2;1708;
36;78;1;2;122;
18;38;1;2;1154;
5;5;1;2;1860;
75;18;1;2;925;
74;21;1;2;178;
21;41;1;2;823;
41;18;1;2;2332;
11;99;1;2;1102;
3;79;1;2;977;
81;58;1;2;238;
39;45;1;2;2490;
48;63;1;2;1954;
92;19;1;2;1445;
89;93;1;2;1937;
28;18;1;2;513;
17;39;1;2;2438;
91;31;1;2;2374;
47;93;1;2;1931;
46;96;1;2;1421;
36;28;1;2;1376;
60;19;1;2;1927;
61;66;1;2;1429;
51;9;1;2;1526;
45;50;1;2;1236;
56;29;1;2;11;
91;46;1;2;1128;
14;36;1;2;2056;
6;34;1;2;2083;
49;32;1;2;2011;
71;19;1;2;1700;
50;78;1;2;356;
73;90;1;2;605;
0;1;11;5;
1;1;4;101;
2;1;34;200;
3;1;16;310;
4;1;32;414;
5;1;31;517;
6;1;42;633;
7;1;14;702;
8;1;3;802;
9;1;14;911;
10;1;30;1024;
11;1;24;1103;
12;1;3;1202;
13;1;27;1315;
14;1;45;1430;
15;1;24;1500;
16;1;7;1600;
17;1;23;1710;
18;1;30;1829;
19;1;32;1902;
20;1;26;2019;
21;1;41;2100;
22;1;9;2203;
23;1;1;2300;
24;1;4;2403;
25;1;15;2508;
26;1;8;2605;
27;1;33;2710;
28;1;12;2801;
29;1;40;2937;
30;1;27;3006;
31;1;15;3105;
32;1;42;3232;
33;1;25;3322;
34;1;30;3408;
35;1;37;3520;
36;1;22;3600;
37;1;23;3704;
38;1;32;3826;
39;1;44;3934;
40;1;38;4009;
41;1;22;4119;
42;1;49;4201;
43;1;7;4302;
44;1;16;4406;
45;1;19;4512;
46;1;15;4602;
47;1;29;4708;
48;1;23;4808;
49;1;30;4901;
