****2****
100
91;2;1;2;0;
82;70;1;2;0;
53;67;1;2;0;
96;75;1;2;0;
64;2;1;2;0;
78;85;1;2;0;
98;2;1;2;0;
77;77;1;2;0;
37;45;1;2;0;
84;71;1;2;0;
72;79;1;2;0;
60;5;1;2;0;
11;57;1;2;0;
8;35;1;2;0;
64;65;1;2;0;
16;55;1;2;0;
66;50;1;2;0;
24;70;1;2;0;
16;72;1;2;0;
44;79;1;2;0;
73;73;1;2;0;
63;70;1;2;0;
75;92;1;2;0;
98;63;1;2;0;
36;82;1;2;0;
34;7;1;2;0;
12;45;1;2;0;
63;23;1;2;0;
2;71;1;2;0;
9;17;1;2;0;
35;24;1;2;0;
23;52;1;2;0;
73;99;1;2;0;
73;40;1;2;0;
70;68;1;2;0;
18;42;1;2;0;
41;33;1;2;0;
63;67;1;2;0;
24;60;1;2;0;
29;11;1;2;0;
93;14;1;2;0;
18;5;1;2;0;
11;32;1;2;0;
27;64;1;2;0;
54;35;1;2;0;
80;40;1;2;0;
10;3;1;2;0;
91;35;1;2;0;
1;15;1;2;0;
74;70;1;2;0;
83;44;1;2;1541;
23;76;1;2;2004;
89;51;1;2;1123;
69;61;1;2;21;
35;30;1;2;2297;
45;14;1;2;2386;
8;67;1;2;550;
87;7;1;2;1305;
41;49;1;2;1179;
93;64;1;2;2049;
14;46;1;2;1832;
76;20;1;2;12;
100;8;1;2;2427;
84;28;1;2;1423;
12;62;1;2;1610;
44;58;1;2;474;
2;65;1;2;624;
98;4;1;2;620;
55;96;1;2;942;
47;89;1;2;225;
12;2;1;2;1223;
72;78;1;2;2016;
59;29;1;2;1143;
96;12;1;2;1848;
45;75;1;2;41;
24;18;1;2;1268;
68;71;1;2;2233;
79;20;1;2;1391;
95;75;1;2;715;
60;21;1;2;2139;
40;84;1;2;1898;
65;55;1;2;1528;
61;13;1;2;536;
64;60;1;2;47;
47;4;1;2;82;
43;28;1;2;437;
96;47;1;2;1001;
14;25;1;2;2324;
87;20;1;2;710;
56;31;1;2;2341;
64;71;1;2;1765;
74;87;1;2;816;
13;48;1;2;2007;
81;63;1;2;262;
12;61;1;2;2008;
17;55;1;2;1355;
40;51;1;2;1278;
86;16;1;2;2402;
3;3;1;2;349;
42;10;1;2;1061;
0;1;3;2;
1;1;47;128;
2;1;49;227;
3;1;45;337;
4;1;34;400;
5;1;43;521;
6;1;30;623;
7;1;11;702;
8;1;21;809;
9;1;10;901;
10;1;16;1013;
11;1;49;1137;
12;1;38;1226;
13;1;35;1328;
14;1;44;1403;
15;1;12;1509;
16;1;21;1617;
17;1;44;1730;
18;1;44;1809;
19;1;35;1904;
20;1;48;2007;
21;1;28;2100;
22;1;33;2230;
23;1;35;2309;
24;1;3;2402;
25;1;17;2509;
26;1;7;2605;
27;1;1;2700;
28;1;20;2806;
29;1;31;2925;
30;1;33;3014;
31;1;11;3106;
32;1;1;3200;
33;1;27;3314;
34;1;46;3416;
35;1;26;3514;
36;1;40;3602;
37;1;22;3714;
38;1;42;3827;
39;1;29;3904;
40;1;3;4000;
41;1;14;4100;
42;1;14;4213;
43;1;6;4300;
44;1;3;4400;
45;1;47;4503;
46;1;30;4606;
47;1;41;4734;
48;1;13;4801;
49;1;27;4924;
