****13****
100
37;4;1;2;0;
80;43;1;2;0;
87;98;1;2;0;
68;1;1;2;0;
98;70;1;2;0;
37;5;1;2;0;
98;52;1;2;0;
67;30;1;2;0;
58;62;1;2;0;
58;70;1;2;0;
87;85;1;2;0;
46;73;1;2;0;
23;13;1;2;0;
93;16;1;2;0;
84;3;1;2;0;
78;72;1;2;0;
6;10;1;2;0;
14;92;1;2;0;
7;33;1;2;0;
93;57;1;2;0;
2;81;1;2;0;
61;52;1;2;0;
32;79;1;2;0;
81;89;1;2;0;
41;38;1;2;0;
58;27;1;2;0;
23;3;1;2;0;
99;45;1;2;0;
15;91;1;2;0;
12;50;1;2;0;
93;90;1;2;0;
73;99;1;2;0;
99;39;1;2;0;
42;57;1;2;0;
71;86;1;2;0;
13;25;1;2;0;
66;25;1;2;0;
76;97;1;2;0;
4;56;1;2;0;
37;44;1;2;0;
45;46;1;2;0;
70;19;1;2;0;
48;20;1;2;0;
15;15;1;2;0;
11;27;1;2;0;
16;55;1;2;0;
16;89;1;2;0;
5;66;1;2;0;
27;47;1;2;0;
22;49;1;2;0;
84;87;1;2;437;
50;11;1;2;1680;
98;14;1;2;1386;
35;9;1;2;60;
80;30;1;2;2122;
80;50;1;2;1880;
46;12;1;2;2402;
61;66;1;2;1590;
1;23;1;2;1497;
27;21;1;2;1210;
28;4;1;2;1393;
100;53;1;2;1712;
48;51;1;2;1838;
54;37;1;2;695;
5;68;1;2;1833;
75;47;1;2;1609;
59;92;1;2;2179;
21;5;1;2;1316;
98;5;1;2;1351;
92;84;1;2;1664;
7;11;1;2;801;
9;10;1;2;1792;
73;9;1;2;2310;
2;63;1;2;1736;
40;67;1;2;543;
60;41;1;2;1674;
28;51;1;2;1393;
60;71;1;2;2044;
9;20;1;2;2053;
80;11;1;2;2062;
23;18;1;2;2163;
69;26;1;2;294;
20;50;1;2;638;
21;51;1;2;2077;
62;91;1;2;2176;
19;2;1;2;556;
26;81;1;2;1598;
24;92;1;2;201;
79;100;1;2;458;
38;31;1;2;1369;
32;5;1;2;1638;
84;74;1;2;162;
49;45;1;2;1154;
23;18;1;2;1452;
11;79;1;2;1754;
66;49;1;2;1394;
65;74;1;2;1980;
14;50;1;2;692;
86;28;1;2;1351;
78;17;1;2;304;
0;1;30;17;
1;1;2;100;
2;1;33;220;
3;1;47;340;
4;1;21;411;
5;1;4;503;
6;1;39;606;
7;1;19;712;
8;1;31;802;
9;1;19;916;
10;1;41;1031;
11;1;11;1103;
12;1;5;1200;
13;1;19;1318;
14;1;23;1410;
15;1;17;1514;
16;1;32;1603;
17;1;2;1701;
18;1;46;1805;
19;1;46;1906;
20;1;41;2011;
21;1;8;2105;
22;1;17;2215;
23;1;8;2300;
24;1;43;2428;
25;1;46;2502;
26;1;18;2603;
27;1;24;2701;
28;1;1;2800;
29;1;42;2935;
30;1;28;3021;
31;1;29;3121;
32;1;30;3220;
33;1;24;3314;
34;1;30;3410;
35;1;47;3508;
36;1;22;3612;
37;1;50;3737;
38;1;32;3820;
39;1;36;3923;
40;1;34;4006;
41;1;10;4100;
42;1;36;4232;
43;1;24;4320;
44;1;28;4424;
45;1;16;4506;
46;1;25;4618;
47;1;15;4705;
48;1;24;4819;
49;1;32;4905;
