****1****
100
86;51;1;2;0;
5;21;1;2;0;
82;27;1;2;0;
91;13;1;2;0;
24;28;1;2;0;
49;42;1;2;0;
77;65;1;2;0;
9;90;1;2;0;
88;8;1;2;0;
60;66;1;2;0;
76;43;1;2;0;
98;38;1;2;0;
75;89;1;2;0;
50;81;1;2;0;
59;7;1;2;0;
17;44;1;2;0;
57;73;1;2;0;
17;90;1;2;0;
51;7;1;2;0;
3;75;1;2;0;
34;51;1;2;0;
16;63;1;2;0;
15;76;1;2;0;
52;54;1;2;0;
83;11;1;2;0;
19;10;1;2;0;
5;68;1;2;0;
48;31;1;2;0;
56;49;1;2;0;
11;15;1;2;0;
55;28;1;2;0;
10;63;1;2;0;
52;26;1;2;0;
52;3;1;2;0;
84;6;1;2;0;
77;18;1;2;0;
9;44;1;2;0;
32;75;1;2;0;
20;83;1;2;0;
29;54;1;2;0;
45;99;1;2;0;
16;49;1;2;0;
67;15;1;2;0;
79;74;1;2;0;
63;90;1;2;0;
40;69;1;2;0;
69;50;1;2;0;
31;20;1;2;0;
75;34;1;2;0;
22;11;1;2;0;
40;50;1;2;212;
100;94;1;2;2308;
74;65;1;2;474;
2;18;1;2;1915;
53;33;1;2;124;
19;99;1;2;2196;
44;61;1;2;1453;
84;29;1;2;2249;
33;11;1;2;1183;
59;45;1;2;749;
69;36;1;2;799;
48;35;1;2;124;
10;8;1;2;172;
2;62;1;2;820;
90;14;1;2;874;
26;84;1;2;1134;
41;27;1;2;30;
48;62;1;2;1473;
24;94;1;2;171;
71;5;1;2;384;
91;73;1;2;1689;
13;73;1;2;1371;
80;82;1;2;1213;
59;36;1;2;1859;
60;25;1;2;1585;
93;51;1;2;2142;
24;43;1;2;842;
68;90;1;2;519;
41;13;1;2;1782;
24;35;1;2;1933;
3;78;1;2;1341;
69;90;1;2;219;
69;70;1;2;873;
76;80;1;2;1279;
97;39;1;2;853;
82;83;1;2;2221;
3;7;1;2;76;
2;74;1;2;876;
10;66;1;2;1869;
16;41;1;2;1739;
74;95;1;2;1232;
9;63;1;2;1151;
15;31;1;2;1621;
55;7;1;2;313;
78;55;1;2;551;
30;36;1;2;710;
31;90;1;2;1919;
75;91;1;2;1713;
60;53;1;2;1565;
9;68;1;2;1646;
0;1;43;21;
1;1;11;107;
2;1;2;200;
3;1;7;302;
4;1;6;405;
5;1;23;516;
6;1;37;603;
7;1;18;704;
8;1;31;805;
9;1;11;901;
10;1;45;1039;
11;1;38;1134;
12;1;6;1200;
13;1;39;1326;
14;1;7;1403;
15;1;49;1546;
16;1;2;1600;
17;1;5;1704;
18;1;35;1822;
19;1;22;1917;
20;1;45;2013;
21;1;5;2100;
22;1;48;2227;
23;1;13;2312;
24;1;29;2424;
25;1;41;2503;
26;1;19;2605;
27;1;9;2703;
28;1;28;2823;
29;1;7;2903;
30;1;6;3000;
31;1;38;3112;
32;1;19;3206;
33;1;11;3300;
34;1;7;3403;
35;1;45;3535;
36;1;28;3611;
37;1;33;3720;
38;1;23;3809;
39;1;4;3902;
40;1;22;4012;
41;1;25;4115;
42;1;28;4223;
43;1;17;4302;
44;1;33;4409;
45;1;44;4533;
46;1;34;4606;
47;1;46;4729;
48;1;24;4819;
49;1;7;4904;
