****5****
100
84;4;1;2;0;
50;19;1;2;0;
72;30;1;2;0;
14;60;1;2;0;
41;6;1;2;0;
91;83;1;2;0;
1;39;1;2;0;
77;74;1;2;0;
50;18;1;2;0;
87;58;1;2;0;
30;94;1;2;0;
94;37;1;2;0;
55;69;1;2;0;
1;31;1;2;0;
33;61;1;2;0;
29;68;1;2;0;
16;31;1;2;0;
38;87;1;2;0;
60;51;1;2;0;
98;52;1;2;0;
9;40;1;2;0;
34;61;1;2;0;
30;10;1;2;0;
35;79;1;2;0;
80;21;1;2;0;
36;9;1;2;0;
66;81;1;2;0;
97;20;1;2;0;
50;97;1;2;0;
2;34;1;2;0;
9;30;1;2;0;
53;24;1;2;0;
12;90;1;2;0;
62;71;1;2;0;
92;59;1;2;0;
22;52;1;2;0;
98;8;1;2;0;
13;27;1;2;0;
69;47;1;2;0;
5;48;1;2;0;
19;93;1;2;0;
9;84;1;2;0;
73;5;1;2;0;
55;74;1;2;0;
2;56;1;2;0;
59;10;1;2;0;
37;11;1;2;0;
86;49;1;2;0;
52;47;1;2;0;
71;44;1;2;0;
58;45;1;2;257;
7;4;1;2;198;
86;72;1;2;690;
90;20;1;2;1454;
34;80;1;2;117;
59;84;1;2;2006;
32;37;1;2;1609;
91;99;1;2;1643;
53;84;1;2;1735;
5;82;1;2;156;
48;91;1;2;428;
94;98;1;2;1420;
53;83;1;2;1477;
9;24;1;2;677;
36;58;1;2;637;
45;16;1;2;1081;
61;99;1;2;1196;
31;41;1;2;2021;
90;94;1;2;1595;
49;98;1;2;937;
31;97;1;2;1027;
8;90;1;2;2209;
89;94;1;2;985;
41;3;1;2;2425;
12;38;1;2;2392;
14;34;1;2;172;
51;94;1;2;1409;
25;77;1;2;1367;
97;18;1;2;137;
4;19;1;2;1796;
45;1;1;2;2317;
76;8;1;2;1962;
56;96;1;2;926;
18;36;1;2;2404;
3;99;1;2;347;
50;64;1;2;2376;
11;15;1;2;496;
23;39;1;2;1320;
76;88;1;2;1487;
73;43;1;2;234;
68;87;1;2;217;
10;14;1;2;1868;
42;21;1;2;1607;
68;38;1;2;911;
99;93;1;2;459;
68;42;1;2;892;
22;4;1;2;788;
21;79;1;2;1347;
97;6;1;2;2086;
42;78;1;2;2101;
0;1;5;4;
1;1;45;122;
2;1;7;204;
3;1;40;307;
4;1;31;401;
5;1;17;507;
6;1;20;605;
7;1;12;709;
8;1;35;824;
9;1;49;933;
10;1;9;1004;
11;1;26;1108;
12;1;11;1203;
13;1;44;1309;
14;1;15;1405;
15;1;31;1507;
16;1;18;1600;
17;1;38;1715;
18;1;37;1806;
19;1;23;1902;
20;1;41;2014;
21;1;36;2135;
22;1;7;2205;
23;1;39;2337;
24;1;4;2401;
25;1;48;2521;
26;1;22;2618;
27;1;2;2701;
28;1;49;2800;
29;1;9;2907;
30;1;18;3002;
31;1;36;3132;
32;1;16;3204;
33;1;12;3311;
34;1;4;3401;
35;1;20;3506;
36;1;25;3606;
37;1;8;3704;
38;1;8;3802;
39;1;25;3911;
40;1;34;4027;
41;1;27;4119;
42;1;49;4222;
43;1;40;4316;
44;1;27;4403;
45;1;13;4507;
46;1;40;4627;
47;1;32;4708;
48;1;23;4808;
49;1;10;4907;
