****7****
100
36;80;1;2;0;
94;81;1;2;0;
41;87;1;2;0;
2;58;1;2;0;
68;85;1;2;0;
33;62;1;2;0;
89;37;1;2;0;
93;17;1;2;0;
4;81;1;2;0;
94;23;1;2;0;
56;80;1;2;0;
76;59;1;2;0;
22;87;1;2;0;
82;99;1;2;0;
46;73;1;2;0;
7;81;1;2;0;
5;53;1;2;0;
14;97;1;2;0;
39;15;1;2;0;
54;6;1;2;0;
100;38;1;2;0;
19;40;1;2;0;
27;64;1;2;0;
8;30;1;2;0;
44;53;1;2;0;
4;100;1;2;0;
84;31;1;2;0;
58;6;1;2;0;
70;92;1;2;0;
4;15;1;2;0;
16;62;1;2;0;
47;20;1;2;0;
14;60;1;2;0;
16;52;1;2;0;
27;22;1;2;0;
10;78;1;2;0;
11;80;1;2;0;
69;37;1;2;0;
43;76;1;2;0;
18;87;1;2;0;
80;22;1;2;0;
86;64;1;2;0;
4;95;1;2;0;
69;73;1;2;0;
86;24;1;2;0;
39;2;1;2;0;
85;86;1;2;0;
73;99;1;2;0;
45;41;1;2;0;
2;23;1;2;0;
62;11;1;2;429;
72;43;1;2;1172;
61;85;1;2;1314;
78;23;1;2;67;
51;60;1;2;1692;
7;55;1;2;1147;
79;92;1;2;490;
18;45;1;2;260;
55;18;1;2;1477;
51;58;1;2;425;
74;71;1;2;451;
73;94;1;2;768;
93;6;1;2;131;
87;84;1;2;185;
61;86;1;2;1400;
50;92;1;2;517;
7;23;1;2;1972;
87;40;1;2;257;
4;94;1;2;1106;
18;44;1;2;1807;
34;69;1;2;943;
13;94;1;2;2327;
85;86;1;2;8;
90;72;1;2;306;
70;85;1;2;2445;
9;86;1;2;55;
2;93;1;2;4;
38;31;1;2;988;
19;34;1;2;2390;
17;4;1;2;150;
24;37;1;2;974;
1;1;1;2;290;
24;86;1;2;1772;
52;27;1;2;1734;
15;96;1;2;244;
15;56;1;2;1495;
59;9;1;2;1633;
73;47;1;2;1146;
30;17;1;2;300;
80;34;1;2;569;
26;9;1;2;2378;
92;62;1;2;1182;
51;37;1;2;247;
95;40;1;2;2205;
10;6;1;2;2245;
14;20;1;2;1765;
3;79;1;2;1286;
36;3;1;2;280;
47;33;1;2;1505;
44;64;1;2;1068;
0;1;44;4;
1;1;23;107;
2;1;32;201;
3;1;24;305;
4;1;22;419;
5;1;26;516;
6;1;2;601;
7;1;18;713;
8;1;3;800;
9;1;10;906;
10;1;19;1015;
11;1;42;1115;
12;1;38;1217;
13;1;6;1301;
14;1;34;1420;
15;1;32;1508;
16;1;12;1611;
17;1;13;1706;
18;1;41;1829;
19;1;29;1900;
20;1;37;2029;
21;1;26;2122;
22;1;43;2225;
23;1;42;2316;
24;1;31;2430;
25;1;3;2501;
26;1;28;2603;
27;1;23;2703;
28;1;36;2835;
29;1;33;2903;
30;1;50;3015;
31;1;49;3133;
32;1;23;3218;
33;1;8;3304;
34;1;1;3400;
35;1;30;3527;
36;1;41;3625;
37;1;28;3715;
38;1;49;3847;
39;1;34;3930;
40;1;24;4008;
41;1;32;4128;
42;1;34;4211;
43;1;16;4300;
44;1;35;4429;
45;1;39;4527;
46;1;17;4613;
47;1;47;4702;
48;1;3;4802;
49;1;5;4902;
