****11****
100
39;13;1;2;0;
67;15;1;2;0;
56;76;1;2;0;
14;68;1;2;0;
62;37;1;2;0;
29;69;1;2;0;
35;97;1;2;0;
58;65;1;2;0;
73;99;1;2;0;
37;83;1;2;0;
57;92;1;2;0;
85;6;1;2;0;
92;59;1;2;0;
43;43;1;2;0;
16;77;1;2;0;
62;54;1;2;0;
89;28;1;2;0;
20;44;1;2;0;
56;34;1;2;0;
64;69;1;2;0;
22;44;1;2;0;
37;8;1;2;0;
40;94;1;2;0;
72;65;1;2;0;
92;60;1;2;0;
47;100;1;2;0;
3;31;1;2;0;
57;46;1;2;0;
41;100;1;2;0;
89;9;1;2;0;
76;50;1;2;0;
62;16;1;2;0;
30;82;1;2;0;
11;37;1;2;0;
67;74;1;2;0;
5;88;1;2;0;
17;42;1;2;0;
95;9;1;2;0;
87;18;1;2;0;
73;31;1;2;0;
30;71;1;2;0;
82;32;1;2;0;
1;39;1;2;0;
78;94;1;2;0;
90;66;1;2;0;
2;65;1;2;0;
67;15;1;2;0;
32;48;1;2;0;
96;42;1;2;0;
84;62;1;2;0;
16;41;1;2;551;
84;82;1;2;138;
92;20;1;2;328;
16;50;1;2;1677;
86;84;1;2;369;
39;22;1;2;289;
32;11;1;2;2018;
85;27;1;2;2374;
99;58;1;2;940;
47;51;1;2;1410;
60;66;1;2;1472;
13;50;1;2;4;
59;93;1;2;1926;
75;9;1;2;1701;
72;94;1;2;350;
49;32;1;2;1013;
54;15;1;2;2193;
77;51;1;2;955;
18;2;1;2;1996;
6;48;1;2;749;
30;59;1;2;2009;
94;23;1;2;1702;
91;82;1;2;1361;
8;8;1;2;1480;
26;32;1;2;2038;
27;80;1;2;2048;
1;85;1;2;1417;
37;61;1;2;1786;
99;78;1;2;2148;
18;36;1;2;1072;
39;65;1;2;2487;
78;59;1;2;1941;
66;1;1;2;2077;
99;8;1;2;722;
39;85;1;2;2053;
25;63;1;2;1438;
95;63;1;2;1673;
79;99;1;2;2275;
13;97;1;2;616;
49;66;1;2;139;
83;57;1;2;2254;
80;34;1;2;931;
48;100;1;2;1176;
48;98;1;2;2416;
8;88;1;2;1352;
99;65;1;2;833;
21;59;1;2;1872;
28;37;1;2;1666;
47;49;1;2;1168;
95;49;1;2;2378;
0;1;29;17;
1;1;1;100;
2;1;13;208;
3;1;39;312;
4;1;35;426;
5;1;8;501;
6;1;15;604;
7;1;22;711;
8;1;16;809;
9;1;33;922;
10;1;46;1029;
11;1;13;1106;
12;1;42;1206;
13;1;30;1328;
14;1;8;1400;
15;1;15;1502;
16;1;12;1604;
17;1;16;1705;
18;1;50;1805;
19;1;36;1922;
20;1;2;2000;
21;1;20;2118;
22;1;9;2203;
23;1;36;2323;
24;1;28;2413;
25;1;10;2502;
26;1;31;2612;
27;1;6;2700;
28;1;37;2825;
29;1;45;2938;
30;1;16;3010;
31;1;33;3115;
32;1;25;3224;
33;1;4;3303;
34;1;5;3403;
35;1;10;3505;
36;1;33;3619;
37;1;24;3703;
38;1;24;3816;
39;1;17;3914;
40;1;32;4009;
41;1;26;4102;
42;1;2;4201;
43;1;39;4304;
44;1;21;4403;
45;1;33;4520;
46;1;41;4601;
47;1;16;4702;
48;1;16;4802;
49;1;42;4913;
