****18****
100
94;52;1;2;0;
71;56;1;2;0;
4;28;1;2;0;
99;32;1;2;0;
51;45;1;2;0;
3;56;1;2;0;
12;28;1;2;0;
30;62;1;2;0;
90;84;1;2;0;
16;70;1;2;0;
97;38;1;2;0;
91;84;1;2;0;
26;22;1;2;0;
65;92;1;2;0;
29;79;1;2;0;
17;74;1;2;0;
30;87;1;2;0;
29;33;1;2;0;
66;80;1;2;0;
17;16;1;2;0;
76;19;1;2;0;
23;87;1;2;0;
46;5;1;2;0;
100;36;1;2;0;
40;67;1;2;0;
5;37;1;2;0;
4;47;1;2;0;
20;29;1;2;0;
20;84;1;2;0;
73;100;1;2;0;
14;89;1;2;0;
74;44;1;2;0;
27;54;1;2;0;
28;92;1;2;0;
33;44;1;2;0;
60;8;1;2;0;
62;34;1;2;0;
47;60;1;2;0;
90;46;1;2;0;
95;30;1;2;0;
65;51;1;2;0;
18;68;1;2;0;
49;37;1;2;0;
49;68;1;2;0;
72;73;1;2;0;
20;86;1;2;0;
61;93;1;2;0;
81;39;1;2;0;
46;60;1;2;0;
82;79;1;2;0;
4;93;1;2;2030;
17;79;1;2;333;
28;68;1;2;2225;
74;49;1;2;1340;
24;66;1;2;1823;
24;54;1;2;610;
92;78;1;2;1444;
11;15;1;2;1025;
55;47;1;2;1324;
52;6;1;2;459;
82;61;1;2;1051;
20;30;1;2;812;
55;57;1;2;983;
36;31;1;2;403;
33;6;1;2;1733;
98;30;1;2;1285;
14;73;1;2;2138;
51;35;1;2;1480;
51;89;1;2;677;
38;40;1;2;1041;
10;22;1;2;717;
22;93;1;2;1095;
65;47;1;2;1142;
75;83;1;2;825;
85;15;1;2;1061;
61;64;1;2;1195;
43;78;1;2;2136;
1;80;1;2;955;
74;30;1;2;399;
44;67;1;2;1401;
68;76;1;2;528;
5;50;1;2;2318;
70;14;1;2;2098;
44;40;1;2;2098;
48;24;1;2;1157;
58;37;1;2;1097;
96;31;1;2;33;
7;31;1;2;1908;
3;56;1;2;247;
88;52;1;2;1377;
64;19;1;2;757;
13;75;1;2;1938;
54;97;1;2;735;
93;40;1;2;630;
15;88;1;2;2030;
55;45;1;2;1667;
6;92;1;2;826;
87;98;1;2;1648;
98;53;1;2;610;
87;92;1;2;892;
0;1;45;26;
1;1;42;139;
2;1;19;206;
3;1;18;305;
4;1;14;402;
5;1;18;505;
6;1;7;602;
7;1;43;731;
8;1;38;830;
9;1;22;905;
10;1;28;1002;
11;1;32;1103;
12;1;19;1218;
13;1;32;1322;
14;1;18;1402;
15;1;13;1507;
16;1;29;1623;
17;1;45;1706;
18;1;24;1807;
19;1;22;1902;
20;1;28;2020;
21;1;42;2127;
22;1;25;2208;
23;1;7;2301;
24;1;22;2413;
25;1;7;2501;
26;1;35;2619;
27;1;29;2714;
28;1;21;2815;
29;1;45;2917;
30;1;32;3021;
31;1;1;3100;
32;1;15;3201;
33;1;10;3309;
34;1;8;3400;
35;1;29;3516;
36;1;21;3617;
37;1;24;3718;
38;1;8;3803;
39;1;9;3902;
40;1;10;4004;
41;1;32;4109;
42;1;7;4205;
43;1;46;4322;
44;1;21;4418;
45;1;16;4509;
46;1;50;4617;
47;1;15;4700;
48;1;14;4809;
49;1;6;4900;
