5682
5634
5627
5626
5625
5619
5618
5616
5614
5614
5614
5614
5614
5613
5607
5606
5605
5605
5605
5605
5603
5603
5603
5603
5603
5603
5603
5603
5603
5603
5603
5603
5603
5603
5603
5603
5603
5603
5603
5603
5603
5603
5603
5603
5603
5603
5603
5603
5603
5603
5603
5603
5603
5603
5603
5603
5603
5603
5603
5603
5603
5603
5603
5603
5603
5603
5602
5602
5602
5602
5602
5602
5602
5602
5602
5602
5602
5602
5602
5602
5602
5602
5602
5602
5602
5602
5602
5602
5602
5601
5601
5601
5601
5601
5601
5601
5601
5601
5601
5601
5601
5601
5601
5601
5601
5601
5601
5601
5601
5601
5601
5601
5601
5601
5601
5601
5601
5601
5601
5601
5601
5601
5601
5601
5601
5601
5601
5601
5601
5601
5601
5600
5597
5597
5597
5597
5597
5597
5597
5597
5597
5597
5597
5597
5597
5597
5597
5597
5597
5597
5597
5597
5597
5597
