6087
6054
6054
6054
6054
6054
6054
6054
6054
6054
6054
6053
6052
6052
6052
6052
6052
6052
6051
6051
6051
6048
6048
6048
6048
6048
6048
6048
6048
6048
6048
6048
6046
6045
6045
6045
6045
6045
6045
6045
6045
6045
6045
6045
6045
6045
6045
6045
6045
6045
6045
6045
6045
6041
6041
6041
6041
6041
6041
6041
6041
6041
6041
6040
6040
6040
6040
6040
6040
6040
6040
6040
6040
6040
6040
6040
6040
6040
6040
6040
6039
6039
6039
6039
6039
6039
6039
6039
6039
6039
6039
6038
6038
6038
6038
6038
6038
6038
6038
6038
6038
6038
6038
6038
6038
6038
6038
6038
6038
6038
6038
6038
6038
6038
6038
6038
6038
6038
6038
6038
6038
6038
6038
6038
6038
6038
6038
6038
6038
6038
6038
6038
6038
6038
6038
6038
6038
6038
6038
6038
6038
6038
6038
6038
6038
6038
6038
6038
6038
6038
6038
6038
6038
6038
6087
6054
6054
6054
6054
6054
6054
6054
6054
6054
6054
6054
6053
6052
6052
6052
6052
6052
6052
6051
6051
6051
6048
6048
6048
6048
6048
6048
6048
6048
6048
6048
6048
6046
6045
6045
6045
6045
6045
6045
6045
6045
6045
6045
6045
6045
6045
6045
6045
6045
6045
6045
6045
6045
6041
6041
6041
6041
6041
6041
6041
6041
6041
6041
6040
6040
6040
6040
6040
6040
6040
6040
6040
6040
6040
6040
6040
6040
6040
6040
6040
6039
6039
6039
6039
6039
6039
6039
6039
6039
6039
6039
6038
6038
6038
6038
6038
6038
6038
6038
6038
6038
6038
6038
6038
6038
6038
6038
6038
6038
6038
6038
6038
6038
6038
6038
6038
6038
6038
6038
6038
6038
6038
6038
6038
6038
6038
6038
6038
6038
6038
6038
6038
6038
6038
6038
6038
6038
6038
6038
6038
6038
6038
6038
6038
6038
6038
6038
6038
6038
6038
6038
6038
6038
6038
