53839	54671
53756	54671
53756	54671
53754	54671
53754	54671
53753	54671
53752	54671
53745	54671
53745	54671
53744	54671
53744	54671
53744	54671
53744	54671
53744	54671
53744	54671
53744	54671
53744	54671
53744	54671
53744	54671
53744	54671
53744	54671
53744	54671
53744	54671
53744	54671
53743	54671
53743	54671
53743	54671
53743	54671
53743	54671
53743	54671
53743	54671
53743	54671
53743	54671
53743	54671
53743	54671
53743	54671
53743	54671
53743	54671
53743	54671
53743	54671
53743	54671
53743	54671
53743	54671
53743	54671
53743	54671
53743	54671
53743	54671
53743	54671
53743	54671
53743	54671
53743	54671
53743	54671
53743	54671
53743	54671
53743	54671
53743	54671
53743	54671
53743	54671
53743	54671
53743	54671
