****16****
100
30;65;1;2;0;
2;84;1;2;0;
77;79;1;2;0;
95;57;1;2;0;
6;15;1;2;0;
77;81;1;2;0;
99;75;1;2;0;
61;86;1;2;0;
17;3;1;2;0;
6;96;1;2;0;
63;57;1;2;0;
81;89;1;2;0;
67;61;1;2;0;
37;71;1;2;0;
5;63;1;2;0;
21;86;1;2;0;
27;22;1;2;0;
69;55;1;2;0;
53;15;1;2;0;
11;58;1;2;0;
81;40;1;2;0;
90;79;1;2;0;
66;3;1;2;0;
16;34;1;2;0;
5;21;1;2;0;
29;67;1;2;0;
29;62;1;2;0;
55;48;1;2;0;
22;43;1;2;0;
18;26;1;2;0;
5;91;1;2;0;
63;83;1;2;0;
12;83;1;2;0;
37;64;1;2;0;
49;100;1;2;0;
73;29;1;2;0;
91;15;1;2;0;
59;8;1;2;0;
17;26;1;2;0;
41;21;1;2;0;
99;21;1;2;0;
39;27;1;2;0;
82;45;1;2;0;
26;3;1;2;0;
87;44;1;2;0;
80;44;1;2;0;
86;94;1;2;0;
26;97;1;2;0;
76;15;1;2;0;
13;24;1;2;0;
14;85;1;2;1352;
56;51;1;2;1999;
63;67;1;2;2390;
3;39;1;2;2241;
75;77;1;2;1306;
57;21;1;2;2164;
11;60;1;2;2451;
91;3;1;2;256;
84;28;1;2;2102;
12;42;1;2;900;
87;7;1;2;1156;
91;14;1;2;1226;
56;76;1;2;1088;
47;30;1;2;666;
36;5;1;2;2262;
56;13;1;2;2083;
1;23;1;2;660;
89;65;1;2;2427;
14;1;1;2;244;
35;12;1;2;1781;
21;98;1;2;1630;
43;40;1;2;2223;
15;96;1;2;881;
6;42;1;2;929;
36;30;1;2;116;
94;85;1;2;678;
72;85;1;2;525;
62;25;1;2;2188;
53;38;1;2;1883;
24;24;1;2;2495;
89;96;1;2;209;
60;90;1;2;1384;
96;5;1;2;514;
8;62;1;2;2492;
2;97;1;2;2059;
51;42;1;2;518;
13;66;1;2;39;
97;79;1;2;572;
97;31;1;2;2373;
98;7;1;2;41;
9;95;1;2;1987;
70;6;1;2;1860;
71;1;1;2;890;
18;61;1;2;167;
7;14;1;2;354;
25;16;1;2;1216;
79;28;1;2;2336;
69;76;1;2;1876;
83;25;1;2;2263;
86;22;1;2;1241;
0;1;565;466;
1;1;501;581;
2;1;552;561;
3;1;554;549;
4;1;507;606;
5;1;591;1075;
6;1;559;962;
7;1;532;903;
8;1;574;1164;
9;1;563;1311;
10;1;527;1147;
11;1;573;1342;
12;1;521;1622;
13;1;578;1669;
14;1;593;1944;
15;1;576;2008;
16;1;581;2107;
17;1;599;2139;
18;1;582;1908;
19;1;509;2296;
20;1;578;2490;
21;1;558;2471;
22;1;600;2640;
23;1;527;2568;
24;1;540;2401;
25;1;530;2735;
26;1;544;2761;
27;1;519;2729;
28;1;561;3128;
29;1;538;3247;
30;1;547;3443;
31;1;562;3644;
32;1;541;3470;
33;1;562;3332;
34;1;565;3961;
35;1;566;3579;
36;1;573;3863;
37;1;581;4131;
38;1;516;4014;
39;1;549;4317;
40;1;600;4377;
41;1;572;4663;
42;1;532;4470;
43;1;512;4571;
44;1;539;4575;
45;1;597;4548;
46;1;565;4950;
47;1;516;4981;
48;1;523;4936;
49;1;532;4918;
