****8****
100
2;5;1;2;0;
92;61;1;2;0;
25;5;1;2;0;
77;56;1;2;0;
8;9;1;2;0;
89;42;1;2;0;
82;41;1;2;0;
10;83;1;2;0;
87;59;1;2;0;
79;47;1;2;0;
40;34;1;2;0;
29;24;1;2;0;
38;29;1;2;0;
49;24;1;2;0;
85;94;1;2;0;
58;38;1;2;0;
98;2;1;2;0;
99;74;1;2;0;
6;27;1;2;0;
81;65;1;2;0;
88;22;1;2;0;
59;69;1;2;0;
14;68;1;2;0;
51;52;1;2;0;
78;29;1;2;0;
99;69;1;2;0;
14;79;1;2;0;
92;52;1;2;0;
8;41;1;2;0;
27;92;1;2;0;
86;36;1;2;0;
29;36;1;2;0;
37;79;1;2;0;
9;95;1;2;0;
58;42;1;2;0;
59;45;1;2;0;
63;17;1;2;0;
13;76;1;2;0;
84;15;1;2;0;
79;13;1;2;0;
95;77;1;2;0;
82;8;1;2;0;
56;25;1;2;0;
11;15;1;2;0;
17;89;1;2;0;
58;3;1;2;0;
25;38;1;2;0;
38;61;1;2;0;
69;98;1;2;0;
55;26;1;2;0;
39;14;1;2;344;
53;82;1;2;714;
80;18;1;2;2478;
59;30;1;2;1620;
87;63;1;2;791;
42;40;1;2;1568;
8;56;1;2;1110;
65;10;1;2;1449;
3;99;1;2;1343;
23;97;1;2;807;
48;87;1;2;2298;
69;92;1;2;1198;
2;71;1;2;861;
1;81;1;2;206;
46;68;1;2;1090;
98;61;1;2;2111;
13;69;1;2;2245;
65;85;1;2;2111;
92;87;1;2;2401;
80;9;1;2;508;
75;8;1;2;2297;
34;76;1;2;1789;
75;29;1;2;1779;
85;81;1;2;2382;
25;26;1;2;120;
79;24;1;2;1874;
72;88;1;2;2244;
20;52;1;2;674;
30;96;1;2;1009;
39;75;1;2;773;
43;1;1;2;1889;
38;87;1;2;2200;
72;61;1;2;2422;
29;98;1;2;35;
18;22;1;2;1655;
22;52;1;2;576;
38;23;1;2;867;
23;94;1;2;1138;
92;24;1;2;339;
99;62;1;2;2316;
15;4;1;2;372;
91;42;1;2;1813;
94;65;1;2;334;
25;45;1;2;1797;
37;62;1;2;1409;
75;35;1;2;260;
39;73;1;2;463;
39;95;1;2;1764;
95;38;1;2;1275;
93;36;1;2;1395;
0;1;518;288;
1;1;553;333;
2;1;593;608;
3;1;559;775;
4;1;510;672;
5;1;562;1010;
6;1;556;838;
7;1;520;1021;
8;1;525;1079;
9;1;547;1009;
10;1;579;1293;
11;1;554;1406;
12;1;579;1729;
13;1;510;1383;
14;1;592;1464;
15;1;511;1656;
16;1;547;1917;
17;1;509;1933;
18;1;560;2046;
19;1;528;1968;
20;1;502;2079;
21;1;527;2172;
22;1;588;2770;
23;1;511;2584;
24;1;501;2668;
25;1;578;2624;
26;1;575;2857;
27;1;503;2807;
28;1;582;2989;
29;1;518;3069;
30;1;560;3107;
31;1;587;3131;
32;1;542;3290;
33;1;501;3787;
34;1;561;3908;
35;1;522;3573;
36;1;518;4047;
37;1;523;3904;
38;1;546;4308;
39;1;572;4225;
40;1;589;4360;
41;1;528;4170;
42;1;532;4397;
43;1;567;4610;
44;1;597;4731;
45;1;538;4788;
46;1;564;5091;
47;1;519;5133;
48;1;570;5288;
49;1;558;5304;
