****3****
100
55;63;1;2;0;
77;92;1;2;0;
1;86;1;2;0;
35;24;1;2;0;
18;80;1;2;0;
75;38;1;2;0;
33;94;1;2;0;
68;57;1;2;0;
27;29;1;2;0;
47;84;1;2;0;
26;70;1;2;0;
68;51;1;2;0;
43;24;1;2;0;
78;70;1;2;0;
40;88;1;2;0;
5;46;1;2;0;
2;34;1;2;0;
89;54;1;2;0;
19;23;1;2;0;
78;88;1;2;0;
54;4;1;2;0;
26;86;1;2;0;
50;45;1;2;0;
94;76;1;2;0;
25;41;1;2;0;
12;3;1;2;0;
62;79;1;2;0;
5;56;1;2;0;
54;83;1;2;0;
77;93;1;2;0;
22;81;1;2;0;
90;23;1;2;0;
66;78;1;2;0;
76;85;1;2;0;
52;5;1;2;0;
24;5;1;2;0;
61;49;1;2;0;
42;10;1;2;0;
46;36;1;2;0;
85;22;1;2;0;
28;48;1;2;0;
24;41;1;2;0;
26;29;1;2;0;
48;80;1;2;0;
63;24;1;2;0;
24;84;1;2;0;
56;66;1;2;0;
58;22;1;2;0;
95;33;1;2;0;
58;47;1;2;0;
38;81;1;2;352;
98;82;1;2;362;
59;27;1;2;1961;
95;100;1;2;469;
43;24;1;2;621;
68;4;1;2;666;
99;18;1;2;984;
23;53;1;2;1585;
40;10;1;2;2416;
34;42;1;2;2278;
80;31;1;2;1332;
35;80;1;2;218;
31;38;1;2;1661;
66;33;1;2;1350;
28;27;1;2;1531;
82;94;1;2;1880;
83;45;1;2;1551;
7;19;1;2;909;
38;58;1;2;2203;
91;91;1;2;522;
52;23;1;2;1034;
42;57;1;2;2201;
17;39;1;2;124;
18;4;1;2;2101;
19;83;1;2;52;
94;64;1;2;758;
73;98;1;2;1827;
20;56;1;2;1896;
68;93;1;2;1604;
76;35;1;2;1664;
78;87;1;2;94;
11;80;1;2;2252;
75;97;1;2;997;
76;66;1;2;789;
62;84;1;2;2103;
25;78;1;2;556;
82;50;1;2;1816;
83;69;1;2;1867;
54;88;1;2;2297;
82;16;1;2;519;
1;45;1;2;1314;
93;55;1;2;1014;
42;81;1;2;2337;
80;9;1;2;1942;
74;22;1;2;1181;
49;46;1;2;1586;
92;28;1;2;38;
79;62;1;2;589;
74;16;1;2;1651;
13;97;1;2;422;
0;1;586;354;
1;1;538;379;
2;1;542;648;
3;1;593;606;
4;1;577;887;
5;1;514;936;
6;1;540;686;
7;1;506;1187;
8;1;588;1311;
9;1;501;1170;
10;1;583;1523;
11;1;509;1405;
12;1;510;1631;
13;1;511;1342;
14;1;546;1539;
15;1;533;1611;
16;1;508;1797;
17;1;533;1818;
18;1;518;2104;
19;1;583;1995;
20;1;560;2556;
21;1;531;2172;
22;1;535;2438;
23;1;583;2513;
24;1;592;2786;
25;1;552;2733;
26;1;554;2792;
27;1;569;2739;
28;1;594;3247;
29;1;502;3229;
30;1;591;3577;
31;1;523;3532;
32;1;507;3592;
33;1;551;3425;
34;1;531;3884;
35;1;571;4029;
36;1;581;3737;
37;1;592;3855;
38;1;541;4071;
39;1;541;4393;
40;1;561;4022;
41;1;557;4477;
42;1;505;4277;
43;1;528;4633;
44;1;509;4764;
45;1;537;4824;
46;1;566;4954;
47;1;548;4815;
48;1;565;5302;
49;1;600;5446;
