****4****
100
83;22;1;2;0;
88;15;1;2;0;
75;32;1;2;0;
82;15;1;2;0;
57;23;1;2;0;
99;69;1;2;0;
67;7;1;2;0;
82;71;1;2;0;
36;61;1;2;0;
68;44;1;2;0;
41;57;1;2;0;
94;6;1;2;0;
67;94;1;2;0;
82;84;1;2;0;
43;81;1;2;0;
30;25;1;2;0;
3;70;1;2;0;
92;29;1;2;0;
53;73;1;2;0;
95;61;1;2;0;
47;45;1;2;0;
30;13;1;2;0;
4;63;1;2;0;
83;39;1;2;0;
24;3;1;2;0;
35;64;1;2;0;
59;28;1;2;0;
22;25;1;2;0;
73;3;1;2;0;
60;16;1;2;0;
35;42;1;2;0;
92;89;1;2;0;
11;83;1;2;0;
17;15;1;2;0;
56;64;1;2;0;
75;54;1;2;0;
8;56;1;2;0;
67;11;1;2;0;
19;1;1;2;0;
50;42;1;2;0;
3;84;1;2;0;
57;13;1;2;0;
63;78;1;2;0;
90;88;1;2;0;
32;49;1;2;0;
3;19;1;2;0;
90;46;1;2;0;
7;52;1;2;0;
29;76;1;2;0;
66;36;1;2;0;
39;93;1;2;1314;
46;48;1;2;1191;
57;66;1;2;2337;
58;59;1;2;840;
93;16;1;2;693;
7;45;1;2;782;
94;77;1;2;852;
48;47;1;2;1079;
94;5;1;2;2194;
74;80;1;2;117;
9;70;1;2;127;
49;68;1;2;2301;
56;76;1;2;2403;
15;85;1;2;538;
76;77;1;2;1554;
50;83;1;2;1524;
13;29;1;2;2168;
77;76;1;2;1212;
30;69;1;2;667;
34;42;1;2;830;
8;2;1;2;1604;
22;51;1;2;953;
36;58;1;2;2190;
15;72;1;2;1377;
52;47;1;2;1638;
57;49;1;2;2239;
6;61;1;2;1222;
83;89;1;2;54;
58;18;1;2;1001;
85;4;1;2;352;
96;11;1;2;999;
77;33;1;2;1754;
76;20;1;2;1308;
51;34;1;2;2000;
9;37;1;2;2171;
96;45;1;2;12;
65;2;1;2;1309;
62;84;1;2;1911;
86;41;1;2;400;
31;78;1;2;1468;
70;73;1;2;234;
62;49;1;2;1826;
4;25;1;2;1044;
3;27;1;2;291;
25;35;1;2;110;
45;30;1;2;2052;
62;46;1;2;146;
91;59;1;2;1556;
60;45;1;2;2500;
47;27;1;2;1143;
0;1;589;320;
1;1;553;642;
2;1;509;452;
3;1;578;665;
4;1;530;703;
5;1;566;593;
6;1;574;917;
7;1;590;1122;
8;1;587;960;
9;1;577;1140;
10;1;517;1320;
11;1;542;1545;
12;1;510;1700;
13;1;572;1456;
14;1;600;1449;
15;1;593;1773;
16;1;550;1697;
17;1;529;2166;
18;1;551;1918;
19;1;574;2319;
20;1;592;2406;
21;1;535;2501;
22;1;533;2224;
23;1;520;2810;
24;1;599;2856;
25;1;570;2827;
26;1;547;2694;
27;1;543;3085;
28;1;511;3046;
29;1;573;3300;
30;1;515;3319;
31;1;550;3515;
32;1;562;3247;
33;1;526;3489;
34;1;588;3750;
35;1;543;3718;
36;1;541;3753;
37;1;548;3880;
38;1;557;3992;
39;1;595;4411;
40;1;514;4199;
41;1;574;4669;
42;1;574;4297;
43;1;519;4575;
44;1;533;4568;
45;1;598;4549;
46;1;508;5102;
47;1;515;5025;
48;1;577;5141;
49;1;585;4973;
