****12****
100
93;21;1;2;0;
90;39;1;2;0;
76;15;1;2;0;
89;36;1;2;0;
99;1;1;2;0;
54;65;1;2;0;
16;100;1;2;0;
72;84;1;2;0;
26;93;1;2;0;
67;6;1;2;0;
38;50;1;2;0;
36;84;1;2;0;
69;19;1;2;0;
25;42;1;2;0;
35;2;1;2;0;
96;28;1;2;0;
22;37;1;2;0;
66;49;1;2;0;
52;7;1;2;0;
84;50;1;2;0;
7;37;1;2;0;
66;74;1;2;0;
89;89;1;2;0;
57;14;1;2;0;
81;76;1;2;0;
71;70;1;2;0;
25;7;1;2;0;
53;45;1;2;0;
25;29;1;2;0;
38;12;1;2;0;
30;85;1;2;0;
91;51;1;2;0;
22;56;1;2;0;
100;73;1;2;0;
14;35;1;2;0;
74;72;1;2;0;
72;91;1;2;0;
46;12;1;2;0;
79;2;1;2;0;
77;11;1;2;0;
77;47;1;2;0;
80;54;1;2;0;
5;84;1;2;0;
50;82;1;2;0;
12;88;1;2;0;
93;42;1;2;0;
72;83;1;2;0;
92;93;1;2;0;
90;43;1;2;0;
17;56;1;2;0;
78;42;1;2;1033;
1;84;1;2;811;
64;14;1;2;361;
40;24;1;2;998;
86;55;1;2;747;
43;38;1;2;2467;
24;50;1;2;506;
16;91;1;2;1742;
50;34;1;2;1704;
91;29;1;2;2136;
46;58;1;2;1588;
73;10;1;2;1895;
96;73;1;2;16;
73;12;1;2;542;
27;49;1;2;2274;
85;91;1;2;1788;
41;14;1;2;173;
36;81;1;2;666;
3;30;1;2;1233;
66;21;1;2;742;
93;18;1;2;1187;
66;42;1;2;219;
23;90;1;2;1651;
93;62;1;2;1909;
86;88;1;2;1186;
86;73;1;2;1035;
76;65;1;2;802;
14;1;1;2;767;
47;55;1;2;2492;
13;20;1;2;1711;
59;64;1;2;1931;
62;82;1;2;1681;
74;4;1;2;1778;
10;96;1;2;84;
57;33;1;2;93;
4;71;1;2;59;
42;46;1;2;2447;
46;11;1;2;263;
30;57;1;2;252;
43;69;1;2;1617;
81;27;1;2;1494;
36;40;1;2;1472;
32;65;1;2;949;
70;74;1;2;2440;
21;82;1;2;1492;
7;38;1;2;374;
70;79;1;2;877;
45;24;1;2;675;
24;53;1;2;436;
9;48;1;2;1393;
0;1;513;468;
1;1;517;541;
2;1;515;215;
3;1;585;772;
4;1;521;676;
5;1;567;640;
6;1;543;650;
7;1;580;937;
8;1;546;854;
9;1;583;1343;
10;1;547;1440;
11;1;511;1538;
12;1;545;1225;
13;1;527;1767;
14;1;594;1899;
15;1;552;1913;
16;1;553;1695;
17;1;541;1848;
18;1;575;1999;
19;1;517;1957;
20;1;565;2052;
21;1;545;2421;
22;1;522;2415;
23;1;584;2790;
24;1;544;2561;
25;1;585;2684;
26;1;550;2996;
27;1;564;2745;
28;1;584;3350;
29;1;560;3416;
30;1;516;3282;
31;1;586;3300;
32;1;582;3711;
33;1;539;3337;
34;1;551;3582;
35;1;555;3541;
36;1;590;4100;
37;1;525;4062;
38;1;578;3971;
39;1;533;4294;
40;1;577;4408;
41;1;510;4497;
42;1;515;4495;
43;1;523;4594;
44;1;568;4697;
45;1;526;4850;
46;1;544;4618;
47;1;555;5099;
48;1;588;5117;
49;1;533;4974;
