****7****
100
55;56;1;2;0;
98;29;1;2;0;
28;35;1;2;0;
89;69;1;2;0;
48;1;1;2;0;
83;26;1;2;0;
5;90;1;2;0;
21;92;1;2;0;
6;60;1;2;0;
92;57;1;2;0;
27;23;1;2;0;
97;37;1;2;0;
48;29;1;2;0;
42;5;1;2;0;
64;67;1;2;0;
39;18;1;2;0;
74;36;1;2;0;
98;1;1;2;0;
70;38;1;2;0;
69;69;1;2;0;
38;4;1;2;0;
95;42;1;2;0;
93;67;1;2;0;
85;51;1;2;0;
78;77;1;2;0;
7;56;1;2;0;
99;3;1;2;0;
92;98;1;2;0;
83;85;1;2;0;
2;98;1;2;0;
3;40;1;2;0;
67;76;1;2;0;
27;64;1;2;0;
29;48;1;2;0;
1;49;1;2;0;
17;39;1;2;0;
52;63;1;2;0;
80;97;1;2;0;
81;65;1;2;0;
47;59;1;2;0;
93;53;1;2;0;
14;43;1;2;0;
7;58;1;2;0;
92;41;1;2;0;
42;93;1;2;0;
39;45;1;2;0;
84;5;1;2;0;
72;10;1;2;0;
69;100;1;2;0;
57;21;1;2;0;
49;25;1;2;2043;
52;39;1;2;211;
48;20;1;2;1113;
94;30;1;2;1957;
46;43;1;2;1044;
4;52;1;2;806;
45;46;1;2;1175;
83;90;1;2;216;
87;61;1;2;1635;
7;13;1;2;1388;
80;13;1;2;302;
90;64;1;2;1440;
32;12;1;2;675;
90;5;1;2;2192;
92;3;1;2;1177;
36;6;1;2;29;
71;2;1;2;254;
50;84;1;2;2048;
64;23;1;2;83;
87;81;1;2;1089;
71;60;1;2;333;
79;2;1;2;2211;
25;33;1;2;7;
43;75;1;2;2316;
89;66;1;2;856;
30;54;1;2;1431;
23;76;1;2;2;
60;78;1;2;690;
39;41;1;2;2100;
30;80;1;2;1499;
33;2;1;2;2303;
100;80;1;2;1553;
78;56;1;2;1963;
72;98;1;2;2142;
70;39;1;2;1550;
70;68;1;2;1232;
27;42;1;2;1992;
86;2;1;2;4;
81;92;1;2;488;
97;73;1;2;78;
46;5;1;2;162;
55;56;1;2;1042;
64;85;1;2;1660;
10;56;1;2;191;
78;25;1;2;1330;
16;94;1;2;1256;
6;73;1;2;2496;
24;10;1;2;306;
19;42;1;2;1738;
55;91;1;2;1873;
0;1;521;89;
1;1;575;515;
2;1;590;609;
3;1;587;736;
4;1;515;495;
5;1;567;937;
6;1;593;668;
7;1;547;1002;
8;1;512;1115;
9;1;595;1243;
10;1;516;1185;
11;1;593;1156;
12;1;501;1466;
13;1;519;1792;
14;1;517;1783;
15;1;518;1673;
16;1;545;1922;
17;1;530;1795;
18;1;574;1939;
19;1;543;2327;
20;1;561;2216;
21;1;562;2108;
22;1;506;2661;
23;1;538;2678;
24;1;551;2679;
25;1;537;2907;
26;1;530;3050;
27;1;544;2797;
28;1;544;2973;
29;1;581;2945;
30;1;523;3216;
31;1;549;3432;
32;1;595;3289;
33;1;504;3527;
34;1;598;3496;
35;1;560;3777;
36;1;508;3996;
37;1;562;4076;
38;1;532;3910;
39;1;533;3990;
40;1;535;4090;
41;1;600;4615;
42;1;502;4406;
43;1;550;4544;
44;1;509;4861;
45;1;504;4810;
46;1;532;5120;
47;1;549;5107;
48;1;534;5159;
49;1;546;5232;
