****10****
100
80;71;1;2;0;
97;73;1;2;0;
99;85;1;2;0;
36;14;1;2;0;
19;77;1;2;0;
94;22;1;2;0;
6;78;1;2;0;
29;95;1;2;0;
71;23;1;2;0;
87;86;1;2;0;
13;55;1;2;0;
2;58;1;2;0;
11;81;1;2;0;
33;30;1;2;0;
6;1;1;2;0;
100;37;1;2;0;
23;49;1;2;0;
9;21;1;2;0;
33;96;1;2;0;
87;51;1;2;0;
72;80;1;2;0;
25;29;1;2;0;
9;53;1;2;0;
23;32;1;2;0;
75;10;1;2;0;
69;87;1;2;0;
16;71;1;2;0;
96;79;1;2;0;
3;29;1;2;0;
60;8;1;2;0;
81;60;1;2;0;
45;4;1;2;0;
8;5;1;2;0;
76;40;1;2;0;
1;62;1;2;0;
42;24;1;2;0;
93;18;1;2;0;
5;2;1;2;0;
70;79;1;2;0;
33;96;1;2;0;
40;53;1;2;0;
34;56;1;2;0;
23;30;1;2;0;
86;25;1;2;0;
58;45;1;2;0;
85;38;1;2;0;
56;81;1;2;0;
93;63;1;2;0;
85;21;1;2;0;
54;37;1;2;0;
34;48;1;2;169;
27;65;1;2;2067;
80;87;1;2;809;
64;34;1;2;1033;
16;68;1;2;1754;
39;49;1;2;1316;
15;58;1;2;1420;
51;47;1;2;766;
31;40;1;2;240;
68;12;1;2;1917;
56;45;1;2;1368;
20;71;1;2;390;
88;50;1;2;879;
35;65;1;2;2101;
21;81;1;2;69;
14;71;1;2;94;
44;37;1;2;377;
18;88;1;2;689;
96;18;1;2;1799;
41;37;1;2;502;
39;93;1;2;1357;
36;12;1;2;723;
97;100;1;2;2394;
97;86;1;2;522;
82;6;1;2;876;
34;71;1;2;1011;
34;66;1;2;1454;
43;83;1;2;418;
98;31;1;2;563;
93;71;1;2;1051;
50;9;1;2;562;
52;96;1;2;1764;
25;44;1;2;1727;
51;92;1;2;1258;
89;73;1;2;1392;
60;6;1;2;1382;
100;91;1;2;45;
25;33;1;2;1301;
41;31;1;2;917;
75;75;1;2;1635;
45;24;1;2;372;
59;76;1;2;997;
36;52;1;2;1401;
13;2;1;2;2465;
26;42;1;2;1288;
97;1;1;2;438;
89;1;1;2;13;
47;77;1;2;388;
87;18;1;2;2257;
9;92;1;2;2418;
0;1;501;249;
1;1;567;454;
2;1;546;373;
3;1;548;528;
4;1;597;885;
5;1;545;667;
6;1;520;982;
7;1;540;814;
8;1;519;1288;
9;1;535;1138;
10;1;592;1220;
11;1;505;1498;
12;1;524;1722;
13;1;586;1492;
14;1;503;1695;
15;1;536;1818;
16;1;564;1718;
17;1;555;1750;
18;1;600;2101;
19;1;541;2207;
20;1;540;2017;
21;1;546;2394;
22;1;560;2444;
23;1;533;2721;
24;1;529;2795;
25;1;588;3019;
26;1;508;3024;
27;1;588;2786;
28;1;539;3084;
29;1;528;3389;
30;1;553;3031;
31;1;596;3495;
32;1;569;3519;
33;1;580;3708;
34;1;552;3708;
35;1;565;3642;
36;1;510;4079;
37;1;502;3782;
38;1;547;4041;
39;1;550;4124;
40;1;557;4151;
41;1;594;4157;
42;1;585;4323;
43;1;550;4425;
44;1;510;4846;
45;1;517;4573;
46;1;592;4931;
47;1;582;5165;
48;1;514;5235;
49;1;528;5001;
