****18****
100
49;68;1;2;0;
51;11;1;2;0;
76;73;1;2;0;
39;54;1;2;0;
79;97;1;2;0;
8;80;1;2;0;
12;7;1;2;0;
59;44;1;2;0;
59;98;1;2;0;
78;48;1;2;0;
35;45;1;2;0;
70;87;1;2;0;
78;36;1;2;0;
70;51;1;2;0;
95;24;1;2;0;
35;43;1;2;0;
91;37;1;2;0;
5;18;1;2;0;
62;43;1;2;0;
72;40;1;2;0;
92;79;1;2;0;
71;3;1;2;0;
38;30;1;2;0;
46;96;1;2;0;
79;23;1;2;0;
95;14;1;2;0;
19;16;1;2;0;
52;96;1;2;0;
52;21;1;2;0;
98;46;1;2;0;
45;85;1;2;0;
40;87;1;2;0;
21;96;1;2;0;
5;82;1;2;0;
39;28;1;2;0;
22;30;1;2;0;
6;44;1;2;0;
84;95;1;2;0;
73;29;1;2;0;
42;4;1;2;0;
3;36;1;2;0;
69;73;1;2;0;
52;20;1;2;0;
21;55;1;2;0;
92;18;1;2;0;
52;36;1;2;0;
2;43;1;2;0;
75;75;1;2;0;
38;79;1;2;0;
8;76;1;2;0;
6;29;1;2;2373;
63;25;1;2;1316;
58;49;1;2;1043;
99;52;1;2;521;
87;20;1;2;307;
90;39;1;2;1012;
44;31;1;2;2010;
47;18;1;2;2;
89;92;1;2;697;
78;22;1;2;1783;
54;79;1;2;2154;
62;42;1;2;1245;
2;51;1;2;846;
21;1;1;2;383;
95;87;1;2;2062;
93;28;1;2;723;
59;71;1;2;2049;
94;69;1;2;1028;
83;9;1;2;260;
98;87;1;2;1505;
69;92;1;2;2118;
20;53;1;2;1928;
47;54;1;2;1195;
22;27;1;2;1386;
49;73;1;2;32;
96;65;1;2;1307;
33;23;1;2;2359;
52;68;1;2;1094;
40;3;1;2;371;
72;100;1;2;790;
26;68;1;2;699;
58;39;1;2;2473;
83;37;1;2;2430;
58;59;1;2;1610;
33;7;1;2;537;
95;54;1;2;2019;
37;38;1;2;2068;
49;41;1;2;191;
81;33;1;2;1397;
22;4;1;2;1381;
49;29;1;2;1927;
19;38;1;2;189;
90;20;1;2;2412;
66;29;1;2;1943;
68;62;1;2;1668;
94;8;1;2;1145;
84;44;1;2;1103;
96;44;1;2;1086;
27;25;1;2;2130;
9;98;1;2;1990;
0;1;542;354;
1;1;596;513;
2;1;517;697;
3;1;585;650;
4;1;505;492;
5;1;523;694;
6;1;550;1091;
7;1;547;1137;
8;1;535;878;
9;1;544;1409;
10;1;598;1574;
11;1;565;1390;
12;1;510;1331;
13;1;517;1678;
14;1;552;1442;
15;1;589;1961;
16;1;565;2158;
17;1;538;1900;
18;1;517;1884;
19;1;591;2490;
20;1;587;2167;
21;1;559;2283;
22;1;507;2217;
23;1;582;2474;
24;1;558;2920;
25;1;563;2863;
26;1;507;2711;
27;1;548;3119;
28;1;518;2957;
29;1;541;2933;
30;1;582;3490;
31;1;565;3267;
32;1;565;3682;
33;1;531;3467;
34;1;577;3714;
35;1;506;3882;
36;1;585;3933;
37;1;550;4090;
38;1;568;3846;
39;1;584;4269;
40;1;555;4310;
41;1;532;4212;
42;1;572;4414;
43;1;581;4591;
44;1;547;4833;
45;1;562;4517;
46;1;554;5088;
47;1;578;5189;
48;1;581;4816;
49;1;550;4956;
