****2****
100
71;50;1;2;0;
2;13;1;2;0;
42;15;1;2;0;
69;67;1;2;0;
19;99;1;2;0;
90;61;1;2;0;
90;63;1;2;0;
66;67;1;2;0;
97;38;1;2;0;
34;41;1;2;0;
78;50;1;2;0;
97;46;1;2;0;
65;45;1;2;0;
48;66;1;2;0;
44;2;1;2;0;
21;66;1;2;0;
51;74;1;2;0;
31;44;1;2;0;
40;51;1;2;0;
11;11;1;2;0;
1;52;1;2;0;
71;90;1;2;0;
66;89;1;2;0;
56;63;1;2;0;
26;41;1;2;0;
55;55;1;2;0;
90;3;1;2;0;
100;54;1;2;0;
99;99;1;2;0;
19;94;1;2;0;
100;91;1;2;0;
60;3;1;2;0;
17;42;1;2;0;
46;56;1;2;0;
44;56;1;2;0;
66;44;1;2;0;
60;89;1;2;0;
33;25;1;2;0;
77;40;1;2;0;
39;54;1;2;0;
80;93;1;2;0;
8;69;1;2;0;
48;59;1;2;0;
74;46;1;2;0;
58;92;1;2;0;
40;9;1;2;0;
34;51;1;2;0;
11;50;1;2;0;
92;57;1;2;0;
58;35;1;2;0;
64;23;1;2;1744;
23;11;1;2;1417;
100;39;1;2;455;
38;92;1;2;1414;
83;99;1;2;1158;
30;58;1;2;622;
75;67;1;2;1178;
14;27;1;2;1053;
16;38;1;2;891;
59;46;1;2;952;
93;9;1;2;2252;
22;84;1;2;958;
35;83;1;2;303;
87;72;1;2;1822;
18;54;1;2;1363;
69;83;1;2;1648;
93;10;1;2;280;
60;75;1;2;1549;
13;91;1;2;1187;
15;49;1;2;15;
74;94;1;2;766;
7;67;1;2;1478;
55;2;1;2;1465;
90;40;1;2;1430;
16;10;1;2;149;
92;30;1;2;810;
30;75;1;2;1353;
81;34;1;2;533;
11;46;1;2;10;
30;12;1;2;299;
94;85;1;2;2077;
19;44;1;2;2082;
26;50;1;2;1736;
68;39;1;2;1494;
81;6;1;2;272;
99;50;1;2;1725;
52;79;1;2;1476;
14;11;1;2;705;
51;74;1;2;464;
29;55;1;2;1646;
8;49;1;2;201;
80;67;1;2;882;
71;44;1;2;2152;
62;11;1;2;1806;
45;43;1;2;1674;
37;42;1;2;613;
59;45;1;2;276;
54;59;1;2;941;
87;61;1;2;1659;
66;41;1;2;1118;
0;1;556;28;
1;1;585;141;
2;1;580;582;
3;1;504;381;
4;1;546;606;
5;1;564;852;
6;1;536;715;
7;1;551;994;
8;1;597;858;
9;1;519;963;
10;1;589;1166;
11;1;560;1538;
12;1;574;1274;
13;1;559;1805;
14;1;564;1402;
15;1;591;1549;
16;1;551;1654;
17;1;552;2190;
18;1;577;2322;
19;1;532;2218;
20;1;581;2575;
21;1;583;2290;
22;1;555;2727;
23;1;571;2561;
24;1;529;2540;
25;1;509;2709;
26;1;558;2853;
27;1;515;3110;
28;1;518;3278;
29;1;586;3248;
30;1;575;3200;
31;1;551;3343;
32;1;503;3247;
33;1;508;3778;
34;1;509;3622;
35;1;505;3741;
36;1;586;3890;
37;1;510;3721;
38;1;572;4183;
39;1;546;4217;
40;1;521;4485;
41;1;568;4306;
42;1;573;4687;
43;1;561;4737;
44;1;558;4695;
45;1;523;4530;
46;1;574;4709;
47;1;557;4944;
48;1;576;5363;
49;1;558;5347;
