****13****
100
52;39;1;2;0;
56;41;1;2;0;
41;80;1;2;0;
55;18;1;2;0;
91;87;1;2;0;
38;67;1;2;0;
3;99;1;2;0;
96;69;1;2;0;
24;19;1;2;0;
66;91;1;2;0;
100;91;1;2;0;
26;44;1;2;0;
53;32;1;2;0;
20;41;1;2;0;
77;52;1;2;0;
30;29;1;2;0;
42;86;1;2;0;
21;82;1;2;0;
17;76;1;2;0;
99;60;1;2;0;
62;88;1;2;0;
26;17;1;2;0;
87;74;1;2;0;
37;10;1;2;0;
92;3;1;2;0;
53;43;1;2;0;
45;30;1;2;0;
38;50;1;2;0;
61;58;1;2;0;
90;90;1;2;0;
61;19;1;2;0;
18;3;1;2;0;
56;90;1;2;0;
84;25;1;2;0;
65;35;1;2;0;
84;79;1;2;0;
22;61;1;2;0;
47;8;1;2;0;
34;83;1;2;0;
70;25;1;2;0;
37;74;1;2;0;
20;82;1;2;0;
3;57;1;2;0;
31;63;1;2;0;
14;72;1;2;0;
52;75;1;2;0;
42;21;1;2;0;
29;50;1;2;0;
63;12;1;2;0;
74;79;1;2;0;
98;9;1;2;1018;
72;69;1;2;2054;
79;55;1;2;1270;
100;31;1;2;233;
73;50;1;2;379;
27;7;1;2;2304;
90;20;1;2;796;
93;46;1;2;1171;
66;74;1;2;951;
28;38;1;2;862;
6;35;1;2;613;
15;6;1;2;312;
21;37;1;2;1724;
10;88;1;2;1758;
36;13;1;2;1043;
46;39;1;2;1803;
87;80;1;2;1027;
50;25;1;2;316;
7;90;1;2;847;
61;69;1;2;1020;
40;74;1;2;2168;
79;40;1;2;2303;
35;61;1;2;1101;
96;70;1;2;918;
88;57;1;2;1784;
30;55;1;2;1375;
77;41;1;2;1206;
96;42;1;2;2086;
61;1;1;2;1183;
99;61;1;2;366;
26;53;1;2;905;
35;83;1;2;1318;
54;17;1;2;1158;
9;65;1;2;1699;
52;4;1;2;672;
58;33;1;2;959;
3;62;1;2;2365;
80;9;1;2;683;
80;69;1;2;2089;
22;19;1;2;31;
31;44;1;2;374;
14;31;1;2;1230;
41;84;1;2;411;
27;93;1;2;2146;
83;96;1;2;690;
48;53;1;2;2091;
66;8;1;2;651;
29;39;1;2;2399;
81;18;1;2;149;
85;39;1;2;2255;
0;1;501;60;
1;1;528;621;
2;1;535;322;
3;1;525;749;
4;1;542;717;
5;1;502;807;
6;1;532;711;
7;1;581;913;
8;1;535;904;
9;1;598;1468;
10;1;544;1434;
11;1;581;1121;
12;1;580;1492;
13;1;600;1744;
14;1;597;1916;
15;1;529;1965;
16;1;511;1667;
17;1;570;1965;
18;1;514;2007;
19;1;572;1902;
20;1;542;2378;
21;1;592;2320;
22;1;561;2343;
23;1;547;2429;
24;1;561;2796;
25;1;599;2581;
26;1;530;2988;
27;1;538;2800;
28;1;591;3006;
29;1;506;3378;
30;1;530;3043;
31;1;540;3360;
32;1;542;3202;
33;1;538;3619;
34;1;507;3831;
35;1;514;3793;
36;1;586;3601;
37;1;524;3969;
38;1;533;3956;
39;1;544;4100;
40;1;517;4347;
41;1;501;4310;
42;1;521;4570;
43;1;559;4503;
44;1;578;4463;
45;1;554;4834;
46;1;550;4942;
47;1;547;4707;
48;1;554;4991;
49;1;550;4961;
