****9****
100
47;31;1;2;0;
48;16;1;2;0;
83;70;1;2;0;
24;28;1;2;0;
2;95;1;2;0;
78;43;1;2;0;
96;5;1;2;0;
57;79;1;2;0;
39;24;1;2;0;
43;35;1;2;0;
60;81;1;2;0;
95;23;1;2;0;
8;13;1;2;0;
80;30;1;2;0;
32;90;1;2;0;
64;30;1;2;0;
72;11;1;2;0;
98;54;1;2;0;
81;73;1;2;0;
34;82;1;2;0;
20;11;1;2;0;
76;15;1;2;0;
67;33;1;2;0;
93;5;1;2;0;
8;87;1;2;0;
92;67;1;2;0;
19;86;1;2;0;
41;27;1;2;0;
51;21;1;2;0;
56;34;1;2;0;
62;19;1;2;0;
15;85;1;2;0;
29;12;1;2;0;
39;61;1;2;0;
37;24;1;2;0;
95;56;1;2;0;
34;70;1;2;0;
70;100;1;2;0;
2;14;1;2;0;
57;61;1;2;0;
100;100;1;2;0;
27;19;1;2;0;
37;20;1;2;0;
97;87;1;2;0;
92;52;1;2;0;
20;53;1;2;0;
22;87;1;2;0;
89;2;1;2;0;
50;27;1;2;0;
63;86;1;2;0;
50;57;1;2;1270;
35;78;1;2;1465;
87;32;1;2;520;
43;92;1;2;231;
42;71;1;2;2263;
78;90;1;2;1415;
17;81;1;2;1812;
88;85;1;2;239;
74;73;1;2;1157;
24;52;1;2;2204;
9;53;1;2;480;
2;88;1;2;59;
63;26;1;2;1739;
90;68;1;2;231;
16;61;1;2;348;
64;90;1;2;12;
8;58;1;2;723;
55;46;1;2;732;
75;71;1;2;978;
96;46;1;2;266;
32;55;1;2;1410;
23;8;1;2;1032;
44;70;1;2;1193;
96;59;1;2;2171;
92;74;1;2;1967;
9;89;1;2;1907;
64;48;1;2;494;
2;2;1;2;2233;
25;76;1;2;2049;
72;24;1;2;1946;
22;55;1;2;2248;
24;77;1;2;1724;
66;73;1;2;1840;
32;20;1;2;616;
18;63;1;2;788;
15;72;1;2;2118;
54;87;1;2;1019;
51;88;1;2;1802;
92;64;1;2;2211;
8;35;1;2;899;
18;8;1;2;75;
85;32;1;2;217;
8;97;1;2;1387;
52;28;1;2;326;
2;45;1;2;2264;
30;60;1;2;50;
47;65;1;2;1201;
11;15;1;2;1441;
28;59;1;2;1499;
73;66;1;2;2359;
0;1;541;512;
1;1;511;206;
2;1;520;453;
3;1;514;704;
4;1;590;767;
5;1;578;803;
6;1;582;908;
7;1;514;786;
8;1;561;1194;
9;1;518;1298;
10;1;590;1583;
11;1;569;1626;
12;1;537;1563;
13;1;562;1492;
14;1;521;1525;
15;1;560;1980;
16;1;562;1932;
17;1;524;2152;
18;1;516;2140;
19;1;559;2241;
20;1;576;2111;
21;1;575;2234;
22;1;519;2564;
23;1;548;2690;
24;1;565;2576;
25;1;589;3082;
26;1;552;2848;
27;1;509;2765;
28;1;504;3262;
29;1;545;3150;
30;1;550;3505;
31;1;537;3260;
32;1;578;3669;
33;1;596;3821;
34;1;600;3705;
35;1;551;3911;
36;1;594;3926;
37;1;536;3743;
38;1;516;4218;
39;1;542;4091;
40;1;504;4157;
41;1;585;4339;
42;1;538;4497;
43;1;595;4542;
44;1;564;4550;
45;1;569;4626;
46;1;546;5090;
47;1;579;5172;
48;1;568;5293;
49;1;569;4901;
