****1****
100
37;27;1;2;0;
92;12;1;2;0;
83;88;1;2;0;
46;38;1;2;0;
91;30;1;2;0;
91;77;1;2;0;
91;20;1;2;0;
91;84;1;2;0;
29;39;1;2;0;
23;88;1;2;0;
29;19;1;2;0;
94;36;1;2;0;
92;7;1;2;0;
28;29;1;2;0;
70;92;1;2;0;
38;59;1;2;0;
70;29;1;2;0;
70;5;1;2;0;
16;67;1;2;0;
42;58;1;2;0;
97;84;1;2;0;
87;87;1;2;0;
3;29;1;2;0;
22;83;1;2;0;
19;97;1;2;0;
23;47;1;2;0;
15;68;1;2;0;
35;6;1;2;0;
75;62;1;2;0;
34;96;1;2;0;
5;71;1;2;0;
54;27;1;2;0;
52;76;1;2;0;
83;19;1;2;0;
42;24;1;2;0;
29;38;1;2;0;
59;15;1;2;0;
76;13;1;2;0;
95;98;1;2;0;
95;13;1;2;0;
46;69;1;2;0;
12;60;1;2;0;
37;98;1;2;0;
65;63;1;2;0;
11;50;1;2;0;
58;16;1;2;0;
72;64;1;2;0;
94;23;1;2;0;
39;76;1;2;0;
94;32;1;2;0;
51;22;1;2;2488;
61;88;1;2;750;
73;82;1;2;1642;
19;46;1;2;1059;
40;9;1;2;1881;
76;6;1;2;2137;
90;17;1;2;135;
99;84;1;2;1366;
62;29;1;2;810;
52;4;1;2;1511;
84;6;1;2;1195;
5;66;1;2;505;
1;38;1;2;22;
99;8;1;2;251;
89;47;1;2;1884;
91;74;1;2;50;
56;63;1;2;1510;
23;62;1;2;1189;
13;75;1;2;592;
25;27;1;2;1760;
83;10;1;2;500;
61;14;1;2;504;
79;14;1;2;2456;
77;64;1;2;1883;
73;53;1;2;2377;
30;95;1;2;2339;
44;50;1;2;708;
74;24;1;2;967;
39;88;1;2;1853;
32;65;1;2;1569;
28;47;1;2;1823;
81;59;1;2;99;
99;89;1;2;2154;
6;18;1;2;2126;
20;42;1;2;1076;
81;71;1;2;889;
68;14;1;2;1202;
17;39;1;2;2149;
79;77;1;2;98;
15;8;1;2;858;
78;87;1;2;943;
49;67;1;2;1548;
34;65;1;2;679;
84;70;1;2;860;
97;90;1;2;2342;
15;22;1;2;2011;
26;41;1;2;2416;
39;57;1;2;67;
28;87;1;2;1155;
4;2;1;2;1276;
0;1;544;126;
1;1;545;323;
2;1;579;365;
3;1;582;305;
4;1;528;742;
5;1;547;635;
6;1;577;947;
7;1;539;858;
8;1;510;1251;
9;1;543;1276;
10;1;553;1497;
11;1;526;1442;
12;1;552;1432;
13;1;548;1774;
14;1;508;1788;
15;1;561;1634;
16;1;531;1623;
17;1;536;2096;
18;1;568;2244;
19;1;521;2305;
20;1;540;2198;
21;1;545;2385;
22;1;514;2428;
23;1;592;2822;
24;1;546;2627;
25;1;510;2679;
26;1;564;3046;
27;1;511;2708;
28;1;591;2948;
29;1;517;3299;
30;1;562;3232;
31;1;600;3591;
32;1;534;3224;
33;1;600;3500;
34;1;555;3746;
35;1;596;3529;
36;1;591;3740;
37;1;514;3745;
38;1;526;3844;
39;1;579;4415;
40;1;591;4192;
41;1;573;4646;
42;1;526;4312;
43;1;572;4583;
44;1;544;4632;
45;1;565;4954;
46;1;517;4834;
47;1;548;4765;
48;1;502;4989;
49;1;503;5325;
