****14****
100
45;16;1;2;0;
11;30;1;2;0;
73;34;1;2;0;
27;57;1;2;0;
55;70;1;2;0;
2;71;1;2;0;
12;2;1;2;0;
69;85;1;2;0;
39;28;1;2;0;
100;68;1;2;0;
43;53;1;2;0;
74;44;1;2;0;
46;73;1;2;0;
87;51;1;2;0;
8;88;1;2;0;
62;52;1;2;0;
3;72;1;2;0;
33;27;1;2;0;
5;11;1;2;0;
84;11;1;2;0;
81;37;1;2;0;
33;44;1;2;0;
38;2;1;2;0;
80;28;1;2;0;
81;79;1;2;0;
95;75;1;2;0;
84;20;1;2;0;
19;81;1;2;0;
92;57;1;2;0;
31;100;1;2;0;
44;44;1;2;0;
3;99;1;2;0;
67;36;1;2;0;
77;71;1;2;0;
98;12;1;2;0;
33;78;1;2;0;
48;65;1;2;0;
74;85;1;2;0;
18;53;1;2;0;
64;98;1;2;0;
84;58;1;2;0;
73;67;1;2;0;
78;43;1;2;0;
99;21;1;2;0;
99;29;1;2;0;
72;94;1;2;0;
24;75;1;2;0;
44;90;1;2;0;
62;21;1;2;0;
12;59;1;2;0;
84;44;1;2;2469;
32;8;1;2;1176;
68;26;1;2;2031;
32;75;1;2;240;
41;47;1;2;586;
70;41;1;2;1774;
91;39;1;2;1086;
62;85;1;2;209;
88;28;1;2;1024;
1;100;1;2;2263;
60;36;1;2;1194;
100;67;1;2;1508;
13;86;1;2;1775;
30;69;1;2;1261;
31;10;1;2;2483;
1;31;1;2;2187;
18;73;1;2;2161;
66;87;1;2;1005;
38;74;1;2;186;
98;75;1;2;532;
70;86;1;2;1010;
36;85;1;2;1035;
62;97;1;2;817;
65;26;1;2;160;
43;8;1;2;374;
19;9;1;2;1129;
35;78;1;2;1572;
42;95;1;2;991;
85;32;1;2;1044;
56;30;1;2;2110;
30;51;1;2;782;
87;38;1;2;2028;
14;100;1;2;2028;
26;64;1;2;313;
7;6;1;2;2126;
49;76;1;2;550;
22;11;1;2;2367;
19;4;1;2;1159;
50;89;1;2;2138;
6;96;1;2;1330;
37;25;1;2;998;
56;63;1;2;2337;
60;76;1;2;1854;
59;1;1;2;1328;
88;60;1;2;2020;
25;60;1;2;1409;
21;33;1;2;1686;
47;51;1;2;8;
15;100;1;2;2385;
66;6;1;2;1499;
0;1;599;406;
1;1;593;461;
2;1;501;374;
3;1;501;551;
4;1;582;451;
5;1;571;1009;
6;1;559;758;
7;1;593;832;
8;1;534;1242;
9;1;570;906;
10;1;537;1109;
11;1;505;1302;
12;1;585;1480;
13;1;539;1678;
14;1;536;1687;
15;1;578;1831;
16;1;589;1730;
17;1;567;1801;
18;1;576;2138;
19;1;501;1957;
20;1;543;2238;
21;1;542;2106;
22;1;581;2670;
23;1;503;2585;
24;1;591;2977;
25;1;524;2742;
26;1;523;2944;
27;1;514;3018;
28;1;598;2818;
29;1;516;3277;
30;1;548;3256;
31;1;571;3557;
32;1;514;3274;
33;1;530;3760;
34;1;508;3769;
35;1;549;3619;
36;1;553;4148;
37;1;502;3714;
38;1;529;4239;
39;1;598;4350;
40;1;579;4031;
41;1;545;4171;
42;1;501;4228;
43;1;560;4538;
44;1;515;4812;
45;1;584;4681;
46;1;572;5169;
47;1;502;4751;
48;1;595;4835;
49;1;526;5397;
