****15****
100
13;27;1;2;0;
55;65;1;2;0;
69;8;1;2;0;
49;97;1;2;0;
63;98;1;2;0;
67;41;1;2;0;
71;63;1;2;0;
94;72;1;2;0;
73;6;1;2;0;
22;87;1;2;0;
85;5;1;2;0;
1;56;1;2;0;
10;2;1;2;0;
93;56;1;2;0;
85;71;1;2;0;
9;49;1;2;0;
97;63;1;2;0;
65;17;1;2;0;
70;13;1;2;0;
65;32;1;2;0;
62;31;1;2;0;
25;33;1;2;0;
93;70;1;2;0;
4;66;1;2;0;
27;25;1;2;0;
4;63;1;2;0;
81;4;1;2;0;
71;42;1;2;0;
6;63;1;2;0;
50;42;1;2;0;
33;58;1;2;0;
90;81;1;2;0;
21;54;1;2;0;
49;90;1;2;0;
18;13;1;2;0;
74;79;1;2;0;
43;50;1;2;0;
11;88;1;2;0;
71;66;1;2;0;
53;50;1;2;0;
42;8;1;2;0;
12;74;1;2;0;
12;82;1;2;0;
68;69;1;2;0;
97;17;1;2;0;
10;29;1;2;0;
74;51;1;2;0;
62;94;1;2;0;
4;10;1;2;0;
36;21;1;2;0;
23;9;1;2;2279;
17;10;1;2;1923;
4;32;1;2;1417;
8;81;1;2;909;
16;93;1;2;454;
27;26;1;2;1292;
47;22;1;2;1834;
8;3;1;2;1546;
58;16;1;2;284;
61;25;1;2;1934;
33;99;1;2;732;
35;16;1;2;128;
96;19;1;2;615;
27;27;1;2;535;
47;42;1;2;1297;
92;20;1;2;2299;
5;18;1;2;1400;
33;25;1;2;1721;
87;82;1;2;2158;
35;94;1;2;2160;
17;78;1;2;1390;
60;12;1;2;106;
63;60;1;2;649;
98;86;1;2;315;
66;84;1;2;293;
25;27;1;2;2434;
62;83;1;2;118;
73;16;1;2;2477;
85;2;1;2;266;
13;88;1;2;1943;
17;5;1;2;2323;
67;16;1;2;1188;
37;78;1;2;460;
25;28;1;2;1560;
39;93;1;2;395;
98;17;1;2;2422;
76;31;1;2;1433;
23;3;1;2;1765;
94;87;1;2;2463;
98;99;1;2;1311;
95;15;1;2;247;
69;34;1;2;1;
6;70;1;2;706;
55;94;1;2;473;
40;84;1;2;2341;
9;33;1;2;106;
56;60;1;2;1070;
85;82;1;2;1633;
82;27;1;2;1016;
32;24;1;2;1378;
0;1;569;413;
1;1;510;530;
2;1;538;418;
3;1;567;442;
4;1;564;584;
5;1;549;925;
6;1;518;946;
7;1;592;946;
8;1;549;1197;
9;1;549;1175;
10;1;535;1023;
11;1;592;1647;
12;1;510;1262;
13;1;594;1825;
14;1;504;1812;
15;1;548;1540;
16;1;586;2070;
17;1;535;1729;
18;1;551;2055;
19;1;569;2155;
20;1;506;2135;
21;1;522;2196;
22;1;558;2282;
23;1;550;2757;
24;1;592;2473;
25;1;513;2887;
26;1;553;2659;
27;1;593;2900;
28;1;529;2929;
29;1;567;3399;
30;1;506;3312;
31;1;508;3298;
32;1;523;3422;
33;1;517;3756;
34;1;595;3720;
35;1;539;3675;
36;1;503;4006;
37;1;578;3755;
38;1;529;4197;
39;1;569;3955;
40;1;576;4384;
41;1;546;4618;
42;1;588;4694;
43;1;542;4403;
44;1;528;4440;
45;1;552;4705;
46;1;575;5060;
47;1;528;4712;
48;1;553;5141;
49;1;574;4982;
