****0****
100
61;26;1;2;0;
79;30;1;2;0;
53;3;1;2;0;
50;95;1;2;0;
60;61;1;2;0;
47;13;1;2;0;
12;6;1;2;0;
84;63;1;2;0;
26;21;1;2;0;
38;60;1;2;0;
1;64;1;2;0;
97;54;1;2;0;
75;40;1;2;0;
91;21;1;2;0;
36;33;1;2;0;
77;96;1;2;0;
10;55;1;2;0;
26;62;1;2;0;
9;75;1;2;0;
8;20;1;2;0;
87;54;1;2;0;
32;51;1;2;0;
12;67;1;2;0;
65;37;1;2;0;
40;2;1;2;0;
48;40;1;2;0;
65;44;1;2;0;
46;91;1;2;0;
35;36;1;2;0;
11;70;1;2;0;
20;87;1;2;0;
66;29;1;2;0;
93;43;1;2;0;
91;1;1;2;0;
69;50;1;2;0;
72;55;1;2;0;
56;55;1;2;0;
57;67;1;2;0;
22;21;1;2;0;
55;61;1;2;0;
74;2;1;2;0;
52;91;1;2;0;
45;49;1;2;0;
81;79;1;2;0;
84;92;1;2;0;
1;55;1;2;0;
30;18;1;2;0;
84;75;1;2;0;
60;26;1;2;0;
27;28;1;2;0;
75;99;1;2;978;
30;53;1;2;1305;
48;26;1;2;1199;
2;38;1;2;2016;
3;90;1;2;731;
99;38;1;2;1416;
30;74;1;2;1588;
30;28;1;2;773;
99;63;1;2;2303;
58;40;1;2;193;
37;67;1;2;1029;
70;48;1;2;2183;
12;96;1;2;153;
27;97;1;2;1516;
63;52;1;2;138;
41;50;1;2;1351;
47;79;1;2;1076;
49;60;1;2;1442;
28;58;1;2;1245;
33;67;1;2;1283;
64;3;1;2;255;
94;25;1;2;1948;
28;88;1;2;2002;
87;14;1;2;638;
84;28;1;2;2498;
70;68;1;2;585;
46;67;1;2;60;
46;15;1;2;6;
74;42;1;2;996;
17;26;1;2;1159;
99;89;1;2;2133;
99;34;1;2;2398;
94;61;1;2;756;
37;48;1;2;913;
76;31;1;2;2380;
66;53;1;2;892;
57;50;1;2;363;
79;95;1;2;2384;
9;21;1;2;227;
100;89;1;2;1199;
5;87;1;2;489;
65;85;1;2;1635;
49;30;1;2;1812;
73;66;1;2;1181;
10;41;1;2;1258;
74;58;1;2;2180;
58;67;1;2;299;
60;45;1;2;1695;
24;5;1;2;306;
33;4;1;2;2383;
0;1;17;11;
1;1;44;133;
2;1;25;204;
3;1;50;323;
4;1;10;409;
5;1;46;528;
6;1;40;606;
7;1;18;715;
8;1;30;816;
9;1;44;921;
10;1;43;1028;
11;1;1;1100;
12;1;44;1220;
13;1;42;1331;
14;1;9;1406;
15;1;21;1500;
16;1;6;1602;
17;1;19;1710;
18;1;46;1837;
19;1;5;1901;
20;1;41;2040;
21;1;34;2115;
22;1;8;2202;
23;1;21;2316;
24;1;29;2414;
25;1;31;2519;
26;1;12;2604;
27;1;11;2702;
28;1;7;2806;
29;1;21;2903;
30;1;1;3000;
31;1;45;3125;
32;1;9;3205;
33;1;38;3306;
34;1;34;3423;
35;1;13;3500;
36;1;46;3605;
37;1;4;3702;
38;1;48;3809;
39;1;42;3924;
40;1;40;4021;
41;1;50;4102;
42;1;3;4201;
43;1;10;4300;
44;1;13;4410;
45;1;28;4519;
46;1;27;4621;
47;1;21;4709;
48;1;36;4805;
49;1;41;4913;
