****4****
100
49;92;1;2;0;
72;70;1;2;0;
31;94;1;2;0;
43;20;1;2;0;
61;84;1;2;0;
47;80;1;2;0;
79;47;1;2;0;
87;84;1;2;0;
71;33;1;2;0;
38;78;1;2;0;
54;27;1;2;0;
16;97;1;2;0;
46;30;1;2;0;
72;87;1;2;0;
28;47;1;2;0;
82;76;1;2;0;
90;53;1;2;0;
98;20;1;2;0;
98;92;1;2;0;
91;58;1;2;0;
75;37;1;2;0;
90;6;1;2;0;
35;76;1;2;0;
41;5;1;2;0;
60;78;1;2;0;
34;14;1;2;0;
57;49;1;2;0;
62;2;1;2;0;
31;85;1;2;0;
88;58;1;2;0;
31;21;1;2;0;
86;72;1;2;0;
25;83;1;2;0;
91;23;1;2;0;
26;81;1;2;0;
32;100;1;2;0;
69;21;1;2;0;
57;3;1;2;0;
49;97;1;2;0;
59;8;1;2;0;
27;93;1;2;0;
73;83;1;2;0;
93;86;1;2;0;
36;23;1;2;0;
22;23;1;2;0;
33;4;1;2;0;
43;18;1;2;0;
75;67;1;2;0;
52;65;1;2;0;
41;77;1;2;0;
97;73;1;2;504;
17;93;1;2;1614;
19;41;1;2;801;
78;1;1;2;2281;
22;25;1;2;1224;
66;63;1;2;544;
89;84;1;2;1675;
73;88;1;2;479;
90;62;1;2;1125;
41;79;1;2;1906;
17;27;1;2;965;
44;44;1;2;918;
28;62;1;2;817;
61;91;1;2;1421;
19;64;1;2;325;
60;30;1;2;2425;
35;70;1;2;55;
37;42;1;2;1071;
28;31;1;2;2014;
90;23;1;2;527;
93;91;1;2;2121;
67;86;1;2;404;
86;66;1;2;96;
98;26;1;2;1332;
9;96;1;2;104;
97;55;1;2;2103;
47;42;1;2;371;
81;78;1;2;2352;
53;57;1;2;195;
39;47;1;2;2313;
3;91;1;2;1674;
46;9;1;2;1283;
31;95;1;2;258;
78;92;1;2;1899;
20;52;1;2;987;
73;49;1;2;1246;
7;95;1;2;725;
10;75;1;2;1095;
6;80;1;2;339;
32;18;1;2;2084;
84;73;1;2;736;
26;18;1;2;2260;
5;48;1;2;76;
50;78;1;2;3;
71;97;1;2;962;
88;21;1;2;778;
12;79;1;2;1876;
76;40;1;2;1814;
18;45;1;2;1660;
68;28;1;2;931;
0;1;16;10;
1;1;29;101;
2;1;38;207;
3;1;2;301;
4;1;46;442;
5;1;41;525;
6;1;30;613;
7;1;21;711;
8;1;1;800;
9;1;4;901;
10;1;23;1012;
11;1;40;1111;
12;1;42;1216;
13;1;8;1306;
14;1;26;1422;
15;1;33;1529;
16;1;49;1622;
17;1;46;1729;
18;1;11;1802;
19;1;29;1903;
20;1;43;2015;
21;1;30;2102;
22;1;33;2226;
23;1;43;2342;
24;1;46;2420;
25;1;49;2506;
26;1;32;2607;
27;1;29;2708;
28;1;46;2813;
29;1;3;2901;
30;1;24;3006;
31;1;15;3101;
32;1;50;3211;
33;1;9;3303;
34;1;8;3405;
35;1;16;3500;
36;1;9;3608;
37;1;25;3717;
38;1;1;3800;
39;1;29;3907;
40;1;15;4006;
41;1;14;4107;
42;1;16;4214;
43;1;22;4312;
44;1;34;4413;
45;1;35;4502;
46;1;11;4600;
47;1;31;4700;
48;1;12;4809;
49;1;22;4905;
