****2****
100
87;97;1;2;0;
9;70;1;2;0;
96;96;1;2;0;
15;54;1;2;0;
29;78;1;2;0;
46;58;1;2;0;
94;26;1;2;0;
56;57;1;2;0;
42;48;1;2;0;
48;54;1;2;0;
73;2;1;2;0;
49;44;1;2;0;
9;20;1;2;0;
82;55;1;2;0;
65;73;1;2;0;
81;3;1;2;0;
21;42;1;2;0;
72;17;1;2;0;
89;39;1;2;0;
22;17;1;2;0;
16;67;1;2;0;
74;10;1;2;0;
93;30;1;2;0;
18;86;1;2;0;
77;18;1;2;0;
92;49;1;2;0;
19;40;1;2;0;
44;28;1;2;0;
59;78;1;2;0;
82;75;1;2;0;
50;14;1;2;0;
78;23;1;2;0;
7;1;1;2;0;
91;95;1;2;0;
39;12;1;2;0;
11;55;1;2;0;
79;85;1;2;0;
16;23;1;2;0;
66;85;1;2;0;
8;94;1;2;0;
2;99;1;2;0;
43;21;1;2;0;
90;38;1;2;0;
48;100;1;2;0;
15;81;1;2;0;
75;17;1;2;0;
46;4;1;2;0;
39;53;1;2;0;
56;29;1;2;0;
99;95;1;2;0;
92;10;1;2;2402;
22;46;1;2;1375;
44;11;1;2;1209;
4;4;1;2;115;
54;98;1;2;1635;
44;36;1;2;2121;
95;2;1;2;1398;
21;18;1;2;1816;
24;8;1;2;2435;
32;88;1;2;1392;
26;80;1;2;874;
26;1;1;2;2023;
93;45;1;2;1141;
44;100;1;2;869;
97;53;1;2;59;
70;48;1;2;1816;
42;43;1;2;1494;
98;15;1;2;792;
48;39;1;2;1833;
53;22;1;2;1739;
5;47;1;2;418;
18;24;1;2;1113;
76;68;1;2;2181;
96;11;1;2;2155;
72;8;1;2;2317;
45;29;1;2;924;
5;23;1;2;2396;
18;20;1;2;790;
1;19;1;2;1611;
40;72;1;2;1220;
18;76;1;2;1029;
75;46;1;2;943;
84;21;1;2;2335;
38;17;1;2;1414;
42;88;1;2;801;
99;84;1;2;2131;
8;40;1;2;19;
58;9;1;2;869;
75;10;1;2;1495;
30;1;1;2;1832;
6;18;1;2;773;
80;44;1;2;1694;
77;27;1;2;1618;
93;64;1;2;1685;
20;58;1;2;266;
53;8;1;2;2422;
67;15;1;2;2470;
55;25;1;2;1902;
63;99;1;2;1513;
41;29;1;2;637;
0;1;40;25;
1;1;10;103;
2;1;18;208;
3;1;36;333;
4;1;32;409;
5;1;39;505;
6;1;38;603;
7;1;4;700;
8;1;12;811;
9;1;21;914;
10;1;26;1001;
11;1;35;1116;
12;1;25;1223;
13;1;1;1300;
14;1;41;1420;
15;1;10;1509;
16;1;18;1603;
17;1;46;1700;
18;1;24;1806;
19;1;31;1926;
20;1;10;2008;
21;1;4;2102;
22;1;28;2222;
23;1;37;2315;
24;1;20;2418;
25;1;17;2516;
26;1;2;2601;
27;1;49;2725;
28;1;4;2800;
29;1;47;2917;
30;1;31;3002;
31;1;24;3106;
32;1;28;3204;
33;1;35;3322;
34;1;1;3400;
35;1;10;3509;
36;1;35;3602;
37;1;8;3705;
38;1;21;3819;
39;1;1;3900;
40;1;2;4000;
41;1;40;4104;
42;1;22;4211;
43;1;35;4320;
44;1;41;4422;
45;1;20;4512;
46;1;39;4604;
47;1;23;4714;
48;1;14;4809;
49;1;19;4917;
