****6****
100
87;97;1;2;0;
89;24;1;2;0;
1;58;1;2;0;
80;40;1;2;0;
93;35;1;2;0;
43;98;1;2;0;
80;46;1;2;0;
72;68;1;2;0;
94;54;1;2;0;
32;69;1;2;0;
86;18;1;2;0;
17;44;1;2;0;
14;38;1;2;0;
57;23;1;2;0;
31;27;1;2;0;
100;17;1;2;0;
23;40;1;2;0;
40;75;1;2;0;
97;72;1;2;0;
67;42;1;2;0;
6;9;1;2;0;
91;85;1;2;0;
6;62;1;2;0;
4;99;1;2;0;
67;87;1;2;0;
67;53;1;2;0;
4;35;1;2;0;
96;69;1;2;0;
72;53;1;2;0;
43;2;1;2;0;
79;94;1;2;0;
18;53;1;2;0;
33;9;1;2;0;
80;82;1;2;0;
80;46;1;2;0;
75;37;1;2;0;
54;65;1;2;0;
73;11;1;2;0;
78;77;1;2;0;
9;45;1;2;0;
63;27;1;2;0;
97;19;1;2;0;
61;44;1;2;0;
39;84;1;2;0;
96;82;1;2;0;
37;26;1;2;0;
27;6;1;2;0;
31;12;1;2;0;
14;10;1;2;0;
45;46;1;2;0;
55;19;1;2;559;
60;35;1;2;2447;
70;64;1;2;1608;
30;60;1;2;739;
56;8;1;2;2270;
16;52;1;2;109;
51;47;1;2;98;
87;25;1;2;995;
92;55;1;2;254;
57;16;1;2;140;
2;70;1;2;1341;
36;81;1;2;308;
42;2;1;2;1919;
76;31;1;2;1562;
72;86;1;2;1533;
39;53;1;2;669;
44;3;1;2;162;
82;41;1;2;1620;
46;32;1;2;41;
22;88;1;2;1486;
41;42;1;2;1523;
31;77;1;2;1361;
54;70;1;2;1790;
93;45;1;2;30;
92;68;1;2;1932;
98;58;1;2;1841;
7;1;1;2;2130;
62;82;1;2;520;
94;80;1;2;2071;
79;1;1;2;2052;
32;41;1;2;2327;
5;71;1;2;957;
59;77;1;2;389;
65;69;1;2;2231;
50;12;1;2;2220;
71;61;1;2;131;
97;67;1;2;1075;
24;81;1;2;150;
44;74;1;2;853;
46;4;1;2;938;
36;87;1;2;545;
19;92;1;2;1021;
78;2;1;2;170;
10;66;1;2;2416;
86;67;1;2;1818;
30;38;1;2;2412;
83;86;1;2;2364;
88;61;1;2;1841;
75;4;1;2;2460;
93;2;1;2;1767;
0;1;9;7;
1;1;14;103;
2;1;6;200;
3;1;47;339;
4;1;10;403;
5;1;45;529;
6;1;29;617;
7;1;42;735;
8;1;11;802;
9;1;18;906;
10;1;16;1015;
11;1;33;1122;
12;1;32;1204;
13;1;32;1304;
14;1;50;1432;
15;1;33;1514;
16;1;21;1611;
17;1;27;1700;
18;1;4;1802;
19;1;13;1902;
20;1;30;2018;
21;1;40;2118;
22;1;40;2232;
23;1;26;2312;
24;1;15;2402;
25;1;47;2503;
26;1;28;2604;
27;1;7;2703;
28;1;36;2827;
29;1;15;2901;
30;1;22;3009;
31;1;46;3130;
32;1;45;3204;
33;1;22;3306;
34;1;1;3400;
35;1;13;3511;
36;1;46;3621;
37;1;41;3733;
38;1;36;3807;
39;1;38;3907;
40;1;9;4007;
41;1;31;4123;
42;1;15;4204;
43;1;49;4315;
44;1;29;4418;
45;1;40;4512;
46;1;12;4606;
47;1;47;4731;
48;1;11;4809;
49;1;9;4903;
