****1****
100
56;4;1;2;0;
93;51;1;2;0;
99;96;1;2;0;
5;49;1;2;0;
21;47;1;2;0;
77;62;1;2;0;
20;78;1;2;0;
67;74;1;2;0;
87;28;1;2;0;
85;51;1;2;0;
62;64;1;2;0;
66;88;1;2;0;
36;39;1;2;0;
22;71;1;2;0;
100;13;1;2;0;
40;55;1;2;0;
16;84;1;2;0;
5;66;1;2;0;
31;62;1;2;0;
14;3;1;2;0;
8;42;1;2;0;
17;79;1;2;0;
19;83;1;2;0;
5;57;1;2;0;
10;89;1;2;0;
8;71;1;2;0;
4;25;1;2;0;
58;39;1;2;0;
63;32;1;2;0;
62;15;1;2;0;
44;53;1;2;0;
69;11;1;2;0;
36;26;1;2;0;
76;66;1;2;0;
87;42;1;2;0;
68;46;1;2;0;
83;36;1;2;0;
24;54;1;2;0;
18;28;1;2;0;
10;80;1;2;0;
68;69;1;2;0;
2;72;1;2;0;
94;12;1;2;0;
62;8;1;2;0;
43;75;1;2;0;
22;86;1;2;0;
27;43;1;2;0;
48;14;1;2;0;
68;23;1;2;0;
79;54;1;2;0;
16;99;1;2;376;
99;34;1;2;1264;
4;4;1;2;1575;
13;83;1;2;1463;
82;36;1;2;1191;
27;47;1;2;406;
86;89;1;2;1038;
60;26;1;2;2045;
2;73;1;2;943;
69;48;1;2;820;
74;63;1;2;273;
24;13;1;2;844;
49;16;1;2;1910;
2;81;1;2;2098;
75;62;1;2;1672;
70;40;1;2;162;
79;25;1;2;270;
11;84;1;2;54;
21;85;1;2;289;
44;5;1;2;1334;
98;78;1;2;1290;
2;53;1;2;1422;
92;2;1;2;1231;
84;3;1;2;1723;
11;29;1;2;1653;
25;51;1;2;1619;
85;29;1;2;2149;
34;91;1;2;1420;
61;63;1;2;540;
64;7;1;2;1775;
14;56;1;2;1804;
26;10;1;2;1007;
55;1;1;2;646;
100;84;1;2;2300;
24;46;1;2;2427;
14;22;1;2;2226;
90;7;1;2;2099;
43;40;1;2;588;
32;52;1;2;2239;
57;15;1;2;493;
86;28;1;2;1174;
45;6;1;2;2055;
57;60;1;2;1481;
69;11;1;2;1365;
36;87;1;2;1303;
84;100;1;2;468;
33;89;1;2;1524;
11;84;1;2;2242;
80;67;1;2;175;
11;23;1;2;616;
0;1;2;1;
1;1;6;105;
2;1;5;202;
3;1;4;300;
4;1;22;402;
5;1;31;510;
6;1;2;600;
7;1;21;720;
8;1;4;803;
9;1;3;901;
10;1;10;1008;
11;1;47;1107;
12;1;26;1223;
13;1;11;1304;
14;1;38;1408;
15;1;15;1508;
16;1;45;1619;
17;1;36;1730;
18;1;32;1802;
19;1;13;1903;
20;1;2;2000;
21;1;41;2102;
22;1;13;2201;
23;1;45;2325;
24;1;30;2426;
25;1;2;2501;
26;1;17;2608;
27;1;34;2726;
28;1;25;2821;
29;1;31;2920;
30;1;31;3028;
31;1;2;3100;
32;1;18;3206;
33;1;27;3316;
34;1;30;3408;
35;1;8;3502;
36;1;34;3613;
37;1;35;3710;
38;1;9;3804;
39;1;12;3903;
40;1;30;4014;
41;1;31;4100;
42;1;14;4200;
43;1;43;4332;
44;1;13;4412;
45;1;3;4502;
46;1;22;4607;
47;1;20;4718;
48;1;46;4829;
49;1;40;4926;
