****3****
100
72;30;1;2;0;
76;7;1;2;0;
42;83;1;2;0;
68;64;1;2;0;
29;18;1;2;0;
8;32;1;2;0;
37;47;1;2;0;
89;10;1;2;0;
39;73;1;2;0;
87;31;1;2;0;
55;8;1;2;0;
3;44;1;2;0;
3;78;1;2;0;
59;18;1;2;0;
85;79;1;2;0;
83;8;1;2;0;
8;58;1;2;0;
66;1;1;2;0;
93;86;1;2;0;
17;21;1;2;0;
55;24;1;2;0;
4;43;1;2;0;
23;92;1;2;0;
53;61;1;2;0;
64;39;1;2;0;
91;19;1;2;0;
99;45;1;2;0;
14;1;1;2;0;
22;72;1;2;0;
70;58;1;2;0;
3;52;1;2;0;
18;10;1;2;0;
62;83;1;2;0;
63;54;1;2;0;
68;79;1;2;0;
74;23;1;2;0;
2;77;1;2;0;
65;76;1;2;0;
21;69;1;2;0;
36;84;1;2;0;
60;78;1;2;0;
54;58;1;2;0;
75;67;1;2;0;
10;48;1;2;0;
91;79;1;2;0;
58;93;1;2;0;
82;75;1;2;0;
54;43;1;2;0;
57;68;1;2;0;
96;77;1;2;0;
46;21;1;2;249;
100;50;1;2;2387;
75;70;1;2;1981;
63;5;1;2;495;
92;59;1;2;1206;
66;77;1;2;2423;
14;19;1;2;1979;
71;11;1;2;2276;
97;17;1;2;1691;
5;84;1;2;2372;
81;82;1;2;2254;
83;33;1;2;1478;
50;7;1;2;918;
37;21;1;2;2392;
83;13;1;2;1688;
38;30;1;2;1113;
54;43;1;2;1843;
48;65;1;2;1905;
75;13;1;2;981;
97;18;1;2;979;
15;50;1;2;893;
53;33;1;2;428;
92;82;1;2;2156;
52;70;1;2;1527;
64;4;1;2;1918;
39;41;1;2;185;
90;94;1;2;1334;
11;93;1;2;794;
43;19;1;2;713;
43;16;1;2;556;
79;30;1;2;1811;
47;34;1;2;2225;
96;77;1;2;1687;
3;28;1;2;2180;
82;91;1;2;1696;
74;81;1;2;1443;
95;22;1;2;1347;
62;33;1;2;886;
94;27;1;2;2338;
39;22;1;2;2391;
100;100;1;2;920;
63;98;1;2;177;
6;93;1;2;1644;
34;47;1;2;1237;
31;81;1;2;1351;
83;6;1;2;1174;
75;52;1;2;1819;
12;13;1;2;130;
41;7;1;2;511;
41;45;1;2;1445;
0;1;7;0;
1;1;11;110;
2;1;7;202;
3;1;33;317;
4;1;1;400;
5;1;50;549;
6;1;23;614;
7;1;32;704;
8;1;15;806;
9;1;8;904;
10;1;38;1003;
11;1;1;1100;
12;1;48;1240;
13;1;6;1303;
14;1;35;1429;
15;1;48;1543;
16;1;46;1605;
17;1;46;1745;
18;1;16;1803;
19;1;19;1918;
20;1;21;2009;
21;1;20;2105;
22;1;2;2200;
23;1;44;2333;
24;1;37;2430;
25;1;6;2505;
26;1;38;2619;
27;1;23;2715;
28;1;1;2800;
29;1;25;2909;
30;1;32;3017;
31;1;28;3116;
32;1;31;3216;
33;1;32;3328;
34;1;5;3400;
35;1;19;3500;
36;1;20;3607;
37;1;22;3712;
38;1;40;3815;
39;1;40;3935;
40;1;18;4009;
41;1;1;4100;
42;1;3;4200;
43;1;44;4318;
44;1;5;4404;
45;1;40;4526;
46;1;43;4628;
47;1;15;4700;
48;1;42;4826;
49;1;24;4915;
