****13****
100
528;543;1;2;0;
463;492;1;2;0;
481;533;1;2;0;
489;498;1;2;0;
520;549;1;2;0;
489;518;1;2;0;
474;488;1;2;0;
535;479;1;2;0;
547;478;1;2;0;
486;549;1;2;0;
516;537;1;2;0;
476;505;1;2;0;
486;452;1;2;0;
451;456;1;2;0;
457;516;1;2;0;
518;487;1;2;0;
461;483;1;2;0;
481;492;1;2;0;
467;472;1;2;0;
540;489;1;2;0;
471;479;1;2;0;
509;495;1;2;0;
469;495;1;2;0;
476;467;1;2;0;
475;512;1;2;0;
518;493;1;2;0;
499;545;1;2;0;
548;488;1;2;0;
499;501;1;2;0;
546;458;1;2;0;
519;466;1;2;0;
547;531;1;2;0;
500;478;1;2;0;
473;517;1;2;0;
500;516;1;2;0;
508;522;1;2;0;
497;468;1;2;0;
519;517;1;2;0;
465;546;1;2;0;
486;490;1;2;0;
460;506;1;2;0;
533;462;1;2;0;
453;483;1;2;0;
452;503;1;2;0;
534;548;1;2;0;
463;504;1;2;0;
464;461;1;2;0;
537;466;1;2;0;
541;512;1;2;0;
533;492;1;2;0;
478;544;1;2;9091;
526;462;1;2;5051;
545;477;1;2;7706;
533;469;1;2;2408;
489;504;1;2;5235;
493;537;1;2;4455;
498;473;1;2;3793;
511;479;1;2;11664;
474;466;1;2;5410;
466;529;1;2;5809;
460;509;1;2;5328;
478;537;1;2;5861;
465;532;1;2;3034;
501;515;1;2;4361;
499;507;1;2;11731;
509;450;1;2;10893;
521;498;1;2;212;
483;511;1;2;3993;
459;536;1;2;12029;
504;504;1;2;9412;
485;514;1;2;7048;
459;542;1;2;11663;
546;509;1;2;4385;
511;512;1;2;2494;
548;461;1;2;8418;
486;520;1;2;1927;
516;491;1;2;8655;
517;524;1;2;9906;
499;486;1;2;11076;
498;540;1;2;11694;
528;527;1;2;9045;
470;537;1;2;12220;
547;533;1;2;1906;
510;494;1;2;10173;
539;492;1;2;2565;
525;481;1;2;9954;
463;547;1;2;11795;
453;466;1;2;652;
453;467;1;2;55;
542;468;1;2;4187;
486;498;1;2;6355;
493;518;1;2;25;
497;467;1;2;3559;
460;528;1;2;8128;
485;517;1;2;5591;
522;545;1;2;8318;
482;510;1;2;2200;
483;514;1;2;587;
458;469;1;2;7473;
522;461;1;2;10521;
0;1;227;227;
1;1;248;748;
2;1;79;1079;
3;1;108;1608;
4;1;94;2094;
5;1;98;2598;
6;1;79;3079;
7;1;241;3741;
8;1;165;4165;
9;1;232;4732;
10;1;51;5051;
11;1;95;5595;
12;1;132;6132;
13;1;186;6686;
14;1;213;7213;
15;1;175;7675;
16;1;161;8161;
17;1;108;8608;
18;1;100;9100;
19;1;143;9643;
