****3****
100
488;464;1;2;0;
493;521;1;2;0;
479;511;1;2;0;
518;535;1;2;0;
484;487;1;2;0;
504;502;1;2;0;
514;530;1;2;0;
476;518;1;2;0;
452;488;1;2;0;
480;546;1;2;0;
504;511;1;2;0;
522;492;1;2;0;
489;471;1;2;0;
528;458;1;2;0;
467;544;1;2;0;
469;457;1;2;0;
510;464;1;2;0;
529;540;1;2;0;
525;497;1;2;0;
477;460;1;2;0;
487;531;1;2;0;
512;503;1;2;0;
463;490;1;2;0;
523;466;1;2;0;
529;505;1;2;0;
514;483;1;2;0;
467;539;1;2;0;
477;506;1;2;0;
460;507;1;2;0;
467;529;1;2;0;
501;486;1;2;0;
537;461;1;2;0;
501;516;1;2;0;
503;476;1;2;0;
515;530;1;2;0;
486;452;1;2;0;
463;501;1;2;0;
506;477;1;2;0;
493;531;1;2;0;
545;472;1;2;0;
487;509;1;2;0;
457;504;1;2;0;
498;536;1;2;0;
512;460;1;2;0;
493;529;1;2;0;
540;544;1;2;0;
466;527;1;2;0;
508;469;1;2;0;
545;513;1;2;0;
495;510;1;2;0;
546;484;1;2;1123;
511;487;1;2;6243;
490;530;1;2;7790;
485;505;1;2;7267;
545;464;1;2;164;
545;451;1;2;2740;
508;494;1;2;9632;
498;541;1;2;5518;
527;451;1;2;347;
522;466;1;2;5489;
534;462;1;2;3804;
549;524;1;2;1815;
524;464;1;2;6673;
529;452;1;2;3267;
522;499;1;2;8253;
470;494;1;2;11371;
532;452;1;2;9688;
525;452;1;2;8128;
535;481;1;2;4961;
515;453;1;2;2008;
541;490;1;2;1043;
453;541;1;2;9088;
454;516;1;2;4470;
488;547;1;2;3096;
528;519;1;2;259;
531;491;1;2;4335;
487;525;1;2;1052;
492;453;1;2;11473;
535;538;1;2;3907;
532;455;1;2;7971;
497;547;1;2;106;
522;502;1;2;7074;
526;459;1;2;10752;
544;549;1;2;5793;
516;527;1;2;738;
537;509;1;2;8254;
502;498;1;2;6714;
474;540;1;2;5752;
549;478;1;2;11523;
455;512;1;2;11874;
516;459;1;2;12293;
470;483;1;2;5357;
515;511;1;2;5383;
526;457;1;2;6543;
534;523;1;2;241;
515;510;1;2;7867;
538;515;1;2;3289;
489;539;1;2;8698;
542;538;1;2;7219;
536;495;1;2;5088;
0;1;138;138;
1;1;65;565;
2;1;146;1146;
3;1;184;1684;
4;1;137;2137;
5;1;231;2731;
6;1;136;3136;
7;1;152;3652;
8;1;93;4093;
9;1;48;4548;
10;1;128;5128;
11;1;200;5700;
12;1;10;6010;
13;1;64;6564;
14;1;74;7074;
15;1;198;7698;
16;1;129;8129;
17;1;36;8536;
18;1;199;9199;
19;1;220;9720;
