****18****
100
486;502;1;2;0;
457;473;1;2;0;
474;532;1;2;0;
481;514;1;2;0;
509;503;1;2;0;
540;488;1;2;0;
531;529;1;2;0;
506;522;1;2;0;
452;454;1;2;0;
544;533;1;2;0;
541;519;1;2;0;
481;492;1;2;0;
471;514;1;2;0;
496;528;1;2;0;
505;533;1;2;0;
462;541;1;2;0;
538;469;1;2;0;
517;462;1;2;0;
503;548;1;2;0;
478;463;1;2;0;
454;468;1;2;0;
453;535;1;2;0;
499;509;1;2;0;
507;453;1;2;0;
465;453;1;2;0;
536;509;1;2;0;
474;468;1;2;0;
451;548;1;2;0;
532;497;1;2;0;
526;539;1;2;0;
533;539;1;2;0;
483;521;1;2;0;
510;450;1;2;0;
485;464;1;2;0;
548;513;1;2;0;
529;504;1;2;0;
531;532;1;2;0;
489;481;1;2;0;
544;499;1;2;0;
484;459;1;2;0;
502;523;1;2;0;
470;479;1;2;0;
541;471;1;2;0;
477;475;1;2;0;
471;453;1;2;0;
464;506;1;2;0;
494;497;1;2;0;
477;507;1;2;0;
497;464;1;2;0;
521;548;1;2;0;
527;452;1;2;9419;
460;534;1;2;11166;
543;480;1;2;11875;
530;542;1;2;11268;
503;462;1;2;6352;
494;536;1;2;1200;
471;457;1;2;11670;
485;465;1;2;11459;
533;492;1;2;2242;
532;458;1;2;6072;
530;535;1;2;8257;
535;497;1;2;3845;
479;491;1;2;9750;
472;471;1;2;10643;
469;476;1;2;529;
496;472;1;2;10578;
501;493;1;2;9408;
510;528;1;2;12123;
516;463;1;2;63;
478;546;1;2;9914;
464;478;1;2;10530;
499;463;1;2;11642;
523;492;1;2;2749;
526;514;1;2;8284;
472;486;1;2;573;
531;484;1;2;232;
476;535;1;2;157;
480;496;1;2;4806;
499;514;1;2;893;
512;542;1;2;12157;
533;456;1;2;4389;
491;458;1;2;145;
497;531;1;2;9319;
495;459;1;2;7555;
467;482;1;2;5486;
516;515;1;2;10101;
536;542;1;2;10737;
450;472;1;2;5925;
543;474;1;2;7762;
502;536;1;2;6626;
456;472;1;2;7954;
539;513;1;2;9412;
536;512;1;2;1707;
475;510;1;2;7729;
530;479;1;2;617;
474;545;1;2;6539;
451;483;1;2;11072;
514;536;1;2;11760;
527;481;1;2;7587;
452;533;1;2;11117;
0;1;173;173;
1;1;241;741;
2;1;132;1132;
3;1;1;1501;
4;1;30;2030;
5;1;248;2748;
6;1;39;3039;
7;1;168;3668;
8;1;10;4010;
9;1;58;4558;
10;1;93;5093;
11;1;22;5522;
12;1;91;6091;
13;1;26;6526;
14;1;3;7003;
15;1;206;7706;
16;1;152;8152;
17;1;201;8701;
18;1;237;9237;
19;1;203;9703;
