****5****
100
513;526;1;2;0;
538;477;1;2;0;
516;483;1;2;0;
529;464;1;2;0;
478;479;1;2;0;
463;503;1;2;0;
465;527;1;2;0;
467;490;1;2;0;
524;513;1;2;0;
469;495;1;2;0;
517;527;1;2;0;
538;486;1;2;0;
493;538;1;2;0;
452;523;1;2;0;
541;527;1;2;0;
515;456;1;2;0;
504;503;1;2;0;
535;470;1;2;0;
536;515;1;2;0;
485;516;1;2;0;
544;450;1;2;0;
469;459;1;2;0;
527;539;1;2;0;
452;453;1;2;0;
502;471;1;2;0;
451;521;1;2;0;
500;539;1;2;0;
510;496;1;2;0;
480;512;1;2;0;
521;471;1;2;0;
490;486;1;2;0;
529;544;1;2;0;
539;514;1;2;0;
516;477;1;2;0;
479;503;1;2;0;
495;526;1;2;0;
503;466;1;2;0;
487;532;1;2;0;
455;489;1;2;0;
536;459;1;2;0;
463;537;1;2;0;
483;465;1;2;0;
478;543;1;2;0;
511;508;1;2;0;
457;482;1;2;0;
481;497;1;2;0;
518;460;1;2;0;
543;459;1;2;0;
525;510;1;2;0;
538;506;1;2;0;
515;483;1;2;12253;
469;452;1;2;4303;
451;509;1;2;8055;
489;519;1;2;5572;
476;452;1;2;8051;
505;497;1;2;4664;
515;504;1;2;9597;
547;504;1;2;8271;
509;497;1;2;6298;
484;509;1;2;5562;
541;475;1;2;3124;
525;546;1;2;11314;
547;547;1;2;188;
461;539;1;2;550;
487;465;1;2;12247;
481;472;1;2;11172;
537;490;1;2;4677;
525;539;1;2;8044;
485;498;1;2;8182;
455;485;1;2;858;
514;528;1;2;5691;
510;503;1;2;5112;
508;453;1;2;11515;
465;464;1;2;2132;
492;453;1;2;3179;
524;485;1;2;1790;
452;472;1;2;7678;
486;499;1;2;2912;
526;534;1;2;4769;
461;540;1;2;2658;
460;456;1;2;4514;
532;516;1;2;11363;
452;474;1;2;2507;
522;541;1;2;12277;
480;483;1;2;8106;
506;458;1;2;11182;
507;512;1;2;2442;
547;500;1;2;3347;
477;476;1;2;10304;
507;539;1;2;5247;
524;450;1;2;5602;
467;484;1;2;2629;
467;539;1;2;8916;
471;463;1;2;12151;
488;493;1;2;1019;
461;502;1;2;270;
469;459;1;2;8575;
499;456;1;2;6883;
530;535;1;2;2601;
494;544;1;2;3912;
0;1;102;102;
1;1;169;669;
2;1;225;1225;
3;1;114;1614;
4;1;186;2186;
5;1;211;2711;
6;1;143;3143;
7;1;56;3556;
8;1;50;4050;
9;1;147;4647;
10;1;227;5227;
11;1;13;5513;
12;1;194;6194;
13;1;167;6667;
14;1;109;7109;
15;1;224;7724;
16;1;129;8129;
17;1;211;8711;
18;1;167;9167;
19;1;100;9600;
