****7****
100
547;515;1;2;0;
467;523;1;2;0;
540;532;1;2;0;
511;466;1;2;0;
450;539;1;2;0;
547;481;1;2;0;
524;526;1;2;0;
527;492;1;2;0;
517;505;1;2;0;
453;528;1;2;0;
454;514;1;2;0;
468;484;1;2;0;
525;506;1;2;0;
514;498;1;2;0;
549;463;1;2;0;
475;498;1;2;0;
481;544;1;2;0;
471;471;1;2;0;
478;533;1;2;0;
540;478;1;2;0;
474;537;1;2;0;
462;500;1;2;0;
465;539;1;2;0;
542;533;1;2;0;
546;498;1;2;0;
511;503;1;2;0;
462;481;1;2;0;
537;538;1;2;0;
537;501;1;2;0;
538;488;1;2;0;
467;463;1;2;0;
536;450;1;2;0;
510;458;1;2;0;
523;538;1;2;0;
493;513;1;2;0;
519;469;1;2;0;
452;531;1;2;0;
519;468;1;2;0;
520;511;1;2;0;
451;468;1;2;0;
459;464;1;2;0;
521;472;1;2;0;
495;508;1;2;0;
512;534;1;2;0;
512;500;1;2;0;
473;481;1;2;0;
466;511;1;2;0;
481;526;1;2;0;
471;454;1;2;0;
466;514;1;2;0;
518;535;1;2;5382;
472;516;1;2;11109;
490;538;1;2;1892;
543;457;1;2;10402;
509;528;1;2;1457;
454;539;1;2;1872;
491;453;1;2;9849;
514;484;1;2;2628;
475;467;1;2;3268;
497;471;1;2;11826;
513;491;1;2;11220;
549;514;1;2;4449;
453;506;1;2;10796;
471;500;1;2;11445;
499;459;1;2;8739;
452;516;1;2;6054;
468;457;1;2;5018;
486;473;1;2;2313;
520;450;1;2;2484;
534;549;1;2;4990;
512;465;1;2;8935;
528;464;1;2;12430;
511;467;1;2;6229;
534;489;1;2;8540;
516;490;1;2;2662;
476;492;1;2;12264;
478;510;1;2;1616;
534;546;1;2;4059;
473;468;1;2;5742;
480;504;1;2;10973;
461;467;1;2;11103;
484;497;1;2;12151;
522;510;1;2;12089;
517;494;1;2;2218;
514;460;1;2;4805;
473;539;1;2;10080;
549;467;1;2;6142;
533;451;1;2;4112;
491;526;1;2;6620;
450;509;1;2;4431;
461;472;1;2;10010;
486;506;1;2;10212;
526;531;1;2;8848;
535;450;1;2;5489;
483;467;1;2;11578;
523;490;1;2;10854;
457;541;1;2;10008;
500;524;1;2;1558;
544;466;1;2;954;
458;518;1;2;11319;
0;1;25;25;
1;1;80;580;
2;1;29;1029;
3;1;13;1513;
4;1;119;2119;
5;1;237;2737;
6;1;98;3098;
7;1;145;3645;
8;1;68;4068;
9;1;195;4695;
10;1;132;5132;
11;1;221;5721;
12;1;37;6037;
13;1;167;6667;
14;1;38;7038;
15;1;242;7742;
16;1;92;8092;
17;1;230;8730;
18;1;137;9137;
19;1;49;9549;
