****15****
100
496;486;1;2;0;
534;471;1;2;0;
540;466;1;2;0;
459;455;1;2;0;
547;451;1;2;0;
536;475;1;2;0;
535;530;1;2;0;
501;475;1;2;0;
505;505;1;2;0;
543;499;1;2;0;
520;495;1;2;0;
456;457;1;2;0;
473;479;1;2;0;
515;497;1;2;0;
527;545;1;2;0;
541;473;1;2;0;
481;478;1;2;0;
547;523;1;2;0;
546;456;1;2;0;
528;544;1;2;0;
509;467;1;2;0;
521;546;1;2;0;
547;472;1;2;0;
472;503;1;2;0;
479;517;1;2;0;
504;450;1;2;0;
462;511;1;2;0;
509;486;1;2;0;
492;474;1;2;0;
533;469;1;2;0;
522;477;1;2;0;
493;505;1;2;0;
457;542;1;2;0;
479;453;1;2;0;
548;509;1;2;0;
547;459;1;2;0;
526;519;1;2;0;
456;524;1;2;0;
493;530;1;2;0;
529;475;1;2;0;
549;483;1;2;0;
527;461;1;2;0;
544;486;1;2;0;
549;486;1;2;0;
463;485;1;2;0;
506;487;1;2;0;
464;501;1;2;0;
542;471;1;2;0;
545;523;1;2;0;
474;495;1;2;0;
483;524;1;2;3134;
511;545;1;2;615;
485;488;1;2;11721;
516;465;1;2;4984;
450;542;1;2;4978;
544;531;1;2;869;
533;544;1;2;3266;
541;481;1;2;6785;
544;525;1;2;7367;
539;499;1;2;669;
484;484;1;2;9491;
490;545;1;2;2932;
503;533;1;2;5452;
547;499;1;2;4212;
491;499;1;2;3000;
498;546;1;2;8368;
456;481;1;2;5810;
450;524;1;2;3416;
457;518;1;2;10929;
486;459;1;2;5905;
491;545;1;2;2035;
470;485;1;2;2301;
544;490;1;2;3418;
508;540;1;2;5026;
488;533;1;2;9669;
513;533;1;2;11565;
518;539;1;2;1265;
470;491;1;2;5634;
452;499;1;2;1602;
462;487;1;2;1971;
473;528;1;2;10099;
466;548;1;2;5393;
507;494;1;2;968;
530;452;1;2;7910;
503;491;1;2;7475;
478;454;1;2;4004;
548;474;1;2;12142;
502;494;1;2;10152;
529;549;1;2;4821;
477;513;1;2;4790;
533;537;1;2;9454;
537;453;1;2;5213;
476;462;1;2;8137;
459;543;1;2;10541;
481;496;1;2;4772;
537;524;1;2;7606;
529;475;1;2;1772;
510;527;1;2;6857;
532;506;1;2;637;
456;485;1;2;7816;
0;1;67;67;
1;1;20;520;
2;1;5;1005;
3;1;208;1708;
4;1;109;2109;
5;1;111;2611;
6;1;248;3248;
7;1;185;3685;
8;1;23;4023;
9;1;233;4733;
10;1;244;5244;
11;1;116;5616;
12;1;20;6020;
13;1;27;6527;
14;1;65;7065;
15;1;100;7600;
16;1;67;8067;
17;1;139;8639;
18;1;36;9036;
19;1;246;9746;
