****14****
100
469;474;1;2;0;
475;533;1;2;0;
466;535;1;2;0;
452;528;1;2;0;
507;516;1;2;0;
508;533;1;2;0;
463;537;1;2;0;
543;506;1;2;0;
486;523;1;2;0;
496;452;1;2;0;
504;548;1;2;0;
497;536;1;2;0;
484;509;1;2;0;
512;544;1;2;0;
468;511;1;2;0;
488;487;1;2;0;
487;513;1;2;0;
523;456;1;2;0;
498;477;1;2;0;
486;508;1;2;0;
543;545;1;2;0;
491;457;1;2;0;
532;536;1;2;0;
465;520;1;2;0;
509;512;1;2;0;
522;516;1;2;0;
462;469;1;2;0;
502;496;1;2;0;
480;516;1;2;0;
542;498;1;2;0;
529;480;1;2;0;
488;467;1;2;0;
495;513;1;2;0;
525;496;1;2;0;
540;461;1;2;0;
454;534;1;2;0;
508;547;1;2;0;
493;542;1;2;0;
534;508;1;2;0;
512;545;1;2;0;
522;485;1;2;0;
511;535;1;2;0;
504;515;1;2;0;
533;535;1;2;0;
481;526;1;2;0;
535;461;1;2;0;
508;525;1;2;0;
530;506;1;2;0;
488;457;1;2;0;
452;531;1;2;0;
520;508;1;2;6715;
479;505;1;2;10902;
471;541;1;2;8639;
486;489;1;2;9298;
521;450;1;2;7773;
527;468;1;2;5761;
464;499;1;2;9964;
502;462;1;2;12057;
477;494;1;2;12462;
468;501;1;2;11494;
501;472;1;2;9476;
518;453;1;2;7221;
530;526;1;2;11598;
500;462;1;2;6798;
543;485;1;2;4812;
523;515;1;2;1476;
487;481;1;2;5070;
530;533;1;2;6910;
532;513;1;2;6061;
490;483;1;2;11534;
502;534;1;2;10009;
524;454;1;2;11667;
454;534;1;2;2665;
527;484;1;2;9815;
487;478;1;2;9453;
499;503;1;2;7009;
482;492;1;2;4105;
514;473;1;2;6158;
510;455;1;2;3985;
503;496;1;2;11820;
548;500;1;2;7753;
466;527;1;2;10363;
488;483;1;2;6824;
490;460;1;2;5138;
504;549;1;2;3377;
506;450;1;2;8677;
525;482;1;2;2433;
524;498;1;2;7749;
510;511;1;2;11043;
507;464;1;2;1048;
489;462;1;2;1759;
455;479;1;2;10789;
477;469;1;2;10357;
483;461;1;2;834;
523;515;1;2;882;
496;524;1;2;3450;
470;499;1;2;10650;
538;525;1;2;1915;
482;485;1;2;9793;
479;542;1;2;2842;
0;1;127;127;
1;1;32;532;
2;1;145;1145;
3;1;226;1726;
4;1;39;2039;
5;1;174;2674;
6;1;103;3103;
7;1;168;3668;
8;1;195;4195;
9;1;14;4514;
10;1;151;5151;
11;1;56;5556;
12;1;36;6036;
13;1;177;6677;
14;1;123;7123;
15;1;58;7558;
16;1;173;8173;
17;1;197;8697;
18;1;181;9181;
19;1;145;9645;
