****16****
100
515;495;1;2;0;
505;492;1;2;0;
500;539;1;2;0;
501;456;1;2;0;
545;536;1;2;0;
524;464;1;2;0;
455;530;1;2;0;
521;465;1;2;0;
492;470;1;2;0;
549;515;1;2;0;
452;495;1;2;0;
482;473;1;2;0;
523;548;1;2;0;
474;539;1;2;0;
489;459;1;2;0;
486;454;1;2;0;
505;541;1;2;0;
497;507;1;2;0;
483;548;1;2;0;
514;478;1;2;0;
486;540;1;2;0;
492;544;1;2;0;
472;515;1;2;0;
459;515;1;2;0;
536;511;1;2;0;
532;490;1;2;0;
508;516;1;2;0;
514;481;1;2;0;
515;538;1;2;0;
523;506;1;2;0;
500;459;1;2;0;
510;507;1;2;0;
503;457;1;2;0;
464;536;1;2;0;
507;480;1;2;0;
516;496;1;2;0;
522;511;1;2;0;
490;545;1;2;0;
476;499;1;2;0;
462;514;1;2;0;
512;544;1;2;0;
507;470;1;2;0;
462;523;1;2;0;
454;479;1;2;0;
463;527;1;2;0;
535;513;1;2;0;
488;496;1;2;0;
470;541;1;2;0;
455;537;1;2;0;
479;465;1;2;0;
519;546;1;2;9155;
492;507;1;2;1072;
487;485;1;2;609;
499;450;1;2;1872;
545;459;1;2;8486;
457;532;1;2;11170;
539;545;1;2;3510;
524;461;1;2;11698;
470;533;1;2;7575;
476;520;1;2;4540;
543;490;1;2;10565;
504;484;1;2;6158;
457;473;1;2;1682;
511;522;1;2;6255;
528;469;1;2;2234;
466;528;1;2;155;
507;517;1;2;10538;
478;492;1;2;12467;
539;464;1;2;5323;
539;542;1;2;6141;
521;535;1;2;5637;
499;489;1;2;11526;
534;548;1;2;486;
457;510;1;2;2253;
479;540;1;2;3599;
511;456;1;2;7599;
476;466;1;2;1461;
537;546;1;2;177;
513;535;1;2;822;
521;476;1;2;5933;
451;500;1;2;4751;
525;549;1;2;7707;
481;486;1;2;4007;
512;493;1;2;6763;
467;474;1;2;5983;
541;535;1;2;10152;
545;462;1;2;6714;
517;501;1;2;11043;
535;465;1;2;10472;
468;488;1;2;713;
493;541;1;2;11944;
455;516;1;2;5363;
457;499;1;2;12131;
462;461;1;2;8928;
526;478;1;2;2647;
481;521;1;2;8659;
543;516;1;2;1482;
524;536;1;2;6066;
450;521;1;2;8601;
460;491;1;2;3821;
0;1;250;250;
1;1;135;635;
2;1;96;1096;
3;1;39;1539;
4;1;243;2243;
5;1;164;2664;
6;1;228;3228;
7;1;50;3550;
8;1;63;4063;
9;1;6;4506;
10;1;14;5014;
11;1;226;5726;
12;1;228;6228;
13;1;141;6641;
14;1;106;7106;
15;1;226;7726;
16;1;72;8072;
17;1;27;8527;
18;1;59;9059;
19;1;167;9667;
