****0****
100
453;491;1;2;0;
544;450;1;2;0;
455;460;1;2;0;
521;513;1;2;0;
480;542;1;2;0;
458;530;1;2;0;
515;521;1;2;0;
492;542;1;2;0;
473;512;1;2;0;
529;532;1;2;0;
490;461;1;2;0;
531;451;1;2;0;
501;514;1;2;0;
450;531;1;2;0;
507;463;1;2;0;
544;462;1;2;0;
504;538;1;2;0;
515;461;1;2;0;
501;486;1;2;0;
524;531;1;2;0;
478;485;1;2;0;
463;543;1;2;0;
456;505;1;2;0;
487;531;1;2;0;
519;466;1;2;0;
465;460;1;2;0;
477;498;1;2;0;
461;480;1;2;0;
515;514;1;2;0;
461;524;1;2;0;
479;508;1;2;0;
536;533;1;2;0;
496;453;1;2;0;
544;499;1;2;0;
542;470;1;2;0;
480;522;1;2;0;
505;545;1;2;0;
516;464;1;2;0;
500;505;1;2;0;
497;522;1;2;0;
522;465;1;2;0;
532;501;1;2;0;
513;495;1;2;0;
532;478;1;2;0;
511;495;1;2;0;
452;540;1;2;0;
453;491;1;2;0;
475;452;1;2;0;
546;521;1;2;0;
453;538;1;2;0;
542;536;1;2;7073;
549;531;1;2;11055;
515;482;1;2;6979;
515;506;1;2;4065;
530;488;1;2;10114;
493;485;1;2;3857;
474;499;1;2;9771;
528;489;1;2;5389;
469;467;1;2;8215;
466;490;1;2;8516;
506;482;1;2;5238;
467;534;1;2;6200;
498;451;1;2;7433;
533;516;1;2;4977;
491;496;1;2;4769;
453;492;1;2;189;
497;516;1;2;4932;
539;494;1;2;11167;
484;466;1;2;10673;
483;534;1;2;4284;
485;490;1;2;473;
526;460;1;2;10683;
496;508;1;2;8766;
450;491;1;2;11827;
460;485;1;2;4261;
512;540;1;2;1786;
547;540;1;2;8023;
484;529;1;2;3856;
512;515;1;2;342;
509;500;1;2;2272;
546;487;1;2;2409;
516;463;1;2;9101;
522;509;1;2;8401;
482;461;1;2;7924;
460;523;1;2;11737;
484;485;1;2;5589;
451;535;1;2;5200;
535;521;1;2;9115;
516;535;1;2;9585;
513;494;1;2;3598;
494;490;1;2;10897;
516;509;1;2;493;
499;533;1;2;2312;
541;465;1;2;698;
477;527;1;2;11853;
547;462;1;2;3682;
460;463;1;2;2649;
515;500;1;2;549;
549;467;1;2;9823;
500;530;1;2;4278;
0;1;2;2;
1;1;76;576;
2;1;166;1166;
3;1;193;1693;
4;1;94;2094;
5;1;125;2625;
6;1;47;3047;
7;1;95;3595;
8;1;211;4211;
9;1;12;4512;
10;1;187;5187;
11;1;178;5678;
12;1;139;6139;
13;1;114;6614;
14;1;56;7056;
15;1;240;7740;
16;1;163;8163;
17;1;68;8568;
18;1;28;9028;
19;1;176;9676;
