****4****
100
450;498;1;2;0;
460;492;1;2;0;
490;452;1;2;0;
480;462;1;2;0;
490;478;1;2;0;
548;527;1;2;0;
494;543;1;2;0;
512;530;1;2;0;
523;450;1;2;0;
531;465;1;2;0;
497;460;1;2;0;
467;456;1;2;0;
473;542;1;2;0;
506;503;1;2;0;
477;504;1;2;0;
522;530;1;2;0;
504;532;1;2;0;
472;496;1;2;0;
487;454;1;2;0;
460;479;1;2;0;
482;458;1;2;0;
509;526;1;2;0;
503;471;1;2;0;
458;529;1;2;0;
471;539;1;2;0;
496;470;1;2;0;
549;513;1;2;0;
529;524;1;2;0;
505;537;1;2;0;
478;485;1;2;0;
491;502;1;2;0;
465;498;1;2;0;
537;539;1;2;0;
544;526;1;2;0;
543;507;1;2;0;
455;528;1;2;0;
515;466;1;2;0;
456;521;1;2;0;
540;465;1;2;0;
500;461;1;2;0;
454;546;1;2;0;
534;506;1;2;0;
510;465;1;2;0;
480;517;1;2;0;
452;460;1;2;0;
452;545;1;2;0;
465;467;1;2;0;
493;452;1;2;0;
508;540;1;2;0;
480;502;1;2;0;
497;485;1;2;10262;
514;502;1;2;9761;
485;492;1;2;8059;
535;455;1;2;7901;
484;491;1;2;6262;
544;506;1;2;6807;
463;460;1;2;44;
466;456;1;2;5313;
535;451;1;2;4681;
494;541;1;2;12449;
498;540;1;2;10632;
480;505;1;2;8824;
468;492;1;2;20;
524;530;1;2;2540;
536;464;1;2;4775;
504;510;1;2;3992;
454;523;1;2;9775;
515;491;1;2;5344;
543;477;1;2;10248;
473;473;1;2;3660;
533;521;1;2;9367;
481;451;1;2;1267;
532;469;1;2;10261;
478;495;1;2;6326;
529;481;1;2;10242;
525;535;1;2;1513;
530;492;1;2;10675;
546;509;1;2;4076;
467;503;1;2;7746;
542;526;1;2;1605;
461;510;1;2;3763;
470;493;1;2;117;
486;475;1;2;1066;
496;503;1;2;2167;
487;534;1;2;96;
543;510;1;2;12340;
460;490;1;2;10753;
502;538;1;2;6606;
485;456;1;2;5848;
548;500;1;2;659;
533;463;1;2;4126;
542;483;1;2;1879;
499;471;1;2;3380;
480;470;1;2;9922;
455;507;1;2;10909;
513;500;1;2;12389;
508;510;1;2;5853;
546;514;1;2;1715;
495;450;1;2;5318;
545;548;1;2;3182;
0;1;124;124;
1;1;184;684;
2;1;213;1213;
3;1;13;1513;
4;1;76;2076;
5;1;48;2548;
6;1;246;3246;
7;1;78;3578;
8;1;122;4122;
9;1;205;4705;
10;1;108;5108;
11;1;92;5592;
12;1;218;6218;
13;1;65;6565;
14;1;151;7151;
15;1;165;7665;
16;1;80;8080;
17;1;101;8601;
18;1;174;9174;
19;1;41;9541;
