****12****
100
510;544;1;2;0;
479;502;1;2;0;
496;546;1;2;0;
532;457;1;2;0;
472;484;1;2;0;
527;486;1;2;0;
512;529;1;2;0;
465;452;1;2;0;
461;456;1;2;0;
495;493;1;2;0;
482;503;1;2;0;
521;542;1;2;0;
459;493;1;2;0;
456;525;1;2;0;
460;480;1;2;0;
534;472;1;2;0;
526;516;1;2;0;
476;473;1;2;0;
512;458;1;2;0;
480;486;1;2;0;
544;458;1;2;0;
474;506;1;2;0;
489;489;1;2;0;
508;500;1;2;0;
547;454;1;2;0;
495;479;1;2;0;
507;466;1;2;0;
524;469;1;2;0;
461;530;1;2;0;
544;471;1;2;0;
513;480;1;2;0;
545;489;1;2;0;
546;471;1;2;0;
464;509;1;2;0;
479;547;1;2;0;
497;525;1;2;0;
455;522;1;2;0;
481;494;1;2;0;
513;492;1;2;0;
496;463;1;2;0;
548;541;1;2;0;
492;457;1;2;0;
509;518;1;2;0;
476;472;1;2;0;
499;522;1;2;0;
545;514;1;2;0;
453;540;1;2;0;
453;549;1;2;0;
461;468;1;2;0;
460;542;1;2;0;
517;460;1;2;11891;
522;484;1;2;10774;
518;499;1;2;6592;
516;512;1;2;5666;
459;455;1;2;7058;
470;523;1;2;10342;
492;524;1;2;3213;
487;488;1;2;10174;
477;544;1;2;565;
540;514;1;2;2177;
532;481;1;2;6544;
451;505;1;2;1500;
453;525;1;2;4975;
450;491;1;2;4972;
492;452;1;2;9019;
494;524;1;2;9823;
475;466;1;2;1848;
528;455;1;2;2404;
536;482;1;2;7008;
543;524;1;2;8016;
465;458;1;2;218;
497;511;1;2;1611;
463;514;1;2;11012;
479;466;1;2;10399;
509;509;1;2;8799;
544;505;1;2;12088;
456;482;1;2;689;
543;460;1;2;1086;
521;546;1;2;2258;
544;492;1;2;7099;
532;507;1;2;9374;
502;455;1;2;7836;
480;520;1;2;2033;
480;501;1;2;11057;
526;460;1;2;3710;
525;506;1;2;188;
547;513;1;2;10832;
536;506;1;2;1354;
483;477;1;2;8202;
461;524;1;2;6304;
466;506;1;2;11612;
478;510;1;2;5667;
452;540;1;2;2470;
542;523;1;2;7635;
548;451;1;2;1767;
518;526;1;2;5751;
543;523;1;2;5044;
500;462;1;2;1494;
520;495;1;2;10645;
537;458;1;2;2638;
0;1;198;198;
1;1;125;625;
2;1;198;1198;
3;1;216;1716;
4;1;104;2104;
5;1;10;2510;
6;1;41;3041;
7;1;208;3708;
8;1;203;4203;
9;1;89;4589;
10;1;200;5200;
11;1;176;5676;
12;1;188;6188;
13;1;50;6550;
14;1;27;7027;
15;1;147;7647;
16;1;168;8168;
17;1;3;8503;
18;1;113;9113;
19;1;163;9663;
