****11****
100
526;548;1;2;0;
500;456;1;2;0;
456;517;1;2;0;
477;467;1;2;0;
455;527;1;2;0;
535;546;1;2;0;
451;510;1;2;0;
486;504;1;2;0;
509;524;1;2;0;
528;477;1;2;0;
517;500;1;2;0;
525;545;1;2;0;
479;548;1;2;0;
501;455;1;2;0;
529;464;1;2;0;
510;458;1;2;0;
462;460;1;2;0;
516;521;1;2;0;
480;496;1;2;0;
490;485;1;2;0;
473;528;1;2;0;
533;474;1;2;0;
488;522;1;2;0;
480;499;1;2;0;
548;459;1;2;0;
526;467;1;2;0;
461;501;1;2;0;
462;491;1;2;0;
451;466;1;2;0;
548;483;1;2;0;
480;508;1;2;0;
543;545;1;2;0;
519;509;1;2;0;
468;549;1;2;0;
507;460;1;2;0;
536;531;1;2;0;
538;471;1;2;0;
507;528;1;2;0;
495;490;1;2;0;
477;493;1;2;0;
451;506;1;2;0;
510;462;1;2;0;
509;475;1;2;0;
503;511;1;2;0;
491;501;1;2;0;
496;473;1;2;0;
512;489;1;2;0;
520;533;1;2;0;
500;538;1;2;0;
484;458;1;2;0;
501;522;1;2;7290;
489;543;1;2;1803;
468;489;1;2;2632;
547;484;1;2;937;
503;545;1;2;5240;
515;522;1;2;208;
528;515;1;2;8763;
474;538;1;2;10707;
513;461;1;2;7697;
463;501;1;2;9975;
523;452;1;2;11508;
464;492;1;2;12009;
515;462;1;2;7306;
505;459;1;2;1956;
497;465;1;2;12045;
453;530;1;2;10876;
462;460;1;2;5112;
523;484;1;2;1133;
450;499;1;2;10678;
508;512;1;2;8880;
500;486;1;2;9892;
516;452;1;2;12040;
526;517;1;2;765;
526;525;1;2;7264;
461;472;1;2;9114;
543;527;1;2;11441;
549;539;1;2;6191;
468;465;1;2;936;
528;465;1;2;6195;
498;476;1;2;7966;
472;478;1;2;2258;
497;545;1;2;8862;
467;473;1;2;5215;
450;549;1;2;7089;
542;513;1;2;2920;
453;458;1;2;11086;
496;510;1;2;6157;
549;528;1;2;11307;
536;458;1;2;11604;
472;459;1;2;2245;
522;481;1;2;6343;
461;480;1;2;10403;
454;498;1;2;2070;
462;498;1;2;1788;
498;542;1;2;11514;
507;545;1;2;5790;
494;543;1;2;7992;
522;542;1;2;11368;
465;528;1;2;3915;
475;502;1;2;9448;
0;1;113;113;
1;1;127;627;
2;1;2;1002;
3;1;228;1728;
4;1;40;2040;
5;1;183;2683;
6;1;40;3040;
7;1;244;3744;
8;1;181;4181;
9;1;175;4675;
10;1;7;5007;
11;1;129;5629;
12;1;11;6011;
13;1;107;6607;
14;1;171;7171;
15;1;163;7663;
16;1;214;8214;
17;1;68;8568;
18;1;175;9175;
19;1;58;9558;
