****6****
100
469;520;1;2;0;
549;527;1;2;0;
475;481;1;2;0;
465;507;1;2;0;
477;459;1;2;0;
481;479;1;2;0;
528;507;1;2;0;
492;465;1;2;0;
468;534;1;2;0;
520;517;1;2;0;
482;548;1;2;0;
532;475;1;2;0;
515;490;1;2;0;
451;545;1;2;0;
452;469;1;2;0;
494;523;1;2;0;
539;545;1;2;0;
500;516;1;2;0;
529;515;1;2;0;
474;456;1;2;0;
477;457;1;2;0;
485;455;1;2;0;
515;527;1;2;0;
522;485;1;2;0;
464;493;1;2;0;
504;548;1;2;0;
543;486;1;2;0;
526;460;1;2;0;
478;479;1;2;0;
455;480;1;2;0;
498;452;1;2;0;
505;487;1;2;0;
499;508;1;2;0;
454;478;1;2;0;
525;530;1;2;0;
537;452;1;2;0;
489;472;1;2;0;
509;506;1;2;0;
502;482;1;2;0;
541;468;1;2;0;
477;496;1;2;0;
466;470;1;2;0;
532;542;1;2;0;
481;513;1;2;0;
471;538;1;2;0;
495;519;1;2;0;
492;451;1;2;0;
509;542;1;2;0;
509;465;1;2;0;
522;484;1;2;0;
497;509;1;2;2485;
536;484;1;2;7598;
493;536;1;2;4689;
536;454;1;2;9891;
482;522;1;2;4510;
517;515;1;2;2853;
480;536;1;2;11836;
477;458;1;2;8779;
530;469;1;2;3412;
541;484;1;2;6414;
528;531;1;2;8252;
517;517;1;2;766;
465;512;1;2;5640;
498;499;1;2;2939;
505;483;1;2;9898;
485;450;1;2;8714;
496;532;1;2;10316;
548;512;1;2;1042;
542;492;1;2;211;
480;484;1;2;9756;
490;462;1;2;12006;
464;529;1;2;7608;
520;496;1;2;8990;
466;544;1;2;4798;
516;452;1;2;10034;
491;539;1;2;9346;
530;538;1;2;11484;
508;536;1;2;9434;
494;480;1;2;4305;
451;510;1;2;7590;
542;450;1;2;5317;
514;465;1;2;608;
506;487;1;2;1061;
460;456;1;2;11367;
467;474;1;2;4550;
455;515;1;2;10122;
496;496;1;2;7209;
472;506;1;2;6373;
509;451;1;2;5803;
489;504;1;2;8911;
455;497;1;2;10248;
533;461;1;2;5564;
542;517;1;2;8763;
498;479;1;2;484;
452;496;1;2;9305;
508;454;1;2;8257;
505;452;1;2;5419;
491;526;1;2;11744;
514;486;1;2;3908;
516;477;1;2;7124;
0;1;30;30;
1;1;84;584;
2;1;228;1228;
3;1;196;1696;
4;1;217;2217;
5;1;242;2742;
6;1;127;3127;
7;1;160;3660;
8;1;9;4009;
9;1;250;4750;
10;1;160;5160;
11;1;91;5591;
12;1;28;6028;
13;1;112;6612;
14;1;89;7089;
15;1;181;7681;
16;1;72;8072;
17;1;243;8743;
18;1;100;9100;
19;1;127;9627;
