****17****
100
544;456;1;2;0;
491;530;1;2;0;
455;491;1;2;0;
502;521;1;2;0;
453;495;1;2;0;
525;453;1;2;0;
480;472;1;2;0;
491;522;1;2;0;
485;520;1;2;0;
523;547;1;2;0;
476;537;1;2;0;
524;505;1;2;0;
479;481;1;2;0;
480;500;1;2;0;
457;538;1;2;0;
467;451;1;2;0;
496;460;1;2;0;
484;501;1;2;0;
501;488;1;2;0;
472;456;1;2;0;
533;499;1;2;0;
459;463;1;2;0;
521;453;1;2;0;
487;456;1;2;0;
475;513;1;2;0;
505;501;1;2;0;
452;531;1;2;0;
508;481;1;2;0;
462;538;1;2;0;
531;469;1;2;0;
479;500;1;2;0;
523;525;1;2;0;
510;457;1;2;0;
529;513;1;2;0;
547;451;1;2;0;
520;530;1;2;0;
501;481;1;2;0;
496;524;1;2;0;
536;533;1;2;0;
531;462;1;2;0;
548;538;1;2;0;
465;450;1;2;0;
520;524;1;2;0;
533;532;1;2;0;
464;515;1;2;0;
504;545;1;2;0;
517;529;1;2;0;
473;530;1;2;0;
488;504;1;2;0;
545;485;1;2;0;
457;515;1;2;4003;
508;499;1;2;5488;
535;537;1;2;4866;
516;549;1;2;1667;
456;517;1;2;663;
526;543;1;2;6048;
509;509;1;2;1471;
515;457;1;2;9084;
494;532;1;2;2113;
484;486;1;2;7310;
519;493;1;2;900;
486;504;1;2;9074;
500;489;1;2;6644;
497;507;1;2;11120;
544;513;1;2;10715;
544;542;1;2;6392;
528;501;1;2;176;
528;518;1;2;1049;
496;514;1;2;10266;
544;548;1;2;10433;
540;517;1;2;4270;
453;505;1;2;4243;
515;455;1;2;9239;
464;502;1;2;10895;
517;549;1;2;8016;
537;495;1;2;6070;
450;473;1;2;5431;
475;452;1;2;3191;
506;450;1;2;2199;
472;497;1;2;9625;
473;487;1;2;12393;
470;490;1;2;2006;
521;507;1;2;10227;
463;473;1;2;3147;
462;541;1;2;9345;
477;528;1;2;3845;
483;481;1;2;6472;
541;506;1;2;6195;
470;514;1;2;234;
512;536;1;2;2567;
503;512;1;2;9277;
514;532;1;2;8763;
480;504;1;2;10099;
451;469;1;2;8066;
527;482;1;2;1919;
502;509;1;2;1736;
475;542;1;2;2683;
523;485;1;2;5573;
525;458;1;2;11456;
527;472;1;2;5595;
0;1;78;78;
1;1;126;626;
2;1;239;1239;
3;1;68;1568;
4;1;142;2142;
5;1;174;2674;
6;1;149;3149;
7;1;222;3722;
8;1;30;4030;
9;1;186;4686;
10;1;124;5124;
11;1;99;5599;
12;1;49;6049;
13;1;103;6603;
14;1;181;7181;
15;1;203;7703;
16;1;156;8156;
17;1;42;8542;
18;1;38;9038;
19;1;133;9633;
