****2****
100
496;520;1;2;0;
500;520;1;2;0;
472;475;1;2;0;
480;470;1;2;0;
465;476;1;2;0;
537;523;1;2;0;
527;476;1;2;0;
506;491;1;2;0;
538;455;1;2;0;
519;461;1;2;0;
511;542;1;2;0;
475;521;1;2;0;
521;484;1;2;0;
467;494;1;2;0;
544;540;1;2;0;
480;542;1;2;0;
510;482;1;2;0;
512;485;1;2;0;
459;543;1;2;0;
505;474;1;2;0;
521;492;1;2;0;
548;451;1;2;0;
470;504;1;2;0;
492;458;1;2;0;
461;462;1;2;0;
522;522;1;2;0;
506;547;1;2;0;
545;529;1;2;0;
534;462;1;2;0;
473;480;1;2;0;
505;455;1;2;0;
472;517;1;2;0;
539;487;1;2;0;
452;549;1;2;0;
532;508;1;2;0;
473;455;1;2;0;
502;523;1;2;0;
456;475;1;2;0;
529;499;1;2;0;
535;540;1;2;0;
463;507;1;2;0;
464;519;1;2;0;
457;459;1;2;0;
498;541;1;2;0;
524;473;1;2;0;
523;479;1;2;0;
478;545;1;2;0;
546;467;1;2;0;
534;501;1;2;0;
466;516;1;2;0;
459;542;1;2;4328;
463;515;1;2;5249;
488;547;1;2;6726;
526;537;1;2;3777;
483;504;1;2;1951;
490;513;1;2;9071;
533;487;1;2;6256;
506;468;1;2;12142;
454;517;1;2;10958;
538;468;1;2;10071;
457;529;1;2;4991;
481;542;1;2;12209;
511;533;1;2;7636;
543;461;1;2;818;
487;494;1;2;6584;
453;487;1;2;6206;
518;522;1;2;10493;
459;479;1;2;7202;
527;535;1;2;7751;
465;523;1;2;3533;
520;482;1;2;6022;
470;513;1;2;1150;
486;527;1;2;11004;
499;520;1;2;1461;
504;509;1;2;215;
510;512;1;2;3342;
532;533;1;2;1293;
544;494;1;2;3453;
526;471;1;2;6289;
523;487;1;2;10078;
490;509;1;2;10383;
488;529;1;2;307;
478;466;1;2;9463;
504;467;1;2;7712;
540;521;1;2;11969;
473;534;1;2;11686;
495;468;1;2;3432;
538;462;1;2;5965;
513;490;1;2;7062;
522;463;1;2;5181;
456;455;1;2;11030;
474;493;1;2;3962;
456;474;1;2;9960;
467;480;1;2;11658;
548;522;1;2;9876;
537;546;1;2;11197;
492;543;1;2;9963;
482;531;1;2;4805;
516;495;1;2;2923;
471;519;1;2;206;
0;1;69;69;
1;1;178;678;
2;1;125;1125;
3;1;74;1574;
4;1;4;2004;
5;1;171;2671;
6;1;11;3011;
7;1;13;3513;
8;1;245;4245;
9;1;216;4716;
10;1;230;5230;
11;1;225;5725;
12;1;139;6139;
13;1;229;6729;
14;1;47;7047;
15;1;135;7635;
16;1;218;8218;
17;1;245;8745;
18;1;117;9117;
19;1;212;9712;
