****19****
100
485;510;1;2;0;
519;471;1;2;0;
457;496;1;2;0;
503;528;1;2;0;
451;486;1;2;0;
538;475;1;2;0;
528;521;1;2;0;
475;460;1;2;0;
468;515;1;2;0;
477;478;1;2;0;
472;520;1;2;0;
451;513;1;2;0;
547;454;1;2;0;
520;498;1;2;0;
456;456;1;2;0;
502;491;1;2;0;
517;523;1;2;0;
513;476;1;2;0;
522;518;1;2;0;
507;523;1;2;0;
454;547;1;2;0;
548;485;1;2;0;
518;525;1;2;0;
495;537;1;2;0;
490;522;1;2;0;
517;464;1;2;0;
544;470;1;2;0;
479;493;1;2;0;
474;450;1;2;0;
493;532;1;2;0;
508;498;1;2;0;
474;475;1;2;0;
471;489;1;2;0;
454;495;1;2;0;
457;511;1;2;0;
468;461;1;2;0;
460;518;1;2;0;
548;528;1;2;0;
545;545;1;2;0;
467;537;1;2;0;
470;534;1;2;0;
452;516;1;2;0;
455;533;1;2;0;
460;531;1;2;0;
533;455;1;2;0;
514;492;1;2;0;
503;490;1;2;0;
469;477;1;2;0;
529;473;1;2;0;
522;536;1;2;0;
486;493;1;2;11893;
496;513;1;2;6023;
527;509;1;2;11446;
544;548;1;2;3469;
481;502;1;2;6299;
538;486;1;2;10357;
519;469;1;2;821;
535;463;1;2;5585;
527;483;1;2;5849;
506;458;1;2;2655;
544;547;1;2;6858;
494;545;1;2;3076;
494;522;1;2;6794;
489;469;1;2;11366;
505;500;1;2;1776;
539;488;1;2;4310;
531;509;1;2;7385;
480;547;1;2;5881;
535;524;1;2;804;
517;481;1;2;5861;
524;527;1;2;8428;
473;523;1;2;2865;
538;467;1;2;10553;
462;459;1;2;7120;
537;466;1;2;5494;
516;455;1;2;8159;
479;488;1;2;5161;
513;470;1;2;7822;
461;456;1;2;5763;
494;523;1;2;2313;
488;497;1;2;7710;
526;473;1;2;9481;
512;461;1;2;1787;
523;526;1;2;8574;
500;465;1;2;7673;
480;531;1;2;6657;
549;460;1;2;2745;
478;523;1;2;11170;
504;487;1;2;11242;
505;531;1;2;10084;
488;521;1;2;9713;
501;450;1;2;5762;
536;512;1;2;1307;
492;537;1;2;4415;
457;488;1;2;177;
538;470;1;2;3507;
528;469;1;2;6214;
456;498;1;2;4456;
504;504;1;2;4115;
459;459;1;2;5358;
0;1;190;190;
1;1;201;701;
2;1;66;1066;
3;1;119;1619;
4;1;204;2204;
5;1;66;2566;
6;1;172;3172;
7;1;140;3640;
8;1;231;4231;
9;1;186;4686;
10;1;132;5132;
11;1;118;5618;
12;1;226;6226;
13;1;91;6591;
14;1;106;7106;
15;1;231;7731;
16;1;181;8181;
17;1;228;8728;
18;1;117;9117;
19;1;159;9659;
