****9****
100
134;485;1;2;0;
27;485;1;2;0;
350;236;1;2;0;
15;15;1;2;0;
208;405;1;2;0;
415;239;1;2;0;
319;178;1;2;0;
353;449;1;2;0;
69;40;1;2;0;
43;420;1;2;0;
120;186;1;2;0;
209;160;1;2;0;
183;89;1;2;0;
414;122;1;2;0;
14;115;1;2;0;
345;147;1;2;0;
452;371;1;2;0;
483;301;1;2;0;
106;497;1;2;0;
167;165;1;2;0;
253;434;1;2;0;
404;423;1;2;0;
463;256;1;2;0;
224;31;1;2;0;
295;266;1;2;0;
303;414;1;2;0;
451;11;1;2;0;
426;133;1;2;0;
452;339;1;2;0;
254;465;1;2;0;
306;98;1;2;0;
111;257;1;2;0;
321;446;1;2;0;
57;426;1;2;0;
442;76;1;2;0;
91;195;1;2;0;
9;346;1;2;0;
469;323;1;2;0;
101;192;1;2;0;
353;248;1;2;0;
457;155;1;2;0;
161;408;1;2;0;
18;438;1;2;0;
392;469;1;2;0;
129;498;1;2;0;
433;434;1;2;0;
95;395;1;2;0;
190;267;1;2;0;
340;98;1;2;0;
45;134;1;2;0;
173;487;1;2;3321;
33;332;1;2;9355;
355;432;1;2;7336;
60;179;1;2;4884;
66;192;1;2;8900;
435;481;1;2;7237;
403;109;1;2;9692;
187;42;1;2;696;
82;83;1;2;8230;
273;33;1;2;11324;
406;57;1;2;4235;
85;90;1;2;4239;
233;296;1;2;10330;
72;207;1;2;6041;
367;273;1;2;10515;
274;207;1;2;1962;
220;462;1;2;11521;
15;500;1;2;6635;
404;81;1;2;11003;
412;206;1;2;1079;
464;111;1;2;7862;
150;48;1;2;3634;
19;280;1;2;1725;
172;203;1;2;3375;
3;421;1;2;1647;
377;194;1;2;774;
231;413;1;2;8822;
46;279;1;2;10887;
255;183;1;2;10590;
46;446;1;2;11617;
221;410;1;2;3724;
100;411;1;2;3371;
273;430;1;2;8686;
93;453;1;2;1366;
119;455;1;2;11935;
418;183;1;2;11789;
127;265;1;2;8804;
297;163;1;2;169;
466;417;1;2;12221;
68;314;1;2;3186;
375;34;1;2;10026;
145;485;1;2;747;
313;109;1;2;3317;
261;201;1;2;5612;
410;320;1;2;11762;
332;89;1;2;9191;
96;67;1;2;11726;
476;363;1;2;5885;
134;328;1;2;12079;
475;396;1;2;3171;
0;1;113;113;
1;1;122;622;
2;1;72;1072;
3;1;160;1660;
4;1;118;2118;
5;1;158;2658;
6;1;117;3117;
7;1;181;3681;
8;1;17;4017;
9;1;106;4606;
10;1;43;5043;
11;1;217;5717;
12;1;46;6046;
13;1;54;6554;
14;1;138;7138;
15;1;43;7543;
16;1;136;8136;
17;1;78;8578;
18;1;221;9221;
19;1;83;9583;
