****15****
100
54;96;1;2;0;
11;10;1;2;0;
42;93;1;2;0;
72;14;1;2;0;
93;1;1;2;0;
62;78;1;2;0;
97;20;1;2;0;
38;94;1;2;0;
9;70;1;2;0;
5;9;1;2;0;
87;57;1;2;0;
27;15;1;2;0;
42;52;1;2;0;
27;39;1;2;0;
9;79;1;2;0;
74;14;1;2;0;
26;37;1;2;0;
23;20;1;2;0;
81;46;1;2;0;
33;73;1;2;0;
99;46;1;2;0;
2;95;1;2;0;
65;39;1;2;0;
40;73;1;2;0;
60;44;1;2;0;
33;98;1;2;0;
52;59;1;2;0;
12;93;1;2;0;
63;39;1;2;0;
31;71;1;2;0;
69;57;1;2;0;
36;94;1;2;0;
93;59;1;2;0;
65;25;1;2;0;
56;49;1;2;0;
97;54;1;2;0;
94;50;1;2;0;
100;11;1;2;0;
40;91;1;2;0;
35;99;1;2;0;
86;68;1;2;0;
96;38;1;2;0;
78;60;1;2;0;
82;40;1;2;0;
98;65;1;2;0;
62;66;1;2;0;
21;98;1;2;0;
11;65;1;2;0;
8;28;1;2;0;
89;63;1;2;0;
76;37;1;2;2395;
70;86;1;2;1948;
32;25;1;2;539;
66;75;1;2;112;
85;70;1;2;2322;
15;29;1;2;1807;
54;78;1;2;2203;
68;95;1;2;1046;
65;58;1;2;431;
24;85;1;2;1528;
86;60;1;2;1901;
6;81;1;2;1354;
74;12;1;2;1641;
84;30;1;2;2487;
79;66;1;2;2489;
12;80;1;2;184;
26;86;1;2;2130;
56;53;1;2;1133;
6;17;1;2;2307;
20;92;1;2;2094;
74;77;1;2;2321;
64;35;1;2;1049;
91;8;1;2;1056;
42;43;1;2;460;
19;21;1;2;2399;
65;84;1;2;1521;
92;61;1;2;1798;
49;16;1;2;295;
100;21;1;2;2491;
8;92;1;2;744;
100;65;1;2;671;
51;80;1;2;2165;
35;22;1;2;2175;
83;63;1;2;1240;
11;33;1;2;1977;
5;98;1;2;1708;
31;41;1;2;2236;
41;41;1;2;768;
56;40;1;2;849;
86;47;1;2;411;
8;46;1;2;984;
10;97;1;2;1970;
94;83;1;2;2220;
37;17;1;2;878;
74;80;1;2;429;
31;36;1;2;865;
24;66;1;2;2370;
30;59;1;2;2071;
51;14;1;2;1105;
96;51;1;2;1779;
0;1;33;6;
1;1;16;106;
2;1;19;201;
3;1;20;311;
4;1;48;425;
5;1;50;514;
6;1;45;602;
7;1;44;716;
8;1;6;802;
9;1;49;906;
10;1;47;1021;
11;1;10;1106;
12;1;26;1219;
13;1;20;1308;
14;1;8;1407;
15;1;20;1509;
16;1;30;1606;
17;1;26;1715;
18;1;50;1844;
19;1;12;1909;
20;1;21;2010;
21;1;14;2106;
22;1;36;2216;
23;1;13;2307;
24;1;39;2419;
