****7****
100
83;72;1;2;0;
44;67;1;2;0;
22;70;1;2;0;
17;83;1;2;0;
4;79;1;2;0;
33;13;1;2;0;
70;41;1;2;0;
89;99;1;2;0;
7;79;1;2;0;
27;15;1;2;0;
3;42;1;2;0;
21;75;1;2;0;
92;41;1;2;0;
24;13;1;2;0;
48;25;1;2;0;
34;31;1;2;0;
48;29;1;2;0;
49;22;1;2;0;
98;65;1;2;0;
4;1;1;2;0;
95;88;1;2;0;
66;16;1;2;0;
80;6;1;2;0;
66;39;1;2;0;
85;93;1;2;0;
53;39;1;2;0;
86;74;1;2;0;
14;78;1;2;0;
66;37;1;2;0;
42;13;1;2;0;
13;27;1;2;0;
95;13;1;2;0;
55;43;1;2;0;
34;53;1;2;0;
59;89;1;2;0;
5;5;1;2;0;
76;22;1;2;0;
20;7;1;2;0;
28;86;1;2;0;
45;12;1;2;0;
30;98;1;2;0;
2;67;1;2;0;
23;15;1;2;0;
44;88;1;2;0;
3;37;1;2;0;
100;68;1;2;0;
63;47;1;2;0;
80;70;1;2;0;
89;65;1;2;0;
74;48;1;2;0;
53;78;1;2;1033;
28;100;1;2;275;
86;79;1;2;1644;
31;90;1;2;1605;
80;91;1;2;1674;
2;58;1;2;460;
89;12;1;2;1774;
40;79;1;2;1128;
86;58;1;2;1238;
27;74;1;2;562;
26;26;1;2;1066;
29;5;1;2;1245;
52;91;1;2;115;
12;73;1;2;1917;
53;52;1;2;919;
61;53;1;2;1594;
64;93;1;2;846;
3;84;1;2;1199;
57;22;1;2;72;
80;48;1;2;347;
28;25;1;2;1998;
6;53;1;2;33;
82;5;1;2;64;
89;68;1;2;2078;
84;73;1;2;1677;
22;85;1;2;1243;
69;48;1;2;767;
28;50;1;2;1003;
65;59;1;2;800;
11;90;1;2;380;
31;18;1;2;461;
29;23;1;2;2081;
31;56;1;2;510;
75;44;1;2;2394;
91;28;1;2;1842;
58;1;1;2;526;
77;22;1;2;1409;
40;49;1;2;1266;
38;65;1;2;1222;
58;75;1;2;16;
76;58;1;2;714;
19;38;1;2;1879;
14;68;1;2;2260;
65;42;1;2;1973;
35;32;1;2;432;
78;89;1;2;1063;
4;17;1;2;457;
30;8;1;2;1960;
57;97;1;2;1775;
90;54;1;2;2473;
0;1;14;1;
1;1;15;105;
2;1;50;201;
3;1;21;318;
4;1;21;409;
5;1;29;523;
6;1;7;602;
7;1;45;714;
8;1;40;824;
9;1;46;919;
10;1;3;1001;
11;1;27;1101;
12;1;30;1202;
13;1;7;1305;
14;1;24;1417;
15;1;19;1509;
16;1;41;1636;
17;1;46;1715;
18;1;39;1835;
19;1;4;1902;
20;1;10;2001;
21;1;23;2118;
22;1;47;2223;
23;1;18;2305;
24;1;6;2404;
