****14****
100
12;46;1;2;0;
88;73;1;2;0;
94;64;1;2;0;
41;50;1;2;0;
47;98;1;2;0;
96;15;1;2;0;
52;1;1;2;0;
49;72;1;2;0;
32;1;1;2;0;
48;14;1;2;0;
14;92;1;2;0;
72;32;1;2;0;
5;72;1;2;0;
86;64;1;2;0;
67;55;1;2;0;
100;79;1;2;0;
1;88;1;2;0;
3;46;1;2;0;
3;43;1;2;0;
48;49;1;2;0;
41;43;1;2;0;
15;92;1;2;0;
95;63;1;2;0;
15;26;1;2;0;
15;62;1;2;0;
40;28;1;2;0;
6;11;1;2;0;
60;62;1;2;0;
34;97;1;2;0;
25;1;1;2;0;
52;77;1;2;0;
31;4;1;2;0;
16;33;1;2;0;
49;18;1;2;0;
75;96;1;2;0;
18;67;1;2;0;
90;33;1;2;0;
10;84;1;2;0;
47;25;1;2;0;
10;62;1;2;0;
38;1;1;2;0;
89;95;1;2;0;
63;100;1;2;0;
56;97;1;2;0;
49;33;1;2;0;
49;52;1;2;0;
9;31;1;2;0;
55;24;1;2;0;
63;3;1;2;0;
93;89;1;2;0;
51;10;1;2;1590;
40;94;1;2;73;
24;41;1;2;1014;
85;2;1;2;1898;
85;42;1;2;1385;
47;94;1;2;1697;
95;42;1;2;498;
95;45;1;2;2281;
25;99;1;2;739;
39;53;1;2;588;
80;3;1;2;275;
87;95;1;2;2422;
55;18;1;2;2211;
100;54;1;2;2280;
82;38;1;2;711;
58;36;1;2;352;
94;83;1;2;717;
62;77;1;2;1916;
90;54;1;2;1144;
41;92;1;2;100;
88;23;1;2;243;
93;9;1;2;1255;
95;16;1;2;833;
37;15;1;2;2164;
80;96;1;2;2320;
16;5;1;2;741;
98;51;1;2;378;
20;12;1;2;2024;
39;2;1;2;195;
55;94;1;2;2003;
76;82;1;2;1895;
52;26;1;2;1465;
21;72;1;2;785;
60;8;1;2;874;
51;87;1;2;1127;
32;54;1;2;428;
48;51;1;2;481;
98;23;1;2;1778;
24;61;1;2;1603;
4;15;1;2;695;
79;43;1;2;2144;
24;94;1;2;1225;
30;14;1;2;360;
3;73;1;2;1762;
90;24;1;2;210;
24;7;1;2;1416;
15;54;1;2;733;
55;51;1;2;1381;
59;74;1;2;272;
16;29;1;2;1056;
0;1;17;12;
1;1;26;103;
2;1;31;200;
3;1;11;302;
4;1;36;401;
5;1;17;516;
6;1;33;622;
7;1;34;722;
8;1;32;807;
9;1;41;927;
10;1;45;1005;
11;1;4;1102;
12;1;32;1226;
13;1;20;1308;
14;1;28;1408;
15;1;34;1533;
16;1;7;1604;
17;1;48;1720;
18;1;31;1821;
19;1;1;1900;
20;1;3;2001;
21;1;26;2108;
22;1;24;2216;
23;1;46;2338;
24;1;2;2401;
