****0****
100
1;5;1;2;0;
12;56;1;2;0;
38;11;1;2;0;
13;82;1;2;0;
21;41;1;2;0;
29;87;1;2;0;
41;71;1;2;0;
7;76;1;2;0;
87;78;1;2;0;
76;12;1;2;0;
48;69;1;2;0;
43;71;1;2;0;
28;35;1;2;0;
89;90;1;2;0;
89;3;1;2;0;
84;89;1;2;0;
7;47;1;2;0;
96;96;1;2;0;
58;8;1;2;0;
78;78;1;2;0;
48;58;1;2;0;
16;41;1;2;0;
80;22;1;2;0;
16;18;1;2;0;
51;43;1;2;0;
29;98;1;2;0;
11;24;1;2;0;
21;90;1;2;0;
10;61;1;2;0;
80;50;1;2;0;
63;15;1;2;0;
90;22;1;2;0;
61;85;1;2;0;
17;18;1;2;0;
93;46;1;2;0;
47;92;1;2;0;
55;14;1;2;0;
32;34;1;2;0;
87;99;1;2;0;
4;37;1;2;0;
41;84;1;2;0;
87;3;1;2;0;
7;59;1;2;0;
93;68;1;2;0;
19;72;1;2;0;
17;82;1;2;0;
86;58;1;2;0;
55;98;1;2;0;
43;71;1;2;0;
68;87;1;2;0;
69;14;1;2;202;
23;80;1;2;1748;
9;66;1;2;273;
12;55;1;2;1185;
95;93;1;2;281;
54;51;1;2;1645;
73;69;1;2;740;
42;2;1;2;1238;
99;56;1;2;1273;
93;79;1;2;1306;
31;47;1;2;1527;
61;69;1;2;1693;
26;29;1;2;179;
89;92;1;2;640;
93;87;1;2;1845;
52;92;1;2;92;
2;64;1;2;448;
24;57;1;2;2318;
34;56;1;2;1783;
42;100;1;2;238;
17;31;1;2;1559;
6;43;1;2;1102;
25;68;1;2;2047;
10;56;1;2;1176;
49;1;1;2;1172;
32;52;1;2;95;
13;5;1;2;1894;
15;28;1;2;1587;
70;14;1;2;2470;
32;55;1;2;2462;
73;72;1;2;806;
59;29;1;2;209;
18;53;1;2;2421;
6;63;1;2;213;
33;63;1;2;2274;
50;95;1;2;1383;
10;59;1;2;1688;
33;25;1;2;1432;
13;94;1;2;1852;
100;78;1;2;1722;
87;50;1;2;2353;
55;60;1;2;268;
66;78;1;2;2167;
43;83;1;2;723;
80;67;1;2;1578;
17;68;1;2;1580;
57;77;1;2;819;
54;9;1;2;2245;
78;74;1;2;677;
15;73;1;2;398;
0;1;8;6;
1;1;27;120;
2;1;16;203;
3;1;17;314;
4;1;15;403;
5;1;25;521;
6;1;27;619;
7;1;15;702;
8;1;23;818;
9;1;22;911;
10;1;8;1003;
11;1;35;1108;
12;1;7;1204;
13;1;42;1338;
14;1;28;1401;
15;1;34;1512;
16;1;25;1609;
17;1;9;1706;
18;1;47;1819;
19;1;22;1907;
20;1;43;2000;
21;1;10;2109;
22;1;2;2200;
23;1;22;2306;
24;1;8;2402;
