****12****
100
73;66;1;2;0;
25;5;1;2;0;
25;11;1;2;0;
74;69;1;2;0;
55;6;1;2;0;
13;24;1;2;0;
94;53;1;2;0;
52;66;1;2;0;
21;32;1;2;0;
15;88;1;2;0;
65;59;1;2;0;
94;3;1;2;0;
75;42;1;2;0;
18;55;1;2;0;
1;89;1;2;0;
57;73;1;2;0;
7;81;1;2;0;
29;83;1;2;0;
43;55;1;2;0;
52;49;1;2;0;
60;16;1;2;0;
24;5;1;2;0;
20;75;1;2;0;
70;40;1;2;0;
58;36;1;2;0;
79;23;1;2;0;
94;73;1;2;0;
77;68;1;2;0;
14;94;1;2;0;
75;66;1;2;0;
35;31;1;2;0;
90;41;1;2;0;
63;19;1;2;0;
23;57;1;2;0;
73;26;1;2;0;
6;84;1;2;0;
41;29;1;2;0;
88;60;1;2;0;
56;9;1;2;0;
51;65;1;2;0;
44;30;1;2;0;
39;37;1;2;0;
54;15;1;2;0;
57;19;1;2;0;
9;31;1;2;0;
85;95;1;2;0;
61;26;1;2;0;
35;75;1;2;0;
44;9;1;2;0;
31;16;1;2;0;
87;88;1;2;61;
27;17;1;2;2214;
39;24;1;2;1622;
41;40;1;2;2066;
22;79;1;2;2321;
27;45;1;2;101;
46;5;1;2;1882;
82;99;1;2;2429;
7;85;1;2;1213;
3;46;1;2;1539;
70;32;1;2;2282;
21;10;1;2;2155;
10;100;1;2;1582;
60;41;1;2;2161;
100;62;1;2;1815;
29;41;1;2;1047;
14;86;1;2;39;
81;19;1;2;2440;
60;25;1;2;2206;
61;79;1;2;927;
45;49;1;2;1143;
16;69;1;2;1136;
55;30;1;2;1463;
17;89;1;2;1957;
70;41;1;2;1866;
54;69;1;2;1442;
82;35;1;2;2304;
14;67;1;2;1730;
97;27;1;2;553;
65;87;1;2;1694;
77;83;1;2;1427;
73;98;1;2;2317;
78;52;1;2;1576;
82;20;1;2;826;
27;42;1;2;2138;
37;47;1;2;324;
87;28;1;2;494;
22;93;1;2;2027;
27;90;1;2;2351;
56;6;1;2;180;
16;34;1;2;2059;
24;6;1;2;262;
100;83;1;2;1954;
10;17;1;2;1212;
8;95;1;2;199;
46;31;1;2;736;
52;17;1;2;1367;
97;90;1;2;2132;
56;16;1;2;472;
93;23;1;2;1093;
0;1;18;0;
1;1;21;100;
2;1;12;202;
3;1;34;313;
4;1;13;412;
5;1;23;519;
6;1;25;604;
7;1;23;710;
8;1;27;820;
9;1;18;907;
10;1;23;1018;
11;1;26;1103;
12;1;10;1202;
13;1;29;1327;
14;1;27;1403;
15;1;31;1523;
16;1;40;1602;
17;1;22;1704;
18;1;31;1826;
19;1;18;1905;
20;1;1;2000;
21;1;24;2109;
22;1;21;2220;
23;1;24;2316;
24;1;5;2402;
