****11****
100
6;97;1;2;0;
19;93;1;2;0;
15;22;1;2;0;
94;2;1;2;0;
22;34;1;2;0;
84;80;1;2;0;
84;34;1;2;0;
100;3;1;2;0;
28;61;1;2;0;
96;38;1;2;0;
42;38;1;2;0;
69;99;1;2;0;
70;59;1;2;0;
14;38;1;2;0;
4;38;1;2;0;
71;61;1;2;0;
87;89;1;2;0;
53;1;1;2;0;
62;99;1;2;0;
55;84;1;2;0;
32;38;1;2;0;
63;15;1;2;0;
71;14;1;2;0;
69;51;1;2;0;
74;16;1;2;0;
88;67;1;2;0;
54;57;1;2;0;
65;75;1;2;0;
67;78;1;2;0;
64;70;1;2;0;
68;35;1;2;0;
31;6;1;2;0;
75;35;1;2;0;
58;37;1;2;0;
33;12;1;2;0;
20;17;1;2;0;
50;34;1;2;0;
83;72;1;2;0;
47;52;1;2;0;
74;72;1;2;0;
19;62;1;2;0;
38;72;1;2;0;
70;55;1;2;0;
98;36;1;2;0;
84;62;1;2;0;
58;3;1;2;0;
96;40;1;2;0;
8;70;1;2;0;
74;18;1;2;0;
6;59;1;2;0;
29;77;1;2;1371;
30;10;1;2;2074;
2;8;1;2;280;
75;79;1;2;1899;
88;69;1;2;2298;
57;23;1;2;2261;
45;58;1;2;1665;
2;61;1;2;1503;
93;20;1;2;2311;
18;37;1;2;1177;
76;66;1;2;2015;
2;95;1;2;2320;
63;48;1;2;805;
26;75;1;2;1079;
56;62;1;2;6;
62;71;1;2;1421;
65;15;1;2;419;
29;68;1;2;372;
40;12;1;2;949;
72;29;1;2;117;
62;5;1;2;2319;
29;58;1;2;607;
57;72;1;2;1803;
92;98;1;2;1904;
6;53;1;2;1894;
88;66;1;2;1796;
44;30;1;2;655;
58;58;1;2;1914;
83;49;1;2;1985;
28;73;1;2;2227;
62;34;1;2;1244;
60;14;1;2;413;
57;70;1;2;1807;
2;62;1;2;704;
72;19;1;2;1508;
4;7;1;2;1514;
58;50;1;2;486;
78;59;1;2;89;
17;42;1;2;1826;
67;21;1;2;510;
46;82;1;2;2318;
80;94;1;2;1764;
72;50;1;2;1170;
88;51;1;2;1341;
52;23;1;2;859;
69;78;1;2;2230;
4;88;1;2;1873;
16;65;1;2;209;
89;34;1;2;114;
11;100;1;2;34;
0;1;5;1;
1;1;8;104;
2;1;27;226;
3;1;28;319;
4;1;2;401;
5;1;39;517;
6;1;20;610;
7;1;29;719;
8;1;11;810;
9;1;20;913;
10;1;43;1041;
11;1;31;1121;
12;1;37;1219;
13;1;43;1306;
14;1;30;1413;
15;1;20;1516;
16;1;41;1619;
17;1;21;1701;
18;1;31;1810;
19;1;16;1909;
20;1;43;2017;
21;1;36;2119;
22;1;47;2213;
23;1;31;2317;
24;1;22;2415;
