****19****
100
10;11;1;2;0;
73;34;1;2;0;
77;93;1;2;0;
21;10;1;2;0;
84;50;1;2;0;
64;7;1;2;0;
28;13;1;2;0;
28;90;1;2;0;
33;88;1;2;0;
57;36;1;2;0;
87;68;1;2;0;
11;46;1;2;0;
26;91;1;2;0;
56;5;1;2;0;
67;14;1;2;0;
47;28;1;2;0;
24;71;1;2;0;
62;100;1;2;0;
63;34;1;2;0;
61;46;1;2;0;
83;24;1;2;0;
4;10;1;2;0;
36;31;1;2;0;
51;21;1;2;0;
71;8;1;2;0;
8;9;1;2;0;
27;18;1;2;0;
55;4;1;2;0;
8;62;1;2;0;
9;27;1;2;0;
75;55;1;2;0;
54;50;1;2;0;
77;67;1;2;0;
49;91;1;2;0;
100;61;1;2;0;
88;35;1;2;0;
36;91;1;2;0;
44;72;1;2;0;
74;47;1;2;0;
92;44;1;2;0;
6;51;1;2;0;
52;32;1;2;0;
69;58;1;2;0;
35;76;1;2;0;
19;43;1;2;0;
54;45;1;2;0;
49;8;1;2;0;
94;77;1;2;0;
74;94;1;2;0;
67;26;1;2;0;
54;54;1;2;1187;
90;45;1;2;1679;
13;18;1;2;2414;
56;13;1;2;434;
6;64;1;2;325;
74;74;1;2;354;
2;92;1;2;2326;
55;37;1;2;907;
14;82;1;2;606;
88;76;1;2;1310;
13;81;1;2;3;
24;22;1;2;316;
78;34;1;2;1831;
31;41;1;2;1881;
88;47;1;2;1125;
77;72;1;2;1149;
52;25;1;2;1265;
69;32;1;2;1976;
39;45;1;2;1539;
34;84;1;2;1829;
95;48;1;2;316;
61;71;1;2;2002;
72;49;1;2;1087;
99;31;1;2;899;
91;18;1;2;1987;
46;94;1;2;1218;
26;45;1;2;1174;
97;66;1;2;1601;
5;4;1;2;1262;
46;89;1;2;1846;
62;35;1;2;40;
10;96;1;2;2035;
28;67;1;2;2008;
32;17;1;2;2374;
28;7;1;2;1068;
70;4;1;2;920;
83;29;1;2;2282;
25;26;1;2;2480;
46;82;1;2;2425;
16;27;1;2;221;
17;40;1;2;2180;
17;1;1;2;803;
88;81;1;2;1411;
7;64;1;2;837;
8;91;1;2;960;
27;60;1;2;406;
39;94;1;2;328;
47;19;1;2;1988;
73;16;1;2;2365;
54;31;1;2;499;
0;1;23;6;
1;1;50;126;
2;1;18;209;
3;1;26;312;
4;1;30;422;
5;1;14;508;
6;1;27;624;
7;1;33;711;
8;1;47;828;
9;1;14;902;
10;1;38;1013;
11;1;34;1113;
12;1;39;1221;
13;1;23;1300;
14;1;11;1407;
15;1;29;1519;
16;1;4;1601;
17;1;10;1700;
18;1;30;1806;
19;1;26;1914;
20;1;32;2002;
21;1;6;2105;
22;1;11;2208;
23;1;28;2301;
24;1;34;2404;
