****16****
100
21;87;1;2;0;
3;81;1;2;0;
43;80;1;2;0;
42;64;1;2;0;
28;99;1;2;0;
36;50;1;2;0;
41;17;1;2;0;
86;16;1;2;0;
16;86;1;2;0;
63;27;1;2;0;
87;83;1;2;0;
42;2;1;2;0;
49;77;1;2;0;
10;12;1;2;0;
19;50;1;2;0;
25;91;1;2;0;
89;27;1;2;0;
23;83;1;2;0;
59;65;1;2;0;
47;86;1;2;0;
15;82;1;2;0;
87;7;1;2;0;
50;73;1;2;0;
23;65;1;2;0;
10;85;1;2;0;
44;96;1;2;0;
19;85;1;2;0;
97;67;1;2;0;
61;58;1;2;0;
78;31;1;2;0;
59;2;1;2;0;
21;47;1;2;0;
81;96;1;2;0;
82;39;1;2;0;
12;28;1;2;0;
76;26;1;2;0;
61;63;1;2;0;
33;10;1;2;0;
35;7;1;2;0;
74;44;1;2;0;
91;17;1;2;0;
91;9;1;2;0;
53;87;1;2;0;
27;65;1;2;0;
44;5;1;2;0;
95;2;1;2;0;
58;68;1;2;0;
1;90;1;2;0;
63;82;1;2;0;
28;74;1;2;0;
61;56;1;2;1968;
21;18;1;2;2037;
82;4;1;2;977;
7;99;1;2;2401;
76;89;1;2;1944;
28;27;1;2;405;
93;70;1;2;2306;
39;23;1;2;323;
6;23;1;2;2083;
20;4;1;2;1530;
93;64;1;2;1406;
96;36;1;2;2;
30;17;1;2;1599;
71;76;1;2;1066;
5;51;1;2;168;
48;30;1;2;1333;
17;22;1;2;709;
42;61;1;2;893;
24;18;1;2;1245;
48;38;1;2;547;
100;82;1;2;1378;
6;77;1;2;275;
34;59;1;2;509;
64;81;1;2;487;
93;85;1;2;1376;
61;32;1;2;515;
8;100;1;2;1247;
23;93;1;2;983;
61;69;1;2;1998;
74;16;1;2;2134;
90;67;1;2;826;
21;73;1;2;48;
88;58;1;2;1834;
24;21;1;2;2162;
86;13;1;2;934;
47;26;1;2;94;
89;85;1;2;47;
4;7;1;2;600;
32;20;1;2;2077;
77;45;1;2;1559;
11;34;1;2;580;
78;6;1;2;545;
22;46;1;2;1457;
76;69;1;2;2416;
10;54;1;2;1991;
81;52;1;2;349;
83;92;1;2;1325;
36;48;1;2;628;
34;31;1;2;1653;
48;7;1;2;643;
0;1;30;28;
1;1;32;129;
2;1;46;213;
3;1;48;311;
4;1;35;406;
5;1;47;537;
6;1;26;602;
7;1;8;701;
8;1;39;837;
9;1;29;928;
10;1;5;1003;
11;1;10;1103;
12;1;36;1231;
13;1;34;1301;
14;1;41;1413;
15;1;37;1523;
16;1;10;1607;
17;1;47;1736;
18;1;7;1800;
19;1;29;1904;
20;1;22;2020;
21;1;45;2109;
22;1;35;2224;
23;1;39;2301;
24;1;18;2417;
