****9****
100
89;52;1;2;0;
94;66;1;2;0;
15;57;1;2;0;
84;1;1;2;0;
80;81;1;2;0;
87;91;1;2;0;
4;72;1;2;0;
71;100;1;2;0;
17;23;1;2;0;
80;78;1;2;0;
10;46;1;2;0;
73;62;1;2;0;
54;1;1;2;0;
9;33;1;2;0;
53;24;1;2;0;
3;93;1;2;0;
75;48;1;2;0;
11;42;1;2;0;
56;94;1;2;0;
42;35;1;2;0;
74;80;1;2;0;
77;29;1;2;0;
51;47;1;2;0;
28;68;1;2;0;
70;60;1;2;0;
97;31;1;2;0;
57;21;1;2;0;
92;62;1;2;0;
74;53;1;2;0;
94;26;1;2;0;
76;48;1;2;0;
70;3;1;2;0;
47;80;1;2;0;
44;2;1;2;0;
74;37;1;2;0;
89;99;1;2;0;
16;65;1;2;0;
28;66;1;2;0;
12;7;1;2;0;
85;33;1;2;0;
66;34;1;2;0;
63;74;1;2;0;
6;55;1;2;0;
35;79;1;2;0;
7;29;1;2;0;
56;34;1;2;0;
28;26;1;2;0;
36;75;1;2;0;
57;79;1;2;0;
76;30;1;2;0;
15;64;1;2;535;
82;81;1;2;1053;
100;92;1;2;2368;
84;24;1;2;2419;
69;38;1;2;2396;
75;44;1;2;1542;
53;2;1;2;597;
9;36;1;2;1527;
86;71;1;2;549;
42;2;1;2;1068;
24;68;1;2;982;
4;50;1;2;1202;
63;49;1;2;1674;
28;84;1;2;327;
11;5;1;2;932;
68;79;1;2;645;
11;83;1;2;649;
82;43;1;2;1;
80;28;1;2;1306;
53;22;1;2;40;
5;45;1;2;1210;
72;100;1;2;15;
68;62;1;2;368;
6;41;1;2;108;
20;52;1;2;2107;
23;71;1;2;1838;
17;81;1;2;190;
65;62;1;2;820;
48;93;1;2;1571;
54;97;1;2;2201;
60;1;1;2;1144;
86;73;1;2;1434;
61;92;1;2;1627;
88;49;1;2;1588;
99;20;1;2;1238;
13;42;1;2;472;
58;11;1;2;830;
85;27;1;2;412;
54;75;1;2;744;
51;80;1;2;2376;
21;91;1;2;1378;
35;77;1;2;1230;
100;89;1;2;640;
78;77;1;2;1278;
97;75;1;2;974;
66;39;1;2;658;
10;96;1;2;981;
81;32;1;2;89;
18;86;1;2;485;
47;88;1;2;975;
0;1;20;8;
1;1;37;136;
2;1;45;207;
3;1;48;338;
4;1;4;400;
5;1;24;523;
6;1;29;627;
7;1;6;703;
8;1;38;829;
9;1;40;906;
10;1;42;1028;
11;1;29;1103;
12;1;44;1239;
13;1;10;1300;
14;1;44;1435;
15;1;7;1503;
16;1;8;1604;
17;1;13;1710;
18;1;8;1802;
19;1;50;1910;
20;1;49;2033;
21;1;40;2116;
22;1;45;2241;
23;1;16;2311;
24;1;40;2417;
