****17****
100
97;74;1;2;0;
21;7;1;2;0;
78;58;1;2;0;
50;63;1;2;0;
48;92;1;2;0;
55;34;1;2;0;
12;14;1;2;0;
53;60;1;2;0;
23;12;1;2;0;
6;51;1;2;0;
54;29;1;2;0;
78;1;1;2;0;
28;12;1;2;0;
57;17;1;2;0;
87;26;1;2;0;
86;35;1;2;0;
99;6;1;2;0;
41;28;1;2;0;
16;42;1;2;0;
91;63;1;2;0;
34;45;1;2;0;
48;97;1;2;0;
10;52;1;2;0;
56;33;1;2;0;
15;13;1;2;0;
35;21;1;2;0;
42;12;1;2;0;
73;69;1;2;0;
76;29;1;2;0;
37;14;1;2;0;
6;22;1;2;0;
48;56;1;2;0;
28;41;1;2;0;
36;95;1;2;0;
82;26;1;2;0;
9;15;1;2;0;
22;8;1;2;0;
11;83;1;2;0;
59;19;1;2;0;
67;26;1;2;0;
31;2;1;2;0;
46;24;1;2;0;
13;70;1;2;0;
93;40;1;2;0;
50;29;1;2;0;
5;55;1;2;0;
51;53;1;2;0;
10;30;1;2;0;
93;45;1;2;0;
76;26;1;2;0;
22;84;1;2;2119;
95;91;1;2;816;
78;1;1;2;1109;
44;26;1;2;1067;
97;23;1;2;2272;
62;44;1;2;1937;
1;93;1;2;2008;
6;47;1;2;1121;
10;9;1;2;389;
54;5;1;2;2310;
79;79;1;2;1331;
71;25;1;2;65;
26;54;1;2;1140;
98;98;1;2;2110;
5;46;1;2;973;
84;7;1;2;568;
58;8;1;2;1200;
61;65;1;2;1050;
66;74;1;2;1780;
4;27;1;2;1226;
65;57;1;2;263;
61;28;1;2;742;
47;53;1;2;839;
86;2;1;2;1885;
2;7;1;2;1042;
92;90;1;2;1355;
78;99;1;2;2471;
5;60;1;2;558;
82;77;1;2;1324;
67;81;1;2;320;
60;45;1;2;807;
32;58;1;2;2406;
28;56;1;2;930;
77;93;1;2;2494;
28;46;1;2;665;
72;90;1;2;214;
22;67;1;2;580;
84;23;1;2;1269;
9;4;1;2;905;
8;22;1;2;2375;
84;82;1;2;490;
69;65;1;2;1584;
81;92;1;2;718;
97;20;1;2;1537;
15;47;1;2;1149;
38;70;1;2;527;
3;44;1;2;241;
66;27;1;2;1492;
40;35;1;2;332;
90;94;1;2;1040;
0;1;23;1;
1;1;22;105;
2;1;48;209;
3;1;38;300;
4;1;29;408;
5;1;27;522;
6;1;17;603;
7;1;49;713;
8;1;29;816;
9;1;19;903;
10;1;12;1007;
11;1;48;1141;
12;1;20;1208;
13;1;26;1320;
14;1;30;1419;
15;1;25;1503;
16;1;49;1612;
17;1;7;1703;
18;1;32;1827;
19;1;28;1926;
20;1;27;2024;
21;1;13;2111;
22;1;49;2233;
23;1;41;2335;
24;1;31;2404;
