****18****
100
11;44;1;2;0;
19;60;1;2;0;
33;38;1;2;0;
48;9;1;2;0;
24;30;1;2;0;
78;51;1;2;0;
83;28;1;2;0;
47;40;1;2;0;
75;80;1;2;0;
35;5;1;2;0;
42;13;1;2;0;
13;56;1;2;0;
6;61;1;2;0;
69;98;1;2;0;
40;49;1;2;0;
9;50;1;2;0;
45;80;1;2;0;
62;77;1;2;0;
69;61;1;2;0;
37;45;1;2;0;
90;14;1;2;0;
95;25;1;2;0;
93;93;1;2;0;
64;20;1;2;0;
72;50;1;2;0;
76;66;1;2;0;
63;88;1;2;0;
73;20;1;2;0;
48;41;1;2;0;
17;39;1;2;0;
42;78;1;2;0;
41;86;1;2;0;
57;2;1;2;0;
14;25;1;2;0;
62;51;1;2;0;
21;4;1;2;0;
16;15;1;2;0;
28;9;1;2;0;
7;43;1;2;0;
28;31;1;2;0;
92;3;1;2;0;
96;6;1;2;0;
42;20;1;2;0;
25;41;1;2;0;
61;42;1;2;0;
80;54;1;2;0;
71;72;1;2;0;
91;27;1;2;0;
25;4;1;2;0;
3;86;1;2;0;
54;24;1;2;1019;
70;90;1;2;1599;
30;49;1;2;367;
9;79;1;2;1586;
11;26;1;2;122;
4;45;1;2;2329;
44;57;1;2;584;
75;62;1;2;853;
46;52;1;2;492;
70;56;1;2;44;
8;61;1;2;382;
48;82;1;2;868;
16;11;1;2;2373;
77;19;1;2;2303;
30;81;1;2;373;
89;84;1;2;1372;
72;80;1;2;393;
100;54;1;2;1474;
46;52;1;2;2242;
70;21;1;2;1369;
48;80;1;2;425;
2;80;1;2;264;
45;95;1;2;997;
36;23;1;2;1814;
57;53;1;2;1500;
55;41;1;2;1120;
97;64;1;2;747;
48;63;1;2;977;
13;8;1;2;1247;
29;29;1;2;1585;
100;28;1;2;110;
83;29;1;2;342;
48;25;1;2;1381;
76;60;1;2;1094;
22;68;1;2;1070;
100;74;1;2;1428;
62;71;1;2;2000;
55;70;1;2;869;
54;34;1;2;1391;
3;62;1;2;1557;
25;61;1;2;1413;
27;96;1;2;1341;
59;95;1;2;2213;
38;70;1;2;1396;
87;43;1;2;1197;
40;43;1;2;1989;
85;56;1;2;143;
93;63;1;2;1054;
63;16;1;2;1196;
92;70;1;2;310;
0;1;49;19;
1;1;46;132;
2;1;23;200;
3;1;2;300;
4;1;37;435;
5;1;18;502;
6;1;47;601;
7;1;3;700;
8;1;47;828;
9;1;13;908;
10;1;3;1002;
11;1;25;1116;
12;1;19;1202;
13;1;34;1317;
14;1;28;1426;
15;1;24;1505;
16;1;49;1619;
17;1;13;1706;
18;1;11;1801;
19;1;4;1903;
20;1;11;2009;
21;1;8;2106;
22;1;29;2208;
23;1;28;2304;
24;1;7;2405;
