****9****
100
66;95;1;2;0;
94;11;1;2;0;
22;100;1;2;0;
78;77;1;2;0;
37;52;1;2;0;
48;65;1;2;0;
27;29;1;2;0;
88;20;1;2;0;
10;77;1;2;0;
69;21;1;2;0;
60;40;1;2;0;
5;7;1;2;0;
72;35;1;2;0;
79;5;1;2;0;
47;98;1;2;0;
16;65;1;2;0;
92;9;1;2;0;
75;65;1;2;0;
8;5;1;2;0;
41;97;1;2;0;
56;40;1;2;0;
61;34;1;2;0;
68;100;1;2;0;
5;29;1;2;0;
28;74;1;2;0;
50;88;1;2;0;
65;54;1;2;0;
94;88;1;2;0;
88;24;1;2;0;
92;87;1;2;0;
21;7;1;2;0;
3;12;1;2;0;
67;77;1;2;0;
76;27;1;2;0;
33;68;1;2;0;
23;89;1;2;0;
7;35;1;2;0;
22;27;1;2;0;
86;27;1;2;0;
55;13;1;2;0;
52;4;1;2;0;
52;16;1;2;0;
57;98;1;2;0;
3;97;1;2;0;
21;94;1;2;0;
35;42;1;2;0;
52;37;1;2;0;
5;18;1;2;0;
65;81;1;2;0;
44;98;1;2;0;
100;66;1;2;1149;
7;52;1;2;1430;
85;37;1;2;1087;
39;50;1;2;205;
43;1;1;2;262;
51;50;1;2;213;
99;71;1;2;2224;
33;64;1;2;1965;
69;68;1;2;1300;
34;48;1;2;1051;
31;100;1;2;2164;
68;58;1;2;506;
26;42;1;2;2102;
63;80;1;2;446;
50;74;1;2;1293;
5;25;1;2;1972;
61;75;1;2;653;
63;8;1;2;2344;
67;76;1;2;2207;
37;61;1;2;877;
3;91;1;2;826;
34;10;1;2;1830;
68;36;1;2;504;
39;50;1;2;262;
59;99;1;2;559;
32;55;1;2;514;
6;68;1;2;151;
50;82;1;2;1103;
57;48;1;2;1584;
83;37;1;2;1690;
57;39;1;2;972;
82;24;1;2;577;
12;91;1;2;1939;
35;82;1;2;1145;
90;40;1;2;898;
18;23;1;2;1467;
70;28;1;2;562;
48;29;1;2;411;
34;37;1;2;475;
47;20;1;2;2057;
20;76;1;2;1209;
84;10;1;2;93;
10;21;1;2;1720;
22;8;1;2;690;
84;97;1;2;2453;
96;14;1;2;796;
14;35;1;2;198;
48;82;1;2;1308;
66;67;1;2;1472;
80;13;1;2;397;
0;1;582;512;
1;1;544;361;
2;1;568;424;
3;1;585;653;
4;1;574;642;
5;1;503;607;
6;1;529;626;
7;1;581;1275;
8;1;533;1037;
9;1;560;1085;
10;1;580;1559;
11;1;545;1292;
12;1;600;1610;
13;1;580;1676;
14;1;542;1839;
15;1;513;1567;
16;1;528;2076;
17;1;545;1960;
18;1;509;1994;
19;1;576;2441;
20;1;576;2025;
21;1;566;2621;
22;1;563;2492;
23;1;515;2491;
24;1;591;2587;
25;1;593;2951;
26;1;565;2613;
27;1;535;2783;
28;1;599;3025;
29;1;561;3282;
30;1;509;3236;
31;1;516;3504;
32;1;581;3405;
33;1;584;3629;
34;1;545;3528;
35;1;575;3894;
36;1;537;3728;
37;1;576;3842;
38;1;538;3935;
39;1;550;4030;
40;1;563;4322;
41;1;502;4412;
42;1;530;4275;
43;1;594;4394;
44;1;553;4593;
45;1;573;4590;
46;1;531;4993;
47;1;502;5058;
48;1;599;5194;
49;1;552;5195;
