****8****
100
78;7;1;2;0;
54;100;1;2;0;
32;21;1;2;0;
36;21;1;2;0;
87;77;1;2;0;
18;56;1;2;0;
24;19;1;2;0;
34;62;1;2;0;
10;36;1;2;0;
83;65;1;2;0;
62;49;1;2;0;
62;10;1;2;0;
23;70;1;2;0;
25;12;1;2;0;
51;1;1;2;0;
37;80;1;2;0;
7;90;1;2;0;
79;90;1;2;0;
62;15;1;2;0;
10;100;1;2;0;
43;27;1;2;0;
55;18;1;2;0;
98;40;1;2;0;
31;7;1;2;0;
28;13;1;2;0;
24;41;1;2;0;
13;85;1;2;0;
2;87;1;2;0;
6;26;1;2;0;
98;8;1;2;0;
26;86;1;2;0;
88;32;1;2;0;
27;18;1;2;0;
73;88;1;2;0;
84;82;1;2;0;
88;26;1;2;0;
61;94;1;2;0;
96;10;1;2;0;
86;26;1;2;0;
16;65;1;2;0;
91;91;1;2;0;
5;3;1;2;0;
28;6;1;2;0;
90;33;1;2;0;
31;39;1;2;0;
41;56;1;2;0;
25;28;1;2;0;
39;51;1;2;0;
97;63;1;2;0;
91;81;1;2;0;
96;30;1;2;274;
56;75;1;2;1745;
65;60;1;2;935;
33;24;1;2;2447;
75;80;1;2;1173;
2;85;1;2;1543;
35;15;1;2;440;
27;22;1;2;1248;
6;12;1;2;957;
2;74;1;2;37;
82;70;1;2;1359;
40;77;1;2;1948;
92;94;1;2;150;
22;78;1;2;888;
42;52;1;2;1596;
17;54;1;2;137;
80;40;1;2;739;
34;66;1;2;1285;
64;71;1;2;1720;
45;72;1;2;1528;
67;6;1;2;483;
19;97;1;2;477;
45;40;1;2;870;
82;62;1;2;2263;
95;55;1;2;1699;
88;71;1;2;1650;
65;3;1;2;492;
8;88;1;2;408;
73;52;1;2;625;
2;48;1;2;922;
4;14;1;2;16;
27;84;1;2;682;
26;28;1;2;2167;
19;62;1;2;405;
88;56;1;2;346;
61;43;1;2;664;
35;7;1;2;402;
100;15;1;2;0;
82;39;1;2;711;
34;40;1;2;989;
58;43;1;2;876;
90;21;1;2;1730;
67;47;1;2;495;
35;65;1;2;2330;
16;4;1;2;616;
51;65;1;2;1959;
9;51;1;2;1490;
21;3;1;2;2453;
73;84;1;2;1131;
75;18;1;2;1746;
0;1;577;300;
1;1;539;537;
2;1;516;206;
3;1;594;487;
4;1;557;837;
5;1;568;1060;
6;1;515;932;
7;1;525;763;
8;1;534;966;
9;1;555;938;
10;1;591;1170;
11;1;515;1472;
12;1;572;1506;
13;1;577;1843;
14;1;565;1960;
15;1;571;2011;
16;1;572;1708;
17;1;536;1902;
18;1;572;1941;
19;1;521;2030;
20;1;505;2187;
21;1;501;2472;
22;1;523;2671;
23;1;585;2307;
24;1;517;2854;
25;1;501;2757;
26;1;544;2890;
27;1;552;2958;
28;1;505;3222;
29;1;542;3253;
30;1;573;3061;
31;1;562;3647;
32;1;525;3372;
33;1;582;3691;
34;1;579;3940;
35;1;576;3994;
36;1;594;3653;
37;1;554;4097;
38;1;504;4185;
39;1;575;3996;
40;1;528;4438;
41;1;530;4443;
42;1;594;4660;
43;1;590;4717;
44;1;560;4791;
45;1;519;4520;
46;1;596;4816;
47;1;579;4966;
48;1;582;5192;
49;1;568;5259;
