****6****
100
70;64;1;2;0;
21;82;1;2;0;
22;50;1;2;0;
76;38;1;2;0;
29;38;1;2;0;
30;8;1;2;0;
93;67;1;2;0;
42;68;1;2;0;
47;54;1;2;0;
35;16;1;2;0;
39;71;1;2;0;
53;99;1;2;0;
67;98;1;2;0;
33;59;1;2;0;
48;43;1;2;0;
14;70;1;2;0;
58;34;1;2;0;
51;79;1;2;0;
35;78;1;2;0;
69;15;1;2;0;
15;50;1;2;0;
22;8;1;2;0;
16;16;1;2;0;
27;62;1;2;0;
69;62;1;2;0;
78;59;1;2;0;
84;30;1;2;0;
58;51;1;2;0;
79;90;1;2;0;
61;78;1;2;0;
84;74;1;2;0;
47;93;1;2;0;
59;49;1;2;0;
72;45;1;2;0;
27;92;1;2;0;
59;41;1;2;0;
41;32;1;2;0;
100;56;1;2;0;
47;27;1;2;0;
69;68;1;2;0;
40;46;1;2;0;
26;23;1;2;0;
27;83;1;2;0;
73;57;1;2;0;
24;85;1;2;0;
35;7;1;2;0;
58;81;1;2;0;
100;68;1;2;0;
30;23;1;2;0;
12;8;1;2;0;
66;22;1;2;2142;
6;54;1;2;924;
13;52;1;2;1481;
81;19;1;2;1372;
79;97;1;2;190;
57;79;1;2;1206;
14;55;1;2;354;
100;61;1;2;1625;
32;12;1;2;1361;
13;86;1;2;1412;
20;51;1;2;1249;
20;8;1;2;2129;
19;72;1;2;684;
48;5;1;2;2153;
64;83;1;2;2260;
54;91;1;2;101;
17;56;1;2;1174;
17;7;1;2;666;
74;39;1;2;632;
50;51;1;2;337;
90;71;1;2;482;
52;90;1;2;1475;
18;60;1;2;840;
36;7;1;2;501;
73;22;1;2;1226;
57;75;1;2;511;
72;44;1;2;2267;
41;60;1;2;1346;
23;85;1;2;1236;
16;34;1;2;2433;
46;24;1;2;2062;
27;75;1;2;2266;
68;92;1;2;1474;
32;28;1;2;1163;
48;52;1;2;210;
98;60;1;2;1304;
90;84;1;2;650;
90;24;1;2;1105;
45;46;1;2;1797;
89;61;1;2;1583;
36;59;1;2;1878;
53;85;1;2;1433;
11;4;1;2;2377;
28;35;1;2;393;
3;34;1;2;135;
99;83;1;2;1369;
22;25;1;2;1692;
39;14;1;2;2280;
16;10;1;2;1304;
76;51;1;2;1891;
0;1;570;515;
1;1;503;432;
2;1;591;512;
3;1;582;396;
4;1;543;753;
5;1;529;889;
6;1;534;802;
7;1;515;847;
8;1;582;1055;
9;1;583;1224;
10;1;574;1079;
11;1;593;1435;
12;1;580;1287;
13;1;501;1393;
14;1;584;1826;
15;1;557;1544;
16;1;588;2006;
17;1;592;2153;
18;1;598;1916;
19;1;531;2279;
20;1;545;2288;
21;1;574;2300;
22;1;541;2269;
23;1;585;2738;
24;1;537;2479;
25;1;528;2521;
26;1;512;3096;
27;1;501;3183;
28;1;528;2852;
29;1;503;3149;
30;1;503;3347;
31;1;516;3377;
32;1;569;3426;
33;1;520;3398;
34;1;535;3629;
35;1;511;3521;
36;1;560;4103;
37;1;562;3957;
38;1;523;4045;
39;1;526;4107;
40;1;564;4548;
41;1;573;4545;
42;1;525;4722;
43;1;565;4754;
44;1;573;4964;
45;1;567;4586;
46;1;529;5115;
47;1;517;4937;
48;1;592;4947;
49;1;516;5194;
