****4****
100
25;67;1;2;0;
78;90;1;2;0;
60;74;1;2;0;
45;63;1;2;0;
17;58;1;2;0;
53;75;1;2;0;
53;57;1;2;0;
49;42;1;2;0;
96;20;1;2;0;
78;13;1;2;0;
51;65;1;2;0;
64;69;1;2;0;
71;11;1;2;0;
56;12;1;2;0;
38;66;1;2;0;
83;14;1;2;0;
32;13;1;2;0;
4;43;1;2;0;
86;48;1;2;0;
5;3;1;2;0;
58;58;1;2;0;
77;62;1;2;0;
14;77;1;2;0;
4;10;1;2;0;
96;81;1;2;0;
22;99;1;2;0;
97;37;1;2;0;
67;19;1;2;0;
47;22;1;2;0;
31;85;1;2;0;
39;65;1;2;0;
98;23;1;2;0;
77;53;1;2;0;
65;63;1;2;0;
53;70;1;2;0;
17;62;1;2;0;
79;45;1;2;0;
23;92;1;2;0;
22;26;1;2;0;
53;69;1;2;0;
58;27;1;2;0;
67;6;1;2;0;
63;85;1;2;0;
25;10;1;2;0;
7;7;1;2;0;
46;97;1;2;0;
23;95;1;2;0;
19;100;1;2;0;
48;84;1;2;0;
14;52;1;2;0;
5;82;1;2;1174;
83;78;1;2;2134;
26;51;1;2;1402;
79;20;1;2;2498;
57;38;1;2;787;
71;23;1;2;430;
80;81;1;2;1190;
77;77;1;2;2373;
72;96;1;2;1996;
71;31;1;2;1274;
22;35;1;2;1724;
34;17;1;2;1501;
20;42;1;2;1472;
84;72;1;2;1589;
58;80;1;2;1414;
37;51;1;2;611;
44;82;1;2;1257;
5;59;1;2;688;
40;82;1;2;743;
75;52;1;2;1330;
26;73;1;2;1216;
59;58;1;2;2364;
69;29;1;2;1006;
33;65;1;2;1820;
17;74;1;2;435;
38;62;1;2;1852;
33;5;1;2;1837;
56;9;1;2;1541;
59;100;1;2;9;
58;26;1;2;753;
86;52;1;2;568;
1;10;1;2;628;
83;30;1;2;569;
59;62;1;2;1792;
7;78;1;2;1798;
86;67;1;2;1376;
15;99;1;2;952;
25;6;1;2;1720;
46;65;1;2;1051;
99;74;1;2;945;
52;59;1;2;176;
80;11;1;2;469;
66;46;1;2;826;
84;4;1;2;218;
14;62;1;2;238;
69;47;1;2;2298;
37;13;1;2;2011;
57;38;1;2;634;
37;35;1;2;1360;
68;85;1;2;2429;
0;1;525;37;
1;1;564;164;
2;1;568;273;
3;1;554;382;
4;1;571;890;
5;1;568;950;
6;1;568;1120;
7;1;588;976;
8;1;553;1094;
9;1;572;984;
10;1;599;1516;
11;1;597;1603;
12;1;546;1716;
13;1;574;1770;
14;1;552;1866;
15;1;530;1596;
16;1;546;1758;
17;1;561;1710;
18;1;570;2184;
19;1;501;2062;
20;1;570;2529;
21;1;519;2207;
22;1;552;2569;
23;1;549;2731;
24;1;596;2924;
25;1;596;2610;
26;1;502;2949;
27;1;534;2812;
28;1;576;3059;
29;1;576;3347;
30;1;518;3276;
31;1;504;3258;
32;1;549;3586;
33;1;580;3869;
34;1;530;3679;
35;1;562;3567;
36;1;600;4031;
37;1;588;4198;
38;1;542;4232;
39;1;511;4282;
40;1;561;4433;
41;1;583;4213;
42;1;598;4676;
43;1;561;4739;
44;1;576;4659;
45;1;552;4580;
46;1;592;4790;
47;1;507;4723;
48;1;523;4958;
49;1;513;4981;
