****11****
100
147;617;1;2;0;
961;275;1;2;0;
928;205;1;2;0;
919;288;1;2;0;
212;825;1;2;0;
667;581;1;2;0;
418;515;1;2;0;
958;100;1;2;0;
410;172;1;2;0;
338;8;1;2;0;
546;591;1;2;0;
116;782;1;2;0;
42;486;1;2;0;
616;931;1;2;0;
181;535;1;2;0;
997;327;1;2;0;
503;309;1;2;0;
954;782;1;2;0;
513;224;1;2;0;
70;76;1;2;0;
49;88;1;2;0;
657;818;1;2;0;
602;966;1;2;0;
269;363;1;2;0;
489;958;1;2;0;
370;34;1;2;0;
549;485;1;2;0;
816;590;1;2;0;
322;783;1;2;0;
521;502;1;2;0;
669;869;1;2;0;
829;171;1;2;0;
177;134;1;2;0;
953;41;1;2;0;
357;22;1;2;0;
116;757;1;2;0;
109;124;1;2;0;
575;62;1;2;0;
442;195;1;2;0;
424;930;1;2;0;
153;145;1;2;0;
316;701;1;2;0;
981;483;1;2;0;
290;302;1;2;0;
265;162;1;2;0;
804;933;1;2;0;
30;984;1;2;0;
455;558;1;2;0;
117;407;1;2;0;
950;473;1;2;0;
780;418;1;2;1231;
240;541;1;2;5672;
301;982;1;2;4845;
76;264;1;2;1671;
220;931;1;2;1238;
200;413;1;2;12415;
502;677;1;2;3404;
657;961;1;2;17586;
992;415;1;2;5476;
108;822;1;2;15441;
932;953;1;2;3169;
513;193;1;2;11469;
20;845;1;2;6628;
722;921;1;2;710;
575;140;1;2;290;
481;692;1;2;17757;
676;545;1;2;1768;
32;201;1;2;7265;
122;544;1;2;2020;
770;651;1;2;14085;
367;934;1;2;12724;
381;447;1;2;17588;
287;818;1;2;2684;
527;539;1;2;5576;
30;114;1;2;15439;
815;946;1;2;22298;
660;621;1;2;4120;
533;4;1;2;19567;
718;126;1;2;23974;
670;895;1;2;6521;
442;261;1;2;11187;
519;993;1;2;18699;
788;279;1;2;9728;
902;158;1;2;18615;
935;187;1;2;19784;
460;2;1;2;16721;
676;13;1;2;21841;
436;898;1;2;15796;
748;967;1;2;16171;
955;636;1;2;5690;
812;430;1;2;20299;
603;948;1;2;19909;
543;736;1;2;11493;
301;637;1;2;10672;
598;571;1;2;11412;
359;383;1;2;20746;
66;58;1;2;6429;
392;846;1;2;17984;
74;593;1;2;19418;
529;900;1;2;8254;
0;1;30;0;
1;1;77;1043;
2;1;65;2059;
3;1;48;3023;
4;1;12;4007;
5;1;8;5003;
6;1;76;6020;
7;1;70;7016;
8;1;16;8011;
9;1;91;9058;
10;1;10;10007;
11;1;24;11018;
12;1;33;12022;
13;1;99;13049;
14;1;78;14001;
15;1;45;15014;
16;1;61;16050;
17;1;54;17042;
18;1;97;18061;
19;1;84;19083;
20;1;37;20022;
21;1;7;21002;
22;1;100;22028;
23;1;71;23050;
24;1;80;24060;
25;1;47;25019;
26;1;100;26022;
27;1;47;27037;
28;1;72;28009;
29;1;29;29017;
30;1;47;30020;
31;1;60;31006;
32;1;46;32005;
33;1;84;33057;
34;1;67;34028;
35;1;2;35000;
36;1;14;36011;
37;1;66;37049;
38;1;88;38079;
39;1;32;39015;
40;1;49;40007;
41;1;60;41019;
42;1;53;42001;
43;1;32;43027;
44;1;56;44048;
45;1;24;45017;
46;1;85;46083;
47;1;13;47010;
48;1;97;48088;
49;1;72;49010;
