****13****
100
66;91;1;2;0;
12;47;1;2;0;
39;70;1;2;0;
99;1;1;2;0;
78;11;1;2;0;
55;38;1;2;0;
36;19;1;2;0;
80;12;1;2;0;
3;25;1;2;0;
100;23;1;2;0;
26;85;1;2;0;
90;21;1;2;0;
82;77;1;2;0;
43;79;1;2;0;
81;93;1;2;0;
22;98;1;2;0;
84;34;1;2;0;
45;74;1;2;0;
3;95;1;2;0;
27;32;1;2;0;
5;81;1;2;0;
69;92;1;2;0;
52;1;1;2;0;
55;54;1;2;0;
77;54;1;2;0;
28;2;1;2;0;
39;70;1;2;0;
22;72;1;2;0;
46;16;1;2;0;
51;78;1;2;0;
61;72;1;2;0;
76;44;1;2;0;
57;72;1;2;0;
17;11;1;2;0;
66;95;1;2;0;
43;22;1;2;0;
76;63;1;2;0;
14;79;1;2;0;
63;68;1;2;0;
84;39;1;2;0;
22;12;1;2;0;
40;12;1;2;0;
33;14;1;2;0;
83;78;1;2;0;
29;85;1;2;0;
55;89;1;2;0;
57;82;1;2;0;
84;65;1;2;0;
53;53;1;2;0;
76;18;1;2;0;
47;18;1;2;2366;
74;32;1;2;2212;
4;47;1;2;1352;
88;85;1;2;1653;
51;77;1;2;1607;
83;90;1;2;1039;
12;70;1;2;2011;
66;11;1;2;1701;
100;46;1;2;1743;
52;50;1;2;1293;
70;49;1;2;636;
61;74;1;2;570;
13;78;1;2;2323;
84;65;1;2;2146;
29;15;1;2;638;
84;49;1;2;1589;
22;60;1;2;113;
97;77;1;2;2051;
27;76;1;2;2105;
22;28;1;2;1336;
44;49;1;2;888;
35;9;1;2;2142;
58;73;1;2;188;
26;8;1;2;1910;
83;36;1;2;1586;
64;72;1;2;1781;
38;45;1;2;249;
34;41;1;2;580;
39;68;1;2;2018;
42;41;1;2;1896;
95;37;1;2;233;
47;71;1;2;1900;
73;28;1;2;1606;
76;6;1;2;703;
95;88;1;2;850;
28;4;1;2;1152;
61;93;1;2;149;
5;26;1;2;2357;
26;65;1;2;1969;
22;58;1;2;734;
49;52;1;2;2445;
72;51;1;2;239;
7;23;1;2;2186;
14;51;1;2;607;
28;45;1;2;153;
82;25;1;2;1461;
55;37;1;2;1118;
25;42;1;2;1742;
35;67;1;2;383;
64;40;1;2;1647;
0;1;585;402;
1;1;503;161;
2;1;511;351;
3;1;571;326;
4;1;575;577;
5;1;582;778;
6;1;543;697;
7;1;522;856;
8;1;543;913;
9;1;502;1240;
10;1;582;1052;
11;1;525;1249;
12;1;578;1364;
13;1;541;1749;
14;1;574;1499;
15;1;570;1850;
16;1;571;1791;
17;1;553;1917;
18;1;576;2110;
19;1;501;2016;
20;1;504;2017;
21;1;579;2423;
22;1;595;2779;
23;1;592;2636;
24;1;597;2909;
25;1;589;2879;
26;1;598;3175;
27;1;553;2978;
28;1;524;3048;
29;1;598;3335;
30;1;529;3474;
31;1;512;3418;
32;1;542;3303;
33;1;584;3700;
34;1;590;3525;
35;1;570;3642;
36;1;570;3997;
37;1;539;4114;
38;1;599;4167;
39;1;504;3998;
40;1;527;4291;
41;1;525;4425;
42;1;557;4619;
43;1;554;4426;
44;1;573;4834;
45;1;534;4634;
46;1;521;4781;
47;1;504;4949;
48;1;508;4906;
49;1;530;4968;
