****16****
100
86;65;1;2;0;
67;100;1;2;0;
48;21;1;2;0;
17;9;1;2;0;
73;55;1;2;0;
12;18;1;2;0;
14;64;1;2;0;
43;39;1;2;0;
72;47;1;2;0;
32;39;1;2;0;
50;95;1;2;0;
36;21;1;2;0;
97;85;1;2;0;
4;4;1;2;0;
95;78;1;2;0;
46;32;1;2;0;
94;13;1;2;0;
31;41;1;2;0;
85;99;1;2;0;
2;9;1;2;0;
53;13;1;2;0;
26;67;1;2;0;
76;20;1;2;0;
57;48;1;2;0;
67;88;1;2;0;
38;68;1;2;0;
82;25;1;2;0;
88;78;1;2;0;
9;43;1;2;0;
33;3;1;2;0;
72;30;1;2;0;
86;65;1;2;0;
42;69;1;2;0;
58;78;1;2;0;
67;59;1;2;0;
87;72;1;2;0;
23;12;1;2;0;
38;98;1;2;0;
32;94;1;2;0;
97;50;1;2;0;
33;86;1;2;0;
17;14;1;2;0;
10;57;1;2;0;
43;18;1;2;0;
99;27;1;2;0;
72;23;1;2;0;
56;10;1;2;0;
87;50;1;2;0;
78;96;1;2;0;
27;44;1;2;0;
54;13;1;2;2350;
76;77;1;2;1818;
26;8;1;2;861;
74;57;1;2;2167;
60;25;1;2;1695;
21;81;1;2;871;
39;32;1;2;80;
62;54;1;2;613;
71;40;1;2;388;
100;36;1;2;704;
96;41;1;2;1811;
62;69;1;2;2435;
18;46;1;2;420;
18;19;1;2;248;
51;30;1;2;1151;
48;51;1;2;1906;
88;41;1;2;1933;
5;54;1;2;1745;
78;25;1;2;1090;
48;24;1;2;939;
97;71;1;2;1122;
10;33;1;2;8;
47;50;1;2;1156;
95;67;1;2;139;
99;69;1;2;72;
79;17;1;2;1369;
40;56;1;2;2214;
32;12;1;2;2178;
29;90;1;2;727;
66;89;1;2;1399;
89;37;1;2;2327;
5;46;1;2;861;
89;44;1;2;1316;
70;38;1;2;2057;
22;88;1;2;246;
3;19;1;2;85;
86;58;1;2;2445;
61;42;1;2;2405;
89;70;1;2;579;
94;35;1;2;2361;
74;76;1;2;952;
24;80;1;2;666;
7;69;1;2;1437;
90;38;1;2;1186;
40;59;1;2;163;
11;13;1;2;2019;
49;98;1;2;1159;
43;10;1;2;2018;
100;99;1;2;1337;
46;44;1;2;209;
0;1;580;256;
1;1;593;152;
2;1;592;672;
3;1;572;581;
4;1;593;709;
5;1;540;781;
6;1;585;1010;
7;1;593;945;
8;1;541;887;
9;1;537;1078;
10;1;555;1010;
11;1;584;1435;
12;1;567;1336;
13;1;566;1745;
14;1;580;1908;
15;1;520;1838;
16;1;577;1894;
17;1;562;1910;
18;1;588;2324;
19;1;518;2407;
20;1;568;2208;
21;1;514;2441;
22;1;540;2217;
23;1;582;2325;
24;1;514;2429;
25;1;521;2863;
26;1;575;2753;
27;1;536;2701;
28;1;538;3188;
29;1;543;3429;
30;1;510;3483;
31;1;528;3261;
32;1;578;3214;
33;1;558;3596;
34;1;525;3827;
35;1;597;4009;
36;1;536;3845;
37;1;547;3716;
38;1;519;3844;
39;1;555;4241;
40;1;550;4426;
41;1;552;4371;
42;1;583;4281;
43;1;517;4661;
44;1;587;4913;
45;1;541;4863;
46;1;577;4723;
47;1;538;5165;
48;1;512;4906;
49;1;571;5277;
