****7****
100
511;346;1;2;0;
2;199;1;2;0;
151;268;1;2;0;
538;243;1;2;0;
65;386;1;2;0;
536;845;1;2;0;
390;466;1;2;0;
11;298;1;2;0;
807;486;1;2;0;
754;819;1;2;0;
274;226;1;2;0;
278;97;1;2;0;
143;418;1;2;0;
288;967;1;2;0;
878;682;1;2;0;
900;741;1;2;0;
379;253;1;2;0;
291;530;1;2;0;
873;828;1;2;0;
772;937;1;2;0;
213;660;1;2;0;
133;954;1;2;0;
125;143;1;2;0;
251;283;1;2;0;
628;356;1;2;0;
101;253;1;2;0;
933;379;1;2;0;
349;427;1;2;0;
148;988;1;2;0;
745;377;1;2;0;
669;645;1;2;0;
469;400;1;2;0;
249;759;1;2;0;
929;121;1;2;0;
586;52;1;2;0;
409;150;1;2;0;
711;541;1;2;0;
455;187;1;2;0;
683;57;1;2;0;
470;662;1;2;0;
764;922;1;2;0;
914;697;1;2;0;
652;615;1;2;0;
475;151;1;2;0;
602;220;1;2;0;
528;623;1;2;0;
216;996;1;2;0;
22;464;1;2;0;
107;302;1;2;0;
937;44;1;2;0;
353;345;1;2;24244;
416;238;1;2;6616;
954;920;1;2;1985;
423;934;1;2;15904;
697;847;1;2;19962;
348;813;1;2;10536;
499;415;1;2;14253;
378;389;1;2;14822;
725;410;1;2;5774;
831;711;1;2;19744;
875;415;1;2;24741;
772;830;1;2;6325;
771;136;1;2;9436;
179;910;1;2;6290;
351;606;1;2;21952;
570;954;1;2;18359;
616;804;1;2;956;
881;181;1;2;20572;
713;905;1;2;9515;
9;88;1;2;12148;
592;314;1;2;13759;
520;85;1;2;24219;
685;207;1;2;186;
122;386;1;2;10011;
491;88;1;2;11454;
59;9;1;2;10713;
440;977;1;2;14823;
586;857;1;2;17050;
121;570;1;2;7673;
64;930;1;2;6572;
70;521;1;2;16254;
842;41;1;2;13209;
443;77;1;2;1805;
532;198;1;2;13525;
178;41;1;2;14271;
781;451;1;2;21758;
690;242;1;2;3263;
49;828;1;2;16297;
293;300;1;2;7424;
441;363;1;2;5171;
676;784;1;2;6530;
576;625;1;2;13488;
560;68;1;2;5121;
102;951;1;2;15868;
30;128;1;2;6512;
396;260;1;2;19510;
123;949;1;2;468;
826;350;1;2;2591;
738;642;1;2;21451;
570;82;1;2;18809;
0;1;80;68;
1;1;57;1023;
2;1;36;2028;
3;1;84;3062;
4;1;100;4081;
5;1;48;5017;
6;1;30;6016;
7;1;81;7079;
8;1;25;8015;
9;1;9;9002;
10;1;41;10017;
11;1;77;11019;
12;1;52;12013;
13;1;83;13067;
14;1;35;14030;
15;1;34;15017;
16;1;24;16013;
17;1;27;17005;
18;1;75;18011;
19;1;5;19000;
20;1;96;20080;
21;1;28;21004;
22;1;81;22064;
23;1;47;23003;
24;1;48;24038;
25;1;8;25000;
26;1;47;26031;
27;1;82;27013;
28;1;1;28000;
29;1;59;29045;
30;1;32;30003;
31;1;53;31023;
32;1;34;32010;
33;1;18;33007;
34;1;93;34011;
35;1;85;35052;
36;1;27;36005;
37;1;64;37002;
38;1;20;38001;
39;1;68;39018;
40;1;16;40006;
41;1;59;41046;
42;1;62;42032;
43;1;11;43005;
44;1;57;44049;
45;1;48;45019;
46;1;65;46004;
47;1;95;47009;
48;1;31;48011;
49;1;9;49002;
