****14****
100
22;100;1;2;0;
41;43;1;2;0;
99;31;1;2;0;
58;98;1;2;0;
13;13;1;2;0;
92;91;1;2;0;
9;16;1;2;0;
66;65;1;2;0;
44;71;1;2;0;
49;69;1;2;0;
22;82;1;2;0;
21;94;1;2;0;
26;76;1;2;0;
8;85;1;2;0;
62;37;1;2;0;
33;36;1;2;0;
88;74;1;2;0;
30;87;1;2;0;
4;40;1;2;0;
36;16;1;2;0;
52;79;1;2;0;
58;60;1;2;0;
47;75;1;2;0;
77;90;1;2;0;
46;77;1;2;0;
10;19;1;2;0;
59;83;1;2;0;
12;84;1;2;0;
58;19;1;2;0;
21;72;1;2;0;
8;53;1;2;0;
7;95;1;2;0;
78;88;1;2;0;
33;82;1;2;0;
27;68;1;2;0;
49;31;1;2;0;
47;59;1;2;0;
42;93;1;2;0;
33;18;1;2;0;
34;78;1;2;0;
95;96;1;2;0;
96;5;1;2;0;
78;60;1;2;0;
40;87;1;2;0;
78;60;1;2;0;
58;85;1;2;0;
65;16;1;2;0;
32;42;1;2;0;
4;64;1;2;0;
75;30;1;2;0;
84;76;1;2;1987;
30;34;1;2;1829;
74;66;1;2;438;
59;96;1;2;1701;
54;91;1;2;27;
31;50;1;2;1385;
18;80;1;2;592;
27;16;1;2;1463;
43;47;1;2;997;
46;11;1;2;1989;
27;94;1;2;1060;
87;75;1;2;542;
40;48;1;2;1312;
62;6;1;2;410;
79;12;1;2;114;
99;42;1;2;1847;
11;11;1;2;125;
83;38;1;2;1244;
18;32;1;2;337;
95;29;1;2;1277;
99;55;1;2;461;
25;93;1;2;1077;
89;32;1;2;1622;
18;46;1;2;1173;
42;24;1;2;127;
56;74;1;2;1744;
24;37;1;2;1267;
71;19;1;2;923;
82;36;1;2;2255;
43;83;1;2;735;
62;81;1;2;367;
78;57;1;2;634;
68;45;1;2;870;
57;62;1;2;1512;
3;3;1;2;1763;
9;11;1;2;1648;
60;34;1;2;58;
73;57;1;2;82;
24;90;1;2;689;
57;32;1;2;372;
19;93;1;2;1125;
35;22;1;2;1507;
43;89;1;2;2060;
87;97;1;2;1599;
24;99;1;2;536;
36;59;1;2;1487;
74;18;1;2;1297;
47;91;1;2;94;
91;66;1;2;1625;
70;22;1;2;1225;
0;1;583;549;
1;1;582;565;
2;1;526;386;
3;1;529;759;
4;1;543;847;
5;1;555;620;
6;1;587;895;
7;1;590;782;
8;1;518;1289;
9;1;529;1096;
10;1;518;1303;
11;1;590;1189;
12;1;560;1451;
13;1;577;1587;
14;1;553;1652;
15;1;556;1766;
16;1;590;1816;
17;1;514;2106;
18;1;592;2053;
19;1;535;2010;
20;1;569;2194;
21;1;577;2197;
22;1;524;2273;
23;1;559;2598;
24;1;565;2766;
25;1;584;2565;
26;1;528;2884;
27;1;545;2998;
28;1;556;2872;
29;1;557;3391;
30;1;523;3341;
31;1;546;3551;
32;1;548;3306;
33;1;578;3512;
34;1;600;3564;
35;1;577;3608;
36;1;558;3824;
37;1;574;3832;
38;1;570;4361;
39;1;573;4019;
40;1;570;4145;
41;1;572;4537;
42;1;532;4283;
43;1;540;4658;
44;1;541;4694;
45;1;598;5044;
46;1;507;4795;
47;1;526;4796;
48;1;553;5217;
49;1;597;5057;
