****19****
100
41;60;1;2;0;
80;4;1;2;0;
3;80;1;2;0;
96;91;1;2;0;
82;60;1;2;0;
69;22;1;2;0;
100;13;1;2;0;
38;24;1;2;0;
50;67;1;2;0;
28;11;1;2;0;
96;66;1;2;0;
17;82;1;2;0;
95;44;1;2;0;
98;23;1;2;0;
44;75;1;2;0;
62;85;1;2;0;
86;94;1;2;0;
40;88;1;2;0;
73;87;1;2;0;
78;54;1;2;0;
46;98;1;2;0;
75;97;1;2;0;
63;64;1;2;0;
20;12;1;2;0;
30;48;1;2;0;
22;25;1;2;0;
65;90;1;2;0;
59;60;1;2;0;
33;56;1;2;0;
34;29;1;2;0;
30;96;1;2;0;
65;67;1;2;0;
89;4;1;2;0;
6;13;1;2;0;
42;36;1;2;0;
18;88;1;2;0;
33;45;1;2;0;
84;95;1;2;0;
8;4;1;2;0;
6;90;1;2;0;
3;80;1;2;0;
66;67;1;2;0;
69;24;1;2;0;
78;54;1;2;0;
79;12;1;2;0;
34;60;1;2;0;
59;98;1;2;0;
26;99;1;2;0;
53;84;1;2;0;
63;94;1;2;0;
19;80;1;2;916;
51;24;1;2;1095;
98;32;1;2;1709;
3;73;1;2;1614;
34;38;1;2;1371;
55;62;1;2;2014;
8;40;1;2;842;
41;52;1;2;1718;
90;29;1;2;2216;
42;12;1;2;1499;
35;30;1;2;2416;
68;33;1;2;1609;
32;30;1;2;2316;
3;84;1;2;1493;
76;18;1;2;2006;
15;24;1;2;1504;
84;31;1;2;1528;
16;23;1;2;2492;
6;64;1;2;246;
46;5;1;2;2072;
48;39;1;2;1471;
30;6;1;2;1991;
87;89;1;2;2092;
75;43;1;2;144;
35;18;1;2;1658;
84;85;1;2;93;
95;20;1;2;2054;
97;88;1;2;1028;
50;93;1;2;1808;
83;91;1;2;2306;
28;90;1;2;2205;
3;71;1;2;2423;
61;57;1;2;1554;
1;31;1;2;1309;
24;17;1;2;803;
16;1;1;2;1409;
83;95;1;2;139;
80;91;1;2;339;
51;92;1;2;1226;
85;74;1;2;17;
75;2;1;2;712;
3;4;1;2;726;
41;16;1;2;1670;
68;68;1;2;858;
89;43;1;2;2284;
27;58;1;2;452;
54;40;1;2;1871;
48;71;1;2;562;
81;21;1;2;1522;
58;5;1;2;2496;
0;1;526;198;
1;1;537;224;
2;1;534;315;
3;1;510;503;
4;1;508;733;
5;1;593;1091;
6;1;513;723;
7;1;570;1265;
8;1;560;918;
9;1;579;1170;
10;1;519;1081;
11;1;512;1212;
12;1;579;1512;
13;1;562;1614;
14;1;549;1526;
15;1;576;1893;
16;1;597;1757;
17;1;508;1725;
18;1;504;2233;
19;1;507;1945;
20;1;563;2162;
21;1;590;2514;
22;1;532;2270;
23;1;570;2720;
24;1;537;2714;
25;1;555;2606;
26;1;559;2785;
27;1;548;2768;
28;1;509;3292;
29;1;529;3198;
30;1;526;3432;
31;1;583;3661;
32;1;517;3270;
33;1;507;3605;
34;1;560;3653;
35;1;583;3670;
36;1;565;3863;
37;1;597;4154;
38;1;582;3963;
39;1;539;4381;
40;1;570;4022;
41;1;577;4318;
42;1;559;4350;
43;1;517;4699;
44;1;584;4768;
45;1;576;4556;
46;1;501;4714;
47;1;587;5098;
48;1;553;5301;
49;1;541;5151;
