****15****
100
71;25;1;2;0;
72;28;1;2;0;
29;46;1;2;0;
60;50;1;2;0;
29;33;1;2;0;
88;51;1;2;0;
40;11;1;2;0;
52;24;1;2;0;
78;91;1;2;0;
62;70;1;2;0;
39;12;1;2;0;
32;45;1;2;0;
6;57;1;2;0;
3;59;1;2;0;
64;52;1;2;0;
11;34;1;2;0;
76;82;1;2;0;
14;57;1;2;0;
79;73;1;2;0;
6;60;1;2;0;
57;93;1;2;0;
62;49;1;2;0;
55;13;1;2;0;
72;33;1;2;0;
55;85;1;2;0;
2;93;1;2;0;
96;86;1;2;0;
90;2;1;2;0;
94;92;1;2;0;
12;57;1;2;0;
43;74;1;2;0;
91;71;1;2;0;
7;56;1;2;0;
27;86;1;2;0;
28;84;1;2;0;
97;37;1;2;0;
29;58;1;2;0;
85;83;1;2;0;
22;56;1;2;0;
15;76;1;2;0;
40;69;1;2;0;
21;88;1;2;0;
54;62;1;2;0;
41;99;1;2;0;
5;52;1;2;0;
56;100;1;2;0;
25;98;1;2;0;
70;31;1;2;0;
53;48;1;2;0;
16;32;1;2;0;
31;64;1;2;358;
59;21;1;2;2070;
42;42;1;2;1459;
8;70;1;2;1368;
28;42;1;2;1770;
33;55;1;2;2309;
32;59;1;2;685;
87;58;1;2;748;
36;79;1;2;1255;
88;26;1;2;312;
71;9;1;2;1086;
91;67;1;2;861;
94;60;1;2;1772;
5;20;1;2;1707;
7;47;1;2;437;
96;80;1;2;2275;
25;11;1;2;1773;
5;49;1;2;354;
9;84;1;2;368;
95;23;1;2;1309;
97;93;1;2;1979;
15;83;1;2;1131;
53;29;1;2;529;
84;85;1;2;368;
37;91;1;2;223;
82;86;1;2;1761;
82;62;1;2;521;
88;66;1;2;1827;
55;26;1;2;1962;
1;20;1;2;412;
73;69;1;2;1213;
4;83;1;2;2224;
2;87;1;2;512;
12;22;1;2;40;
92;58;1;2;2178;
19;92;1;2;1193;
25;73;1;2;1897;
93;12;1;2;2474;
61;66;1;2;1173;
60;67;1;2;1752;
33;91;1;2;2021;
99;94;1;2;567;
99;48;1;2;756;
79;11;1;2;1856;
43;2;1;2;573;
97;73;1;2;2354;
88;97;1;2;1967;
40;42;1;2;1189;
9;2;1;2;377;
51;14;1;2;2399;
0;1;564;421;
1;1;533;208;
2;1;596;713;
3;1;561;787;
4;1;525;737;
5;1;524;702;
6;1;586;643;
7;1;589;1247;
8;1;514;904;
9;1;594;1214;
10;1;509;1053;
11;1;592;1421;
12;1;548;1383;
13;1;556;1599;
14;1;502;1498;
15;1;514;1611;
16;1;518;1665;
17;1;515;1875;
18;1;527;1947;
19;1;511;1970;
20;1;541;2075;
21;1;538;2491;
22;1;504;2697;
23;1;548;2749;
24;1;590;2510;
25;1;522;2532;
26;1;581;2821;
27;1;504;2987;
28;1;517;3007;
29;1;551;3295;
30;1;531;3416;
31;1;540;3528;
32;1;513;3325;
33;1;514;3727;
34;1;584;3715;
35;1;543;3930;
36;1;562;3671;
37;1;554;3735;
38;1;562;4072;
39;1;587;3937;
40;1;593;4228;
41;1;553;4106;
42;1;525;4256;
43;1;553;4832;
44;1;567;4843;
45;1;564;5061;
46;1;519;4630;
47;1;598;4881;
48;1;508;4838;
49;1;523;5244;
