****18****
100
24;5;1;2;0;
22;95;1;2;0;
49;49;1;2;0;
53;98;1;2;0;
34;90;1;2;0;
20;49;1;2;0;
41;99;1;2;0;
54;89;1;2;0;
87;74;1;2;0;
30;12;1;2;0;
48;77;1;2;0;
49;44;1;2;0;
88;37;1;2;0;
83;69;1;2;0;
63;82;1;2;0;
8;38;1;2;0;
38;30;1;2;0;
84;39;1;2;0;
30;37;1;2;0;
36;63;1;2;0;
78;7;1;2;0;
11;70;1;2;0;
5;16;1;2;0;
58;43;1;2;0;
41;39;1;2;0;
55;88;1;2;0;
67;55;1;2;0;
83;55;1;2;0;
91;65;1;2;0;
23;5;1;2;0;
47;82;1;2;0;
94;36;1;2;0;
63;78;1;2;0;
74;92;1;2;0;
66;9;1;2;0;
55;95;1;2;0;
16;65;1;2;0;
64;72;1;2;0;
33;73;1;2;0;
15;25;1;2;0;
63;21;1;2;0;
13;30;1;2;0;
27;95;1;2;0;
84;18;1;2;0;
12;58;1;2;0;
74;10;1;2;0;
39;68;1;2;0;
45;2;1;2;0;
97;19;1;2;0;
93;14;1;2;0;
27;99;1;2;2345;
42;16;1;2;1267;
66;48;1;2;1722;
80;72;1;2;512;
52;36;1;2;1386;
78;83;1;2;200;
47;94;1;2;1839;
21;3;1;2;1159;
40;47;1;2;1419;
36;65;1;2;236;
1;44;1;2;613;
8;37;1;2;175;
82;2;1;2;2357;
80;33;1;2;2061;
88;84;1;2;1071;
78;62;1;2;82;
2;60;1;2;354;
84;80;1;2;576;
56;71;1;2;1322;
81;6;1;2;1773;
50;58;1;2;107;
66;17;1;2;1155;
49;98;1;2;1137;
79;77;1;2;915;
85;17;1;2;2462;
74;46;1;2;1833;
97;47;1;2;2476;
13;30;1;2;1741;
31;37;1;2;1507;
47;17;1;2;1947;
80;19;1;2;1489;
56;84;1;2;2482;
21;85;1;2;1191;
87;15;1;2;1841;
85;99;1;2;2444;
19;72;1;2;1886;
66;20;1;2;369;
73;32;1;2;2237;
11;14;1;2;1144;
19;13;1;2;1012;
33;44;1;2;2078;
57;100;1;2;2456;
97;72;1;2;2322;
86;58;1;2;1534;
52;42;1;2;2152;
86;61;1;2;249;
65;78;1;2;907;
43;50;1;2;1983;
2;60;1;2;1548;
97;79;1;2;932;
0;1;561;469;
1;1;563;193;
2;1;571;607;
3;1;561;318;
4;1;585;706;
5;1;553;789;
6;1;530;1085;
7;1;583;1267;
8;1;542;1150;
9;1;583;1162;
10;1;525;1116;
11;1;600;1673;
12;1;533;1646;
13;1;586;1457;
14;1;550;1615;
15;1;558;1885;
16;1;578;1969;
17;1;505;1865;
18;1;533;2217;
19;1;519;2094;
20;1;578;2154;
21;1;510;2577;
22;1;579;2505;
23;1;504;2687;
24;1;591;2766;
25;1;529;2977;
26;1;577;3048;
27;1;541;3119;
28;1;533;3273;
29;1;501;3181;
30;1;593;3305;
31;1;592;3449;
32;1;578;3461;
33;1;522;3635;
34;1;512;3884;
35;1;531;3569;
36;1;563;3779;
37;1;548;3960;
38;1;536;4118;
39;1;512;4234;
40;1;588;4184;
41;1;545;4376;
42;1;573;4265;
43;1;578;4492;
44;1;562;4707;
45;1;587;4775;
46;1;587;5003;
47;1;528;5079;
48;1;577;5157;
49;1;578;5233;
