****3****
100
39;82;1;2;0;
4;33;1;2;0;
49;67;1;2;0;
10;86;1;2;0;
74;34;1;2;0;
22;21;1;2;0;
9;17;1;2;0;
67;5;1;2;0;
71;98;1;2;0;
33;51;1;2;0;
20;90;1;2;0;
60;50;1;2;0;
97;64;1;2;0;
2;88;1;2;0;
100;86;1;2;0;
34;38;1;2;0;
67;89;1;2;0;
23;67;1;2;0;
7;32;1;2;0;
4;32;1;2;0;
66;25;1;2;0;
52;26;1;2;0;
41;70;1;2;0;
30;12;1;2;0;
68;14;1;2;0;
14;39;1;2;0;
56;73;1;2;0;
40;52;1;2;0;
88;41;1;2;0;
39;88;1;2;0;
26;24;1;2;0;
77;44;1;2;0;
64;51;1;2;0;
62;22;1;2;0;
35;65;1;2;0;
53;52;1;2;0;
90;56;1;2;0;
77;82;1;2;0;
26;6;1;2;0;
45;93;1;2;0;
20;59;1;2;0;
31;75;1;2;0;
83;71;1;2;0;
26;71;1;2;0;
63;17;1;2;0;
10;41;1;2;0;
92;38;1;2;0;
84;56;1;2;0;
89;46;1;2;0;
77;23;1;2;0;
62;82;1;2;1759;
3;37;1;2;2257;
85;62;1;2;2322;
29;6;1;2;1125;
39;89;1;2;533;
22;11;1;2;2132;
92;25;1;2;502;
1;65;1;2;845;
38;1;1;2;1483;
78;98;1;2;138;
52;59;1;2;2331;
77;14;1;2;1470;
78;98;1;2;1980;
37;78;1;2;1912;
66;69;1;2;260;
22;90;1;2;685;
3;33;1;2;1427;
52;85;1;2;834;
44;74;1;2;441;
92;52;1;2;169;
68;55;1;2;1637;
25;32;1;2;1933;
70;61;1;2;1123;
29;97;1;2;101;
94;15;1;2;465;
50;36;1;2;1796;
17;38;1;2;372;
8;41;1;2;1655;
15;36;1;2;636;
23;27;1;2;1199;
27;46;1;2;46;
42;70;1;2;1438;
70;92;1;2;131;
47;20;1;2;947;
54;13;1;2;13;
80;63;1;2;361;
96;31;1;2;1626;
95;38;1;2;1809;
79;4;1;2;1756;
88;78;1;2;450;
48;5;1;2;532;
62;98;1;2;1832;
60;20;1;2;820;
18;18;1;2;1979;
24;23;1;2;2220;
45;3;1;2;1805;
100;50;1;2;1419;
97;44;1;2;2491;
33;22;1;2;856;
57;61;1;2;1954;
0;1;508;399;
1;1;515;150;
2;1;522;436;
3;1;573;603;
4;1;584;777;
5;1;550;550;
6;1;514;628;
7;1;524;769;
8;1;569;1001;
9;1;565;983;
10;1;527;1267;
11;1;517;1117;
12;1;531;1211;
13;1;544;1427;
14;1;506;1597;
15;1;522;1888;
16;1;564;2012;
17;1;520;2024;
18;1;501;1810;
19;1;517;2031;
20;1;577;2192;
21;1;536;2501;
22;1;590;2788;
23;1;548;2710;
24;1;536;2815;
25;1;579;2795;
26;1;516;2870;
27;1;584;3281;
28;1;595;3188;
29;1;561;3262;
30;1;582;3498;
31;1;516;3444;
32;1;571;3295;
33;1;581;3348;
34;1;579;3535;
35;1;506;3728;
36;1;514;3886;
37;1;597;3893;
38;1;552;4139;
39;1;514;4282;
40;1;507;4111;
41;1;505;4378;
42;1;590;4457;
43;1;572;4607;
44;1;518;4703;
45;1;588;4902;
46;1;566;4898;
47;1;596;4855;
48;1;542;4973;
49;1;510;5201;
