****9****
100
794;770;1;2;0;
781;826;1;2;0;
796;830;1;2;0;
779;829;1;2;0;
762;770;1;2;0;
849;831;1;2;0;
760;789;1;2;0;
801;845;1;2;0;
828;835;1;2;0;
779;829;1;2;0;
779;780;1;2;0;
756;833;1;2;0;
797;828;1;2;0;
812;796;1;2;0;
794;787;1;2;0;
790;838;1;2;0;
759;774;1;2;0;
766;757;1;2;0;
754;847;1;2;0;
836;767;1;2;0;
767;836;1;2;0;
848;830;1;2;0;
827;752;1;2;0;
825;806;1;2;0;
837;754;1;2;0;
837;818;1;2;0;
836;843;1;2;0;
754;784;1;2;0;
773;768;1;2;0;
782;769;1;2;0;
805;774;1;2;0;
810;766;1;2;0;
798;778;1;2;0;
774;803;1;2;0;
776;760;1;2;0;
772;845;1;2;0;
846;770;1;2;0;
777;776;1;2;0;
824;752;1;2;0;
832;763;1;2;0;
808;771;1;2;0;
832;847;1;2;0;
816;788;1;2;0;
833;791;1;2;0;
806;765;1;2;0;
811;813;1;2;0;
789;823;1;2;0;
829;838;1;2;0;
751;753;1;2;0;
791;777;1;2;0;
816;813;1;2;7168;
764;785;1;2;14987;
790;812;1;2;13002;
824;825;1;2;19497;
797;807;1;2;6895;
763;845;1;2;12320;
805;753;1;2;16424;
818;816;1;2;13114;
791;848;1;2;9498;
792;803;1;2;13430;
772;769;1;2;18742;
799;784;1;2;82;
801;824;1;2;4496;
810;751;1;2;12623;
778;798;1;2;18870;
842;764;1;2;1916;
790;819;1;2;13263;
804;787;1;2;4739;
758;780;1;2;8527;
800;774;1;2;16773;
787;796;1;2;3202;
837;797;1;2;12479;
823;801;1;2;1917;
822;761;1;2;19459;
797;789;1;2;13357;
830;834;1;2;1072;
762;774;1;2;1117;
845;780;1;2;2352;
799;789;1;2;10535;
799;791;1;2;16214;
805;781;1;2;361;
778;768;1;2;10144;
837;793;1;2;4270;
822;766;1;2;15742;
761;813;1;2;11495;
848;845;1;2;14706;
801;757;1;2;1414;
823;805;1;2;8045;
782;754;1;2;11431;
775;804;1;2;1069;
840;759;1;2;10391;
756;839;1;2;18137;
768;778;1;2;8108;
830;802;1;2;8524;
756;765;1;2;8286;
822;763;1;2;17425;
823;766;1;2;14137;
849;839;1;2;11684;
805;823;1;2;18526;
804;848;1;2;6910;
0;1;295;295;
1;1;342;1142;
2;1;399;1999;
3;1;119;2519;
4;1;348;3548;
5;1;388;4388;
6;1;209;5009;
7;1;166;5766;
8;1;268;6668;
9;1;294;7494;
10;1;199;8199;
11;1;221;9021;
12;1;396;9996;
13;1;357;10757;
14;1;236;11436;
15;1;213;12213;
16;1;229;13029;
17;1;302;13902;
18;1;377;14777;
19;1;255;15455;
