****10****
100
767;798;1;2;0;
803;809;1;2;0;
825;810;1;2;0;
782;809;1;2;0;
764;781;1;2;0;
846;810;1;2;0;
822;845;1;2;0;
828;821;1;2;0;
784;788;1;2;0;
787;752;1;2;0;
834;837;1;2;0;
824;829;1;2;0;
793;811;1;2;0;
793;774;1;2;0;
764;769;1;2;0;
828;834;1;2;0;
818;833;1;2;0;
793;845;1;2;0;
793;825;1;2;0;
804;759;1;2;0;
808;801;1;2;0;
771;780;1;2;0;
848;750;1;2;0;
752;782;1;2;0;
840;841;1;2;0;
836;824;1;2;0;
828;762;1;2;0;
755;823;1;2;0;
824;798;1;2;0;
847;838;1;2;0;
770;777;1;2;0;
822;838;1;2;0;
760;765;1;2;0;
833;803;1;2;0;
793;840;1;2;0;
764;751;1;2;0;
791;786;1;2;0;
834;789;1;2;0;
838;788;1;2;0;
773;828;1;2;0;
779;812;1;2;0;
755;809;1;2;0;
824;760;1;2;0;
834;798;1;2;0;
809;832;1;2;0;
839;829;1;2;0;
759;763;1;2;0;
769;770;1;2;0;
831;804;1;2;0;
775;774;1;2;0;
794;790;1;2;2529;
787;826;1;2;15555;
826;814;1;2;2577;
802;844;1;2;8185;
764;849;1;2;11516;
790;760;1;2;2837;
839;771;1;2;15339;
780;802;1;2;16751;
793;773;1;2;15864;
774;827;1;2;12440;
750;824;1;2;10648;
828;761;1;2;8921;
841;790;1;2;17409;
841;794;1;2;14963;
773;808;1;2;12839;
765;848;1;2;867;
793;789;1;2;19130;
803;771;1;2;1003;
774;815;1;2;117;
818;791;1;2;614;
787;844;1;2;360;
796;822;1;2;19202;
833;813;1;2;18970;
786;756;1;2;667;
785;832;1;2;9409;
784;847;1;2;15940;
845;842;1;2;12890;
779;795;1;2;13085;
817;771;1;2;12189;
778;839;1;2;15806;
769;776;1;2;7723;
833;822;1;2;10471;
761;757;1;2;19604;
829;845;1;2;1420;
841;781;1;2;4105;
811;767;1;2;2895;
784;815;1;2;627;
848;796;1;2;16361;
781;764;1;2;6845;
832;844;1;2;11667;
776;763;1;2;6984;
814;799;1;2;7167;
824;810;1;2;1134;
801;790;1;2;2575;
785;781;1;2;13893;
803;795;1;2;7925;
818;781;1;2;1819;
825;779;1;2;18426;
829;810;1;2;2466;
755;844;1;2;10338;
0;1;373;373;
1;1;21;821;
2;1;212;1812;
3;1;166;2566;
4;1;185;3385;
5;1;61;4061;
6;1;32;4832;
7;1;211;5811;
8;1;121;6521;
9;1;310;7510;
10;1;315;8315;
11;1;213;9013;
12;1;183;9783;
13;1;150;10550;
14;1;245;11445;
15;1;39;12039;
16;1;4;12804;
17;1;42;13642;
18;1;112;14512;
19;1;72;15272;
