****17****
100
843;782;1;2;0;
783;774;1;2;0;
814;792;1;2;0;
828;752;1;2;0;
751;815;1;2;0;
834;840;1;2;0;
753;807;1;2;0;
828;806;1;2;0;
769;766;1;2;0;
803;762;1;2;0;
815;763;1;2;0;
763;806;1;2;0;
806;752;1;2;0;
788;755;1;2;0;
826;753;1;2;0;
773;820;1;2;0;
838;758;1;2;0;
796;754;1;2;0;
800;774;1;2;0;
756;753;1;2;0;
839;840;1;2;0;
795;794;1;2;0;
797;825;1;2;0;
802;816;1;2;0;
842;755;1;2;0;
780;807;1;2;0;
769;793;1;2;0;
815;777;1;2;0;
847;805;1;2;0;
782;776;1;2;0;
761;757;1;2;0;
846;849;1;2;0;
765;792;1;2;0;
753;767;1;2;0;
816;811;1;2;0;
770;758;1;2;0;
801;767;1;2;0;
754;800;1;2;0;
842;807;1;2;0;
818;786;1;2;0;
764;848;1;2;0;
844;783;1;2;0;
843;761;1;2;0;
762;792;1;2;0;
769;846;1;2;0;
818;780;1;2;0;
753;814;1;2;0;
779;768;1;2;0;
808;834;1;2;0;
837;827;1;2;0;
795;757;1;2;18118;
798;826;1;2;10646;
800;819;1;2;19197;
768;755;1;2;11964;
818;801;1;2;4022;
763;765;1;2;12078;
805;784;1;2;7250;
826;814;1;2;12653;
842;795;1;2;12700;
801;831;1;2;4701;
778;828;1;2;1964;
815;828;1;2;6910;
808;778;1;2;14603;
811;848;1;2;4073;
776;816;1;2;18140;
778;781;1;2;19760;
793;836;1;2;5757;
805;812;1;2;8040;
820;805;1;2;14338;
757;808;1;2;10702;
830;836;1;2;13047;
815;753;1;2;7902;
824;763;1;2;18943;
754;824;1;2;7503;
789;802;1;2;14125;
828;831;1;2;2518;
782;774;1;2;4541;
770;829;1;2;14687;
774;751;1;2;16493;
775;759;1;2;2099;
809;791;1;2;18338;
821;756;1;2;3324;
811;830;1;2;7705;
781;786;1;2;18120;
849;826;1;2;2808;
783;756;1;2;9516;
800;789;1;2;14041;
804;761;1;2;7352;
774;786;1;2;18384;
799;763;1;2;7275;
782;823;1;2;15007;
803;794;1;2;7265;
779;808;1;2;14679;
820;839;1;2;11852;
836;839;1;2;6577;
805;824;1;2;16994;
806;775;1;2;10303;
780;781;1;2;8541;
786;805;1;2;3467;
845;754;1;2;13140;
0;1;264;264;
1;1;89;889;
2;1;349;1949;
3;1;173;2573;
4;1;194;3394;
5;1;346;4346;
6;1;241;5041;
7;1;275;5875;
8;1;104;6504;
9;1;342;7542;
10;1;245;8245;
11;1;345;9145;
12;1;79;9679;
13;1;384;10784;
14;1;334;11534;
15;1;192;12192;
16;1;91;12891;
17;1;209;13809;
18;1;163;14563;
19;1;247;15447;
