****18****
100
783;775;1;2;0;
827;766;1;2;0;
797;815;1;2;0;
821;759;1;2;0;
810;777;1;2;0;
834;825;1;2;0;
817;835;1;2;0;
797;810;1;2;0;
780;790;1;2;0;
784;835;1;2;0;
831;780;1;2;0;
779;761;1;2;0;
815;813;1;2;0;
804;805;1;2;0;
773;766;1;2;0;
752;758;1;2;0;
791;781;1;2;0;
774;790;1;2;0;
846;797;1;2;0;
799;758;1;2;0;
776;784;1;2;0;
833;843;1;2;0;
769;832;1;2;0;
755;751;1;2;0;
772;841;1;2;0;
836;805;1;2;0;
823;817;1;2;0;
816;789;1;2;0;
832;770;1;2;0;
844;755;1;2;0;
839;846;1;2;0;
763;832;1;2;0;
777;839;1;2;0;
773;825;1;2;0;
786;774;1;2;0;
833;764;1;2;0;
760;768;1;2;0;
757;831;1;2;0;
751;762;1;2;0;
832;773;1;2;0;
805;770;1;2;0;
781;779;1;2;0;
790;799;1;2;0;
818;772;1;2;0;
772;812;1;2;0;
778;813;1;2;0;
761;843;1;2;0;
795;840;1;2;0;
833;770;1;2;0;
816;821;1;2;0;
795;751;1;2;19605;
805;770;1;2;4621;
787;771;1;2;8912;
821;846;1;2;5008;
794;829;1;2;15425;
834;779;1;2;6045;
756;753;1;2;8370;
836;816;1;2;2904;
830;761;1;2;8682;
765;782;1;2;8049;
836;779;1;2;16802;
822;834;1;2;7185;
768;823;1;2;318;
778;847;1;2;6345;
843;791;1;2;18802;
838;775;1;2;1295;
752;781;1;2;18909;
829;768;1;2;4727;
769;800;1;2;18537;
800;815;1;2;14524;
848;801;1;2;9652;
798;826;1;2;17738;
820;796;1;2;16900;
763;776;1;2;4940;
755;821;1;2;3116;
826;761;1;2;645;
778;764;1;2;13477;
833;795;1;2;621;
806;815;1;2;17805;
790;765;1;2;2672;
759;763;1;2;13584;
756;764;1;2;10144;
790;834;1;2;13253;
750;848;1;2;2984;
806;805;1;2;626;
804;833;1;2;5323;
826;761;1;2;6842;
832;796;1;2;9832;
760;752;1;2;916;
786;844;1;2;12499;
829;805;1;2;12628;
776;812;1;2;18106;
798;804;1;2;19838;
819;756;1;2;1861;
765;813;1;2;10523;
783;819;1;2;12065;
765;795;1;2;340;
760;830;1;2;5420;
801;840;1;2;8310;
759;829;1;2;11267;
0;1;283;283;
1;1;259;1059;
2;1;43;1643;
3;1;22;2422;
4;1;85;3285;
5;1;305;4305;
6;1;26;4826;
7;1;286;5886;
8;1;111;6511;
9;1;263;7463;
10;1;255;8255;
11;1;70;8870;
12;1;202;9802;
13;1;170;10570;
14;1;285;11485;
15;1;196;12196;
16;1;356;13156;
17;1;354;13954;
18;1;373;14773;
19;1;271;15471;
