****5****
100
757;838;1;2;0;
817;813;1;2;0;
839;787;1;2;0;
808;789;1;2;0;
827;810;1;2;0;
780;818;1;2;0;
758;802;1;2;0;
806;779;1;2;0;
790;788;1;2;0;
809;820;1;2;0;
753;813;1;2;0;
781;775;1;2;0;
829;827;1;2;0;
795;774;1;2;0;
800;799;1;2;0;
813;759;1;2;0;
839;780;1;2;0;
822;828;1;2;0;
818;832;1;2;0;
819;795;1;2;0;
793;849;1;2;0;
815;753;1;2;0;
801;824;1;2;0;
782;793;1;2;0;
762;794;1;2;0;
764;817;1;2;0;
757;795;1;2;0;
794;789;1;2;0;
824;839;1;2;0;
765;826;1;2;0;
788;828;1;2;0;
836;830;1;2;0;
811;760;1;2;0;
808;779;1;2;0;
843;778;1;2;0;
776;838;1;2;0;
829;794;1;2;0;
841;781;1;2;0;
768;826;1;2;0;
824;832;1;2;0;
770;790;1;2;0;
799;829;1;2;0;
787;843;1;2;0;
768;761;1;2;0;
833;835;1;2;0;
790;823;1;2;0;
814;776;1;2;0;
803;775;1;2;0;
786;814;1;2;0;
756;831;1;2;0;
794;782;1;2;13397;
773;826;1;2;14490;
804;796;1;2;12772;
831;778;1;2;19467;
823;779;1;2;12833;
813;825;1;2;2868;
824;760;1;2;119;
816;833;1;2;12252;
842;839;1;2;9278;
831;755;1;2;11572;
812;799;1;2;4077;
834;822;1;2;1562;
799;829;1;2;2865;
788;762;1;2;874;
801;835;1;2;12799;
841;798;1;2;8645;
804;825;1;2;15479;
753;791;1;2;3415;
765;836;1;2;388;
803;817;1;2;4696;
750;831;1;2;5651;
778;767;1;2;4177;
787;816;1;2;8791;
842;806;1;2;10704;
777;809;1;2;34;
842;801;1;2;6485;
834;807;1;2;6039;
836;810;1;2;15089;
822;826;1;2;5589;
800;831;1;2;9460;
784;831;1;2;3859;
816;812;1;2;2182;
821;849;1;2;6362;
757;793;1;2;9168;
757;772;1;2;10068;
843;765;1;2;5614;
829;801;1;2;18675;
790;788;1;2;16812;
844;812;1;2;4834;
837;814;1;2;3183;
796;848;1;2;15989;
789;815;1;2;18491;
752;786;1;2;8530;
781;846;1;2;12693;
770;805;1;2;11854;
767;798;1;2;2531;
767;777;1;2;13370;
777;769;1;2;7290;
847;816;1;2;3986;
845;803;1;2;11289;
0;1;175;175;
1;1;152;952;
2;1;229;1829;
3;1;287;2687;
4;1;392;3592;
5;1;294;4294;
6;1;362;5162;
7;1;46;5646;
8;1;383;6783;
9;1;239;7439;
10;1;377;8377;
11;1;231;9031;
12;1;360;9960;
13;1;197;10597;
14;1;286;11486;
15;1;203;12203;
16;1;67;12867;
17;1;335;13935;
18;1;13;14413;
19;1;36;15236;
