****3****
100
821;835;1;2;0;
831;837;1;2;0;
751;799;1;2;0;
811;840;1;2;0;
804;833;1;2;0;
826;800;1;2;0;
771;836;1;2;0;
846;795;1;2;0;
769;759;1;2;0;
806;791;1;2;0;
761;816;1;2;0;
848;835;1;2;0;
836;816;1;2;0;
785;825;1;2;0;
770;761;1;2;0;
781;793;1;2;0;
799;762;1;2;0;
833;800;1;2;0;
811;846;1;2;0;
842;818;1;2;0;
829;771;1;2;0;
820;802;1;2;0;
757;817;1;2;0;
800;828;1;2;0;
778;756;1;2;0;
769;841;1;2;0;
774;820;1;2;0;
779;812;1;2;0;
786;766;1;2;0;
788;806;1;2;0;
778;819;1;2;0;
802;779;1;2;0;
784;785;1;2;0;
781;797;1;2;0;
781;774;1;2;0;
765;813;1;2;0;
847;788;1;2;0;
765;754;1;2;0;
807;815;1;2;0;
832;835;1;2;0;
773;803;1;2;0;
778;750;1;2;0;
773;807;1;2;0;
812;810;1;2;0;
824;750;1;2;0;
818;804;1;2;0;
772;770;1;2;0;
785;806;1;2;0;
757;816;1;2;0;
753;841;1;2;0;
792;821;1;2;1572;
789;759;1;2;2967;
793;768;1;2;689;
827;753;1;2;11587;
781;833;1;2;6152;
804;843;1;2;13914;
816;817;1;2;10013;
785;823;1;2;8345;
757;758;1;2;9493;
817;776;1;2;13995;
808;819;1;2;17142;
814;810;1;2;8701;
835;754;1;2;6787;
774;783;1;2;5719;
789;814;1;2;17265;
803;821;1;2;2821;
832;787;1;2;12197;
762;774;1;2;8394;
813;834;1;2;15698;
825;801;1;2;6595;
788;811;1;2;11899;
826;775;1;2;2234;
773;812;1;2;18919;
838;789;1;2;1678;
810;828;1;2;2939;
813;833;1;2;8132;
762;816;1;2;7958;
777;780;1;2;1929;
770;795;1;2;2308;
770;770;1;2;7335;
849;760;1;2;14340;
797;836;1;2;12336;
758;759;1;2;570;
774;799;1;2;3452;
772;759;1;2;16290;
839;775;1;2;5234;
828;787;1;2;4200;
755;766;1;2;3200;
759;838;1;2;14301;
798;759;1;2;10714;
789;810;1;2;2715;
792;810;1;2;14886;
821;818;1;2;12207;
764;794;1;2;1463;
846;817;1;2;15818;
806;758;1;2;12533;
753;836;1;2;14431;
767;794;1;2;13708;
762;803;1;2;9922;
803;803;1;2;7607;
0;1;116;116;
1;1;193;993;
2;1;328;1928;
3;1;240;2640;
4;1;236;3436;
5;1;188;4188;
6;1;150;4950;
7;1;159;5759;
8;1;8;6408;
9;1;322;7522;
10;1;173;8173;
11;1;253;9053;
12;1;96;9696;
13;1;69;10469;
14;1;72;11272;
15;1;231;12231;
16;1;377;13177;
17;1;32;13632;
18;1;291;14691;
19;1;180;15380;
