****4****
100
819;789;1;2;0;
798;763;1;2;0;
806;811;1;2;0;
768;812;1;2;0;
764;822;1;2;0;
779;831;1;2;0;
766;807;1;2;0;
770;753;1;2;0;
846;820;1;2;0;
811;806;1;2;0;
793;835;1;2;0;
810;788;1;2;0;
803;781;1;2;0;
770;831;1;2;0;
764;760;1;2;0;
763;833;1;2;0;
751;811;1;2;0;
799;808;1;2;0;
824;817;1;2;0;
770;791;1;2;0;
841;752;1;2;0;
772;810;1;2;0;
809;793;1;2;0;
813;757;1;2;0;
815;775;1;2;0;
813;758;1;2;0;
760;773;1;2;0;
849;766;1;2;0;
756;821;1;2;0;
847;770;1;2;0;
832;812;1;2;0;
806;833;1;2;0;
826;755;1;2;0;
843;800;1;2;0;
774;764;1;2;0;
841;818;1;2;0;
818;764;1;2;0;
778;829;1;2;0;
759;841;1;2;0;
836;776;1;2;0;
818;752;1;2;0;
784;829;1;2;0;
775;835;1;2;0;
797;834;1;2;0;
807;846;1;2;0;
754;841;1;2;0;
809;810;1;2;0;
776;785;1;2;0;
767;770;1;2;0;
787;792;1;2;0;
836;779;1;2;3840;
804;845;1;2;1006;
783;754;1;2;3305;
769;780;1;2;6733;
771;766;1;2;15914;
849;804;1;2;10523;
833;813;1;2;1482;
789;804;1;2;18905;
802;830;1;2;17721;
819;802;1;2;2793;
813;788;1;2;9721;
775;842;1;2;14965;
813;827;1;2;3569;
847;799;1;2;2005;
849;772;1;2;9263;
830;771;1;2;1969;
810;806;1;2;15319;
838;798;1;2;15144;
826;750;1;2;14649;
848;771;1;2;14615;
760;835;1;2;6092;
753;760;1;2;9525;
841;776;1;2;8177;
785;773;1;2;6662;
759;772;1;2;10891;
754;804;1;2;1703;
754;816;1;2;9826;
766;804;1;2;10195;
835;780;1;2;6116;
837;831;1;2;3043;
840;793;1;2;16405;
785;797;1;2;6319;
822;788;1;2;4956;
789;824;1;2;11900;
753;785;1;2;17604;
792;841;1;2;17981;
804;846;1;2;14716;
772;814;1;2;1850;
789;751;1;2;2008;
805;839;1;2;16633;
795;781;1;2;12237;
770;816;1;2;2261;
808;840;1;2;17950;
823;780;1;2;14034;
762;835;1;2;12519;
774;777;1;2;2666;
793;831;1;2;10168;
829;754;1;2;17784;
768;845;1;2;16937;
790;800;1;2;5995;
0;1;191;191;
1;1;49;849;
2;1;171;1771;
3;1;337;2737;
4;1;21;3221;
5;1;89;4089;
6;1;330;5130;
7;1;379;5979;
8;1;79;6479;
9;1;14;7214;
10;1;53;8053;
11;1;309;9109;
12;1;23;9623;
13;1;317;10717;
14;1;395;11595;
15;1;68;12068;
16;1;93;12893;
17;1;274;13874;
18;1;205;14605;
19;1;88;15288;
