****2****
100
790;789;1;2;0;
835;781;1;2;0;
800;780;1;2;0;
777;800;1;2;0;
761;787;1;2;0;
823;823;1;2;0;
829;760;1;2;0;
808;805;1;2;0;
812;753;1;2;0;
846;795;1;2;0;
833;845;1;2;0;
815;772;1;2;0;
823;792;1;2;0;
813;768;1;2;0;
793;838;1;2;0;
752;785;1;2;0;
829;837;1;2;0;
816;831;1;2;0;
819;843;1;2;0;
782;830;1;2;0;
833;807;1;2;0;
756;764;1;2;0;
817;814;1;2;0;
819;780;1;2;0;
817;768;1;2;0;
777;752;1;2;0;
815;794;1;2;0;
826;788;1;2;0;
836;790;1;2;0;
758;779;1;2;0;
778;760;1;2;0;
814;809;1;2;0;
847;833;1;2;0;
842;768;1;2;0;
778;774;1;2;0;
849;813;1;2;0;
784;755;1;2;0;
827;751;1;2;0;
771;849;1;2;0;
833;791;1;2;0;
767;813;1;2;0;
793;832;1;2;0;
757;770;1;2;0;
770;844;1;2;0;
762;831;1;2;0;
825;842;1;2;0;
841;842;1;2;0;
801;791;1;2;0;
777;793;1;2;0;
809;805;1;2;0;
770;760;1;2;19532;
804;817;1;2;15557;
757;839;1;2;14209;
841;832;1;2;7828;
756;827;1;2;3524;
763;799;1;2;3197;
809;811;1;2;2198;
837;803;1;2;7602;
829;806;1;2;17288;
756;750;1;2;10785;
811;822;1;2;1481;
782;828;1;2;16418;
783;835;1;2;16257;
830;778;1;2;19962;
847;784;1;2;11206;
845;798;1;2;12304;
816;809;1;2;793;
820;796;1;2;4101;
816;775;1;2;14944;
804;781;1;2;4232;
752;795;1;2;19537;
815;779;1;2;11936;
845;764;1;2;17205;
764;797;1;2;9352;
817;794;1;2;2186;
799;841;1;2;19267;
779;760;1;2;6699;
821;830;1;2;7015;
768;796;1;2;4098;
771;751;1;2;16901;
775;805;1;2;8261;
802;822;1;2;17711;
808;817;1;2;11970;
751;783;1;2;17805;
770;802;1;2;6764;
776;752;1;2;9814;
830;781;1;2;6431;
796;804;1;2;2534;
808;822;1;2;9445;
845;796;1;2;4452;
766;821;1;2;18341;
784;825;1;2;31;
784;835;1;2;9665;
798;836;1;2;19775;
759;809;1;2;17765;
816;835;1;2;14840;
816;768;1;2;7024;
775;814;1;2;11392;
766;824;1;2;19484;
755;819;1;2;6244;
0;1;297;297;
1;1;339;1139;
2;1;158;1758;
3;1;195;2595;
4;1;225;3425;
5;1;134;4134;
6;1;213;5013;
7;1;59;5659;
8;1;71;6471;
9;1;351;7551;
10;1;259;8259;
11;1;58;8858;
12;1;75;9675;
13;1;20;10420;
14;1;17;11217;
15;1;299;12299;
16;1;138;12938;
17;1;54;13654;
18;1;177;14577;
19;1;105;15305;
