****7****
100
812;826;1;2;0;
777;827;1;2;0;
771;781;1;2;0;
833;760;1;2;0;
805;826;1;2;0;
831;786;1;2;0;
805;840;1;2;0;
768;802;1;2;0;
847;845;1;2;0;
836;805;1;2;0;
773;751;1;2;0;
829;777;1;2;0;
813;794;1;2;0;
848;836;1;2;0;
785;838;1;2;0;
848;800;1;2;0;
814;828;1;2;0;
829;788;1;2;0;
759;764;1;2;0;
750;766;1;2;0;
841;831;1;2;0;
802;848;1;2;0;
773;820;1;2;0;
800;822;1;2;0;
767;839;1;2;0;
830;790;1;2;0;
840;809;1;2;0;
770;755;1;2;0;
754;768;1;2;0;
841;841;1;2;0;
808;792;1;2;0;
843;825;1;2;0;
822;823;1;2;0;
763;831;1;2;0;
837;815;1;2;0;
848;828;1;2;0;
797;752;1;2;0;
826;772;1;2;0;
775;777;1;2;0;
845;844;1;2;0;
818;825;1;2;0;
785;760;1;2;0;
836;757;1;2;0;
765;840;1;2;0;
775;756;1;2;0;
784;833;1;2;0;
750;777;1;2;0;
808;822;1;2;0;
750;773;1;2;0;
756;790;1;2;0;
791;806;1;2;125;
790;760;1;2;2809;
812;785;1;2;10133;
759;832;1;2;17914;
834;767;1;2;4747;
773;826;1;2;8671;
763;803;1;2;4097;
849;786;1;2;6044;
777;797;1;2;2135;
829;772;1;2;12781;
769;813;1;2;17163;
788;753;1;2;4418;
835;768;1;2;15617;
761;777;1;2;15237;
755;814;1;2;595;
759;837;1;2;6894;
830;802;1;2;5871;
807;802;1;2;13308;
837;781;1;2;19796;
792;760;1;2;1489;
804;780;1;2;9786;
773;770;1;2;4673;
804;755;1;2;17886;
822;818;1;2;19877;
823;775;1;2;8394;
792;836;1;2;2349;
838;816;1;2;19486;
784;773;1;2;3237;
771;813;1;2;8438;
757;807;1;2;3569;
818;761;1;2;3750;
842;836;1;2;16549;
773;842;1;2;4773;
823;815;1;2;2277;
752;840;1;2;3253;
845;782;1;2;16169;
777;770;1;2;9694;
761;757;1;2;11647;
750;830;1;2;8072;
817;838;1;2;1104;
799;758;1;2;7246;
759;750;1;2;11100;
791;825;1;2;13365;
780;798;1;2;17098;
837;800;1;2;17536;
771;795;1;2;18995;
839;822;1;2;12091;
825;786;1;2;6415;
787;786;1;2;18996;
811;805;1;2;13349;
0;1;396;396;
1;1;306;1106;
2;1;220;1820;
3;1;241;2641;
4;1;215;3415;
5;1;372;4372;
6;1;272;5072;
7;1;309;5909;
8;1;148;6548;
9;1;396;7596;
10;1;339;8339;
11;1;148;8948;
12;1;389;9989;
13;1;279;10679;
14;1;299;11499;
15;1;20;12020;
16;1;100;12900;
17;1;196;13796;
18;1;184;14584;
19;1;342;15542;
