****15****
100
756;784;1;2;0;
750;834;1;2;0;
838;827;1;2;0;
786;761;1;2;0;
817;808;1;2;0;
791;785;1;2;0;
840;762;1;2;0;
838;837;1;2;0;
786;818;1;2;0;
826;796;1;2;0;
834;770;1;2;0;
837;829;1;2;0;
827;788;1;2;0;
825;767;1;2;0;
757;829;1;2;0;
849;763;1;2;0;
816;849;1;2;0;
800;756;1;2;0;
826;836;1;2;0;
819;846;1;2;0;
846;761;1;2;0;
781;836;1;2;0;
773;821;1;2;0;
775;809;1;2;0;
842;803;1;2;0;
807;826;1;2;0;
823;794;1;2;0;
806;752;1;2;0;
784;833;1;2;0;
770;791;1;2;0;
765;769;1;2;0;
757;831;1;2;0;
820;807;1;2;0;
789;848;1;2;0;
845;758;1;2;0;
844;841;1;2;0;
769;827;1;2;0;
779;844;1;2;0;
799;804;1;2;0;
756;791;1;2;0;
809;813;1;2;0;
819;782;1;2;0;
810;775;1;2;0;
784;844;1;2;0;
811;756;1;2;0;
838;826;1;2;0;
775;797;1;2;0;
759;797;1;2;0;
754;798;1;2;0;
796;849;1;2;0;
758;790;1;2;13516;
830;820;1;2;6916;
824;821;1;2;2517;
830;762;1;2;8654;
846;831;1;2;7531;
758;809;1;2;12768;
804;770;1;2;10168;
792;798;1;2;1552;
791;807;1;2;17321;
795;807;1;2;1508;
846;815;1;2;16781;
788;795;1;2;14855;
759;822;1;2;4568;
836;802;1;2;7239;
772;750;1;2;11559;
840;758;1;2;16304;
847;813;1;2;14030;
808;807;1;2;12466;
798;849;1;2;8261;
836;846;1;2;4958;
820;795;1;2;4805;
845;785;1;2;5675;
843;795;1;2;6557;
761;781;1;2;13127;
842;756;1;2;16963;
805;846;1;2;5926;
779;843;1;2;18112;
825;753;1;2;11597;
819;754;1;2;8003;
770;840;1;2;6200;
782;811;1;2;1132;
808;758;1;2;2594;
783;751;1;2;4942;
778;762;1;2;10693;
777;755;1;2;12222;
829;762;1;2;17060;
842;844;1;2;5414;
817;819;1;2;7455;
754;841;1;2;4733;
790;761;1;2;18290;
775;846;1;2;13354;
804;804;1;2;14148;
821;837;1;2;8085;
783;817;1;2;3453;
829;844;1;2;14935;
780;776;1;2;14088;
780;768;1;2;13494;
774;787;1;2;14624;
775;792;1;2;9944;
828;784;1;2;7715;
0;1;274;274;
1;1;60;860;
2;1;15;1615;
3;1;179;2579;
4;1;67;3267;
5;1;321;4321;
6;1;243;5043;
7;1;138;5738;
8;1;260;6660;
9;1;261;7461;
10;1;224;8224;
11;1;327;9127;
12;1;292;9892;
13;1;203;10603;
14;1;173;11373;
15;1;27;12027;
16;1;85;12885;
17;1;151;13751;
18;1;327;14727;
19;1;116;15316;
