****1****
100
844;848;1;2;0;
769;844;1;2;0;
803;752;1;2;0;
794;778;1;2;0;
838;763;1;2;0;
783;837;1;2;0;
767;754;1;2;0;
794;838;1;2;0;
776;840;1;2;0;
829;811;1;2;0;
834;843;1;2;0;
766;776;1;2;0;
812;751;1;2;0;
772;836;1;2;0;
771;842;1;2;0;
847;766;1;2;0;
793;766;1;2;0;
760;846;1;2;0;
821;756;1;2;0;
774;761;1;2;0;
769;760;1;2;0;
848;787;1;2;0;
764;793;1;2;0;
827;843;1;2;0;
835;806;1;2;0;
804;820;1;2;0;
800;820;1;2;0;
798;814;1;2;0;
774;821;1;2;0;
801;795;1;2;0;
765;798;1;2;0;
811;808;1;2;0;
766;773;1;2;0;
804;837;1;2;0;
831;781;1;2;0;
801;751;1;2;0;
791;799;1;2;0;
840;757;1;2;0;
794;769;1;2;0;
750;832;1;2;0;
826;805;1;2;0;
754;828;1;2;0;
827;802;1;2;0;
792;751;1;2;0;
825;795;1;2;0;
849;841;1;2;0;
795;762;1;2;0;
751;812;1;2;0;
838;758;1;2;0;
751;819;1;2;0;
789;802;1;2;5648;
782;752;1;2;1019;
789;848;1;2;13420;
842;830;1;2;8148;
849;834;1;2;7571;
826;839;1;2;16190;
780;814;1;2;14146;
831;757;1;2;6569;
843;759;1;2;13812;
831;767;1;2;13924;
801;758;1;2;6002;
823;842;1;2;16441;
788;833;1;2;3162;
820;825;1;2;6709;
832;824;1;2;14585;
770;753;1;2;14481;
754;835;1;2;6297;
836;816;1;2;9392;
812;761;1;2;18266;
753;795;1;2;6555;
796;846;1;2;5673;
792;771;1;2;2767;
841;809;1;2;1522;
841;831;1;2;16755;
822;813;1;2;10239;
839;785;1;2;460;
845;790;1;2;674;
815;828;1;2;14372;
793;790;1;2;859;
832;794;1;2;6081;
788;840;1;2;1883;
804;834;1;2;17635;
812;778;1;2;10635;
804;769;1;2;5464;
771;793;1;2;2830;
816;782;1;2;17744;
765;777;1;2;10116;
750;795;1;2;14093;
802;838;1;2;19963;
817;821;1;2;1538;
777;811;1;2;16465;
785;766;1;2;10742;
814;780;1;2;4533;
755;834;1;2;4721;
778;807;1;2;14293;
816;774;1;2;15276;
837;789;1;2;2148;
751;789;1;2;1209;
795;793;1;2;5571;
779;760;1;2;13498;
0;1;211;211;
1;1;290;1090;
2;1;385;1985;
3;1;86;2486;
4;1;125;3325;
5;1;53;4053;
6;1;193;4993;
7;1;342;5942;
8;1;84;6484;
9;1;381;7581;
10;1;99;8099;
11;1;168;8968;
12;1;388;9988;
13;1;227;10627;
14;1;26;11226;
15;1;90;12090;
16;1;293;13093;
17;1;302;13902;
18;1;25;14425;
19;1;233;15433;
