****12****
100
767;824;1;2;0;
843;798;1;2;0;
829;777;1;2;0;
803;776;1;2;0;
762;769;1;2;0;
845;797;1;2;0;
817;822;1;2;0;
777;846;1;2;0;
798;794;1;2;0;
823;760;1;2;0;
827;824;1;2;0;
780;849;1;2;0;
825;792;1;2;0;
773;827;1;2;0;
754;791;1;2;0;
751;823;1;2;0;
766;797;1;2;0;
824;797;1;2;0;
824;829;1;2;0;
823;789;1;2;0;
848;819;1;2;0;
836;815;1;2;0;
843;815;1;2;0;
763;791;1;2;0;
759;789;1;2;0;
801;788;1;2;0;
815;784;1;2;0;
839;842;1;2;0;
826;762;1;2;0;
820;782;1;2;0;
804;773;1;2;0;
756;772;1;2;0;
820;782;1;2;0;
819;847;1;2;0;
761;844;1;2;0;
786;811;1;2;0;
813;824;1;2;0;
829;758;1;2;0;
841;842;1;2;0;
799;803;1;2;0;
833;803;1;2;0;
841;750;1;2;0;
837;831;1;2;0;
843;813;1;2;0;
795;813;1;2;0;
845;801;1;2;0;
788;803;1;2;0;
823;811;1;2;0;
835;844;1;2;0;
760;798;1;2;0;
839;848;1;2;15390;
754;774;1;2;9879;
763;765;1;2;46;
812;818;1;2;1784;
765;762;1;2;14754;
752;795;1;2;5907;
767;840;1;2;17369;
815;792;1;2;14164;
820;817;1;2;19488;
806;812;1;2;6909;
806;753;1;2;1620;
816;757;1;2;10445;
805;770;1;2;13055;
839;785;1;2;15673;
808;800;1;2;12981;
777;755;1;2;4463;
792;824;1;2;14605;
769;789;1;2;18423;
837;812;1;2;10144;
766;768;1;2;14180;
757;776;1;2;1823;
846;843;1;2;9729;
811;750;1;2;19545;
792;839;1;2;14945;
793;849;1;2;19948;
758;829;1;2;13546;
820;771;1;2;10865;
772;790;1;2;2347;
819;830;1;2;2562;
785;846;1;2;4661;
761;754;1;2;12659;
844;802;1;2;1943;
782;764;1;2;6114;
841;806;1;2;5219;
787;801;1;2;4761;
784;761;1;2;15775;
837;831;1;2;11608;
817;753;1;2;5909;
837;774;1;2;16562;
818;809;1;2;3052;
770;772;1;2;19733;
848;766;1;2;4501;
819;799;1;2;15244;
842;842;1;2;17574;
755;832;1;2;18326;
820;818;1;2;6759;
815;757;1;2;11058;
784;825;1;2;9547;
793;812;1;2;16930;
834;780;1;2;10789;
0;1;122;122;
1;1;351;1151;
2;1;226;1826;
3;1;164;2564;
4;1;1;3201;
5;1;394;4394;
6;1;210;5010;
7;1;322;5922;
8;1;195;6595;
9;1;270;7470;
10;1;115;8115;
11;1;288;9088;
12;1;338;9938;
13;1;172;10572;
14;1;322;11522;
15;1;157;12157;
16;1;42;12842;
17;1;90;13690;
18;1;187;14587;
19;1;360;15560;
