****16****
100
770;822;1;2;0;
841;808;1;2;0;
838;766;1;2;0;
802;844;1;2;0;
796;836;1;2;0;
814;769;1;2;0;
848;828;1;2;0;
799;814;1;2;0;
800;794;1;2;0;
803;811;1;2;0;
754;826;1;2;0;
837;845;1;2;0;
780;762;1;2;0;
824;765;1;2;0;
812;750;1;2;0;
780;833;1;2;0;
823;823;1;2;0;
843;811;1;2;0;
839;795;1;2;0;
805;837;1;2;0;
833;770;1;2;0;
756;831;1;2;0;
800;806;1;2;0;
847;803;1;2;0;
750;753;1;2;0;
764;806;1;2;0;
829;804;1;2;0;
802;760;1;2;0;
768;828;1;2;0;
827;782;1;2;0;
828;809;1;2;0;
765;753;1;2;0;
782;810;1;2;0;
766;823;1;2;0;
807;774;1;2;0;
810;791;1;2;0;
846;816;1;2;0;
824;848;1;2;0;
824;822;1;2;0;
753;776;1;2;0;
825;820;1;2;0;
833;756;1;2;0;
774;837;1;2;0;
818;844;1;2;0;
815;847;1;2;0;
776;845;1;2;0;
806;844;1;2;0;
801;838;1;2;0;
804;769;1;2;0;
763;762;1;2;0;
793;823;1;2;8417;
841;842;1;2;4754;
792;816;1;2;10977;
795;795;1;2;8622;
765;830;1;2;3849;
841;817;1;2;9774;
835;834;1;2;7076;
762;781;1;2;11889;
808;832;1;2;4000;
762;804;1;2;12260;
826;799;1;2;16364;
831;791;1;2;16680;
763;833;1;2;12323;
766;830;1;2;3606;
797;846;1;2;17458;
838;837;1;2;14898;
795;775;1;2;3685;
802;839;1;2;2257;
766;797;1;2;8790;
770;761;1;2;15586;
787;838;1;2;7816;
778;771;1;2;11843;
813;784;1;2;6667;
767;753;1;2;4263;
765;800;1;2;13621;
844;788;1;2;11001;
841;785;1;2;16499;
775;790;1;2;12929;
840;758;1;2;243;
839;830;1;2;14024;
793;767;1;2;12793;
848;848;1;2;1246;
792;811;1;2;11579;
823;780;1;2;11048;
782;796;1;2;8275;
790;842;1;2;14551;
837;785;1;2;19650;
809;762;1;2;14367;
822;804;1;2;10592;
830;794;1;2;12325;
801;789;1;2;15546;
813;787;1;2;4060;
794;781;1;2;10827;
761;806;1;2;11888;
832;838;1;2;14572;
804;830;1;2;12615;
767;769;1;2;8357;
817;780;1;2;1761;
807;752;1;2;18808;
757;784;1;2;12005;
0;1;90;90;
1;1;239;1039;
2;1;22;1622;
3;1;189;2589;
4;1;102;3302;
5;1;11;4011;
6;1;387;5187;
7;1;398;5998;
8;1;294;6694;
9;1;98;7298;
10;1;209;8209;
11;1;50;8850;
12;1;291;9891;
13;1;143;10543;
14;1;190;11390;
15;1;231;12231;
16;1;250;13050;
17;1;23;13623;
18;1;314;14714;
19;1;67;15267;
