****11****
100
822;800;1;2;0;
849;751;1;2;0;
785;828;1;2;0;
763;788;1;2;0;
785;758;1;2;0;
833;757;1;2;0;
830;844;1;2;0;
823;767;1;2;0;
804;806;1;2;0;
777;777;1;2;0;
767;791;1;2;0;
789;849;1;2;0;
793;785;1;2;0;
787;848;1;2;0;
778;799;1;2;0;
771;750;1;2;0;
801;770;1;2;0;
803;788;1;2;0;
801;817;1;2;0;
826;788;1;2;0;
777;809;1;2;0;
848;757;1;2;0;
756;821;1;2;0;
826;810;1;2;0;
829;754;1;2;0;
789;799;1;2;0;
847;781;1;2;0;
798;842;1;2;0;
768;788;1;2;0;
840;797;1;2;0;
789;814;1;2;0;
797;840;1;2;0;
786;803;1;2;0;
778;837;1;2;0;
770;754;1;2;0;
828;849;1;2;0;
765;826;1;2;0;
808;771;1;2;0;
849;785;1;2;0;
784;828;1;2;0;
841;775;1;2;0;
777;790;1;2;0;
806;778;1;2;0;
783;825;1;2;0;
768;825;1;2;0;
824;807;1;2;0;
789;771;1;2;0;
849;826;1;2;0;
776;829;1;2;0;
765;796;1;2;0;
833;843;1;2;18750;
800;819;1;2;16960;
774;818;1;2;17438;
808;849;1;2;1901;
833;828;1;2;15827;
842;808;1;2;2717;
769;826;1;2;16430;
843;835;1;2;3835;
816;834;1;2;4395;
843;813;1;2;17248;
841;848;1;2;18866;
839;799;1;2;2620;
795;823;1;2;1128;
838;833;1;2;19968;
772;768;1;2;8327;
846;760;1;2;2472;
806;779;1;2;19385;
789;772;1;2;2963;
815;791;1;2;19974;
818;784;1;2;15329;
788;775;1;2;16371;
751;764;1;2;12120;
784;761;1;2;17988;
790;849;1;2;8630;
842;771;1;2;8925;
825;820;1;2;5782;
767;776;1;2;10386;
837;767;1;2;19137;
840;832;1;2;13284;
780;752;1;2;17329;
784;790;1;2;4201;
838;792;1;2;5211;
841;778;1;2;8478;
769;770;1;2;3999;
780;763;1;2;1115;
761;790;1;2;11934;
753;759;1;2;6613;
775;798;1;2;17862;
771;841;1;2;16957;
760;771;1;2;4571;
783;757;1;2;1675;
831;845;1;2;10854;
846;836;1;2;14727;
773;807;1;2;14424;
799;789;1;2;13632;
750;801;1;2;4398;
772;804;1;2;9197;
819;781;1;2;7410;
784;802;1;2;5723;
783;764;1;2;7830;
0;1;335;335;
1;1;248;1048;
2;1;277;1877;
3;1;329;2729;
4;1;230;3430;
5;1;25;4025;
6;1;117;4917;
7;1;126;5726;
8;1;163;6563;
9;1;234;7434;
10;1;1;8001;
11;1;121;8921;
12;1;171;9771;
13;1;250;10650;
14;1;260;11460;
15;1;173;12173;
16;1;203;13003;
17;1;63;13663;
18;1;119;14519;
19;1;225;15425;
