****9****
100
49;92;1;2;0;
122;84;1;2;0;
800;320;1;2;0;
933;780;1;2;0;
365;831;1;2;0;
891;352;1;2;0;
867;370;1;2;0;
184;947;1;2;0;
438;245;1;2;0;
703;864;1;2;0;
565;523;1;2;0;
194;759;1;2;0;
459;668;1;2;0;
485;995;1;2;0;
798;719;1;2;0;
443;846;1;2;0;
811;916;1;2;0;
282;962;1;2;0;
236;214;1;2;0;
93;952;1;2;0;
44;983;1;2;0;
304;910;1;2;0;
704;839;1;2;0;
208;141;1;2;0;
83;911;1;2;0;
357;999;1;2;0;
785;902;1;2;0;
758;595;1;2;0;
569;594;1;2;0;
590;366;1;2;0;
312;384;1;2;0;
564;474;1;2;0;
300;845;1;2;0;
788;535;1;2;0;
58;880;1;2;0;
486;101;1;2;0;
215;141;1;2;0;
362;918;1;2;0;
332;921;1;2;0;
59;414;1;2;0;
831;415;1;2;0;
765;968;1;2;0;
668;522;1;2;0;
562;236;1;2;0;
467;151;1;2;0;
953;778;1;2;0;
535;516;1;2;0;
604;186;1;2;0;
712;391;1;2;0;
720;769;1;2;0;
270;557;1;2;3200;
484;50;1;2;15049;
402;381;1;2;18303;
812;146;1;2;4892;
578;910;1;2;23043;
245;431;1;2;4448;
480;249;1;2;23032;
784;27;1;2;13804;
652;630;1;2;12144;
363;372;1;2;16436;
484;641;1;2;4126;
56;125;1;2;20796;
990;878;1;2;16115;
844;41;1;2;21389;
232;618;1;2;1038;
588;214;1;2;14637;
857;45;1;2;205;
276;828;1;2;19380;
934;479;1;2;2914;
424;194;1;2;6039;
338;677;1;2;24036;
808;732;1;2;5625;
679;73;1;2;19212;
930;268;1;2;12299;
326;500;1;2;1157;
632;87;1;2;1397;
73;295;1;2;3955;
410;570;1;2;24101;
125;503;1;2;23121;
821;279;1;2;19914;
240;616;1;2;1984;
299;775;1;2;20286;
483;453;1;2;19361;
247;382;1;2;17514;
52;707;1;2;21884;
473;691;1;2;3265;
460;763;1;2;18355;
490;524;1;2;17431;
348;648;1;2;14299;
37;820;1;2;21102;
918;411;1;2;8771;
476;709;1;2;6433;
117;543;1;2;7635;
830;790;1;2;10235;
811;841;1;2;8373;
291;665;1;2;5336;
209;124;1;2;13513;
773;614;1;2;14852;
907;961;1;2;24237;
895;349;1;2;21829;
0;1;13;117;
1;1;362;146;
2;1;242;121;
3;1;457;108;
4;1;113;118;
5;1;187;104;
6;1;164;148;
7;1;94;118;
8;1;140;109;
9;1;263;101;
10;1;234;121;
11;1;473;147;
12;1;303;131;
13;1;160;133;
14;1;125;108;
15;1;35;139;
16;1;274;146;
17;1;86;115;
18;1;318;142;
19;1;224;131;
