****0****
100
15;53;1;2;0;
75;62;1;2;0;
60;88;1;2;0;
15;16;1;2;0;
29;42;1;2;0;
98;68;1;2;0;
5;92;1;2;0;
1;78;1;2;0;
31;34;1;2;0;
7;25;1;2;0;
79;55;1;2;0;
1;77;1;2;0;
67;37;1;2;0;
30;40;1;2;0;
28;79;1;2;0;
15;42;1;2;0;
84;89;1;2;0;
55;43;1;2;0;
76;22;1;2;0;
11;56;1;2;0;
63;8;1;2;0;
23;68;1;2;0;
51;76;1;2;0;
45;33;1;2;0;
61;52;1;2;0;
57;91;1;2;0;
58;57;1;2;0;
67;76;1;2;0;
45;49;1;2;0;
15;72;1;2;0;
27;29;1;2;0;
66;62;1;2;0;
70;72;1;2;0;
57;97;1;2;0;
93;67;1;2;0;
5;56;1;2;0;
74;79;1;2;0;
75;76;1;2;0;
54;19;1;2;0;
8;14;1;2;0;
22;16;1;2;0;
4;32;1;2;0;
25;23;1;2;0;
7;69;1;2;0;
71;74;1;2;0;
41;49;1;2;0;
54;6;1;2;0;
11;23;1;2;0;
29;67;1;2;0;
72;22;1;2;0;
85;76;1;2;2332;
10;54;1;2;764;
85;60;1;2;875;
44;73;1;2;2299;
11;29;1;2;2347;
35;3;1;2;1339;
4;25;1;2;1249;
96;25;1;2;163;
53;87;1;2;791;
81;5;1;2;2461;
2;89;1;2;687;
30;98;1;2;1257;
32;34;1;2;1829;
5;29;1;2;2499;
99;40;1;2;1136;
24;74;1;2;1774;
7;29;1;2;1687;
16;76;1;2;573;
26;28;1;2;474;
10;61;1;2;2198;
66;14;1;2;2108;
48;44;1;2;819;
84;27;1;2;2466;
79;31;1;2;301;
99;29;1;2;1964;
50;4;1;2;1450;
52;63;1;2;442;
81;78;1;2;2414;
35;3;1;2;1973;
76;12;1;2;1165;
21;29;1;2;1967;
6;77;1;2;1712;
89;12;1;2;1168;
58;91;1;2;1211;
3;41;1;2;1637;
91;90;1;2;2294;
52;93;1;2;2024;
94;26;1;2;2078;
12;60;1;2;114;
9;35;1;2;1932;
66;7;1;2;2487;
36;13;1;2;2472;
2;53;1;2;641;
94;10;1;2;1325;
16;64;1;2;2020;
19;54;1;2;1365;
26;6;1;2;1136;
94;99;1;2;518;
40;62;1;2;86;
87;70;1;2;318;
0;1;550;384;
1;1;577;591;
2;1;523;288;
3;1;509;803;
4;1;594;789;
5;1;569;512;
6;1;561;1091;
7;1;519;844;
8;1;555;953;
9;1;529;1176;
10;1;529;1430;
11;1;573;1280;
12;1;548;1423;
13;1;541;1399;
14;1;551;1852;
15;1;549;1626;
16;1;597;1990;
17;1;593;2009;
18;1;518;2183;
19;1;546;2374;
20;1;545;2460;
21;1;566;2219;
22;1;502;2617;
23;1;531;2792;
24;1;559;2404;
25;1;587;3053;
26;1;586;3116;
27;1;571;3201;
28;1;575;3035;
29;1;564;3380;
30;1;573;3049;
31;1;528;3249;
32;1;541;3543;
33;1;544;3614;
34;1;526;3495;
35;1;569;4020;
36;1;507;3802;
37;1;579;4018;
38;1;573;4168;
39;1;567;4429;
40;1;520;4384;
41;1;523;4594;
42;1;568;4764;
43;1;590;4861;
44;1;555;4902;
45;1;570;5069;
46;1;569;5127;
47;1;553;4716;
48;1;521;4809;
49;1;567;5035;
