****3****
100
36;30;1;2;0;
65;88;1;2;0;
67;31;1;2;0;
70;92;1;2;0;
87;8;1;2;0;
48;18;1;2;0;
63;56;1;2;0;
47;46;1;2;0;
50;88;1;2;0;
32;52;1;2;0;
60;3;1;2;0;
28;25;1;2;0;
72;57;1;2;0;
39;87;1;2;0;
80;42;1;2;0;
71;67;1;2;0;
72;88;1;2;0;
6;90;1;2;0;
18;75;1;2;0;
82;4;1;2;0;
35;29;1;2;0;
73;97;1;2;0;
36;19;1;2;0;
94;38;1;2;0;
7;26;1;2;0;
89;66;1;2;0;
80;16;1;2;0;
43;3;1;2;0;
25;81;1;2;0;
42;56;1;2;0;
23;12;1;2;0;
22;46;1;2;0;
99;27;1;2;0;
35;69;1;2;0;
54;68;1;2;0;
72;88;1;2;0;
48;97;1;2;0;
84;84;1;2;0;
15;29;1;2;0;
73;73;1;2;0;
54;61;1;2;0;
91;85;1;2;0;
76;33;1;2;0;
88;52;1;2;0;
13;29;1;2;0;
7;87;1;2;0;
40;28;1;2;0;
84;91;1;2;0;
7;71;1;2;0;
59;60;1;2;0;
38;82;1;2;1848;
38;78;1;2;669;
73;45;1;2;1008;
45;17;1;2;617;
5;7;1;2;843;
32;39;1;2;120;
84;4;1;2;837;
90;42;1;2;1366;
70;26;1;2;1131;
76;96;1;2;277;
87;85;1;2;2245;
85;22;1;2;2234;
66;94;1;2;1260;
27;38;1;2;1121;
42;94;1;2;1855;
94;26;1;2;2441;
32;61;1;2;666;
99;50;1;2;1879;
5;71;1;2;2290;
5;98;1;2;270;
63;84;1;2;680;
54;68;1;2;72;
75;85;1;2;547;
92;64;1;2;856;
26;57;1;2;461;
66;50;1;2;1138;
96;82;1;2;2289;
82;80;1;2;2330;
61;36;1;2;2117;
65;40;1;2;1129;
16;54;1;2;889;
3;7;1;2;746;
12;34;1;2;1369;
67;25;1;2;1267;
11;50;1;2;1059;
100;67;1;2;1589;
15;15;1;2;476;
89;48;1;2;1062;
65;8;1;2;2210;
64;72;1;2;53;
60;39;1;2;2369;
39;41;1;2;1402;
90;5;1;2;1888;
26;71;1;2;85;
76;33;1;2;2118;
31;84;1;2;2341;
40;98;1;2;698;
77;87;1;2;352;
98;3;1;2;683;
53;18;1;2;1482;
0;1;548;504;
1;1;565;251;
2;1;568;225;
3;1;505;596;
4;1;562;941;
5;1;534;983;
6;1;564;785;
7;1;568;964;
8;1;592;938;
9;1;568;1122;
10;1;549;1400;
11;1;560;1526;
12;1;514;1504;
13;1;541;1754;
14;1;509;1554;
15;1;548;1803;
16;1;587;1852;
17;1;555;2073;
18;1;522;2102;
19;1;563;1908;
20;1;507;2357;
21;1;518;2243;
22;1;557;2486;
23;1;554;2646;
24;1;535;2712;
25;1;531;2832;
26;1;590;2789;
27;1;573;2939;
28;1;598;3169;
29;1;577;3465;
30;1;524;3295;
31;1;514;3213;
32;1;536;3375;
33;1;516;3676;
34;1;579;3812;
35;1;543;3969;
36;1;525;3659;
37;1;558;3879;
38;1;596;4154;
39;1;534;4170;
40;1;535;4388;
41;1;569;4425;
42;1;506;4247;
43;1;532;4558;
44;1;555;4882;
45;1;561;4719;
46;1;531;4987;
47;1;539;5012;
48;1;594;5169;
49;1;527;5125;
