****14****
100
374;889;1;2;0;
208;39;1;2;0;
931;978;1;2;0;
759;304;1;2;0;
597;582;1;2;0;
921;682;1;2;0;
768;876;1;2;0;
471;43;1;2;0;
117;538;1;2;0;
777;879;1;2;0;
548;421;1;2;0;
150;180;1;2;0;
131;655;1;2;0;
819;900;1;2;0;
466;89;1;2;0;
306;839;1;2;0;
978;866;1;2;0;
229;908;1;2;0;
843;339;1;2;0;
564;791;1;2;0;
921;836;1;2;0;
473;40;1;2;0;
711;943;1;2;0;
82;827;1;2;0;
832;211;1;2;0;
57;379;1;2;0;
983;207;1;2;0;
910;465;1;2;0;
861;728;1;2;0;
364;678;1;2;0;
168;22;1;2;0;
869;497;1;2;0;
239;449;1;2;0;
757;81;1;2;0;
788;320;1;2;0;
223;60;1;2;0;
155;47;1;2;0;
451;217;1;2;0;
341;533;1;2;0;
396;172;1;2;0;
95;452;1;2;0;
550;77;1;2;0;
10;811;1;2;0;
541;223;1;2;0;
890;256;1;2;0;
900;58;1;2;0;
629;768;1;2;0;
906;867;1;2;0;
217;662;1;2;0;
299;356;1;2;0;
981;522;1;2;6499;
135;568;1;2;7975;
704;909;1;2;578;
99;80;1;2;17327;
902;982;1;2;9023;
912;144;1;2;7831;
134;34;1;2;1057;
385;443;1;2;3439;
153;348;1;2;14298;
721;10;1;2;23545;
76;990;1;2;13788;
194;477;1;2;11334;
410;532;1;2;5914;
511;982;1;2;17784;
57;883;1;2;22305;
328;146;1;2;396;
490;631;1;2;10107;
260;16;1;2;10134;
659;168;1;2;7011;
924;240;1;2;9203;
487;667;1;2;23697;
572;860;1;2;11098;
928;621;1;2;8936;
192;483;1;2;5486;
535;540;1;2;7955;
212;219;1;2;2052;
32;708;1;2;15714;
237;320;1;2;2841;
884;978;1;2;17679;
230;901;1;2;5158;
586;739;1;2;19159;
931;662;1;2;11683;
456;589;1;2;22451;
512;780;1;2;22543;
549;667;1;2;6535;
820;878;1;2;10699;
237;261;1;2;17866;
285;849;1;2;4091;
699;84;1;2;2311;
281;313;1;2;1823;
453;898;1;2;1171;
292;180;1;2;16393;
341;635;1;2;11067;
11;146;1;2;13862;
164;46;1;2;22056;
207;866;1;2;7953;
117;454;1;2;21951;
86;90;1;2;24155;
726;789;1;2;4194;
695;421;1;2;14585;
0;1;416;125;
1;1;490;123;
2;1;16;119;
3;1;144;109;
4;1;156;106;
5;1;71;103;
6;1;195;136;
7;1;199;102;
8;1;293;116;
9;1;86;109;
10;1;369;134;
11;1;346;109;
12;1;130;123;
13;1;99;109;
14;1;469;119;
15;1;500;134;
16;1;243;141;
17;1;258;111;
18;1;362;102;
19;1;171;117;
