****11****
100
964;974;1;2;0;
99;185;1;2;0;
441;526;1;2;0;
523;676;1;2;0;
43;556;1;2;0;
112;155;1;2;0;
118;587;1;2;0;
861;106;1;2;0;
132;664;1;2;0;
309;489;1;2;0;
686;525;1;2;0;
708;923;1;2;0;
652;325;1;2;0;
821;421;1;2;0;
335;661;1;2;0;
613;650;1;2;0;
986;711;1;2;0;
834;427;1;2;0;
589;708;1;2;0;
454;983;1;2;0;
263;566;1;2;0;
138;732;1;2;0;
152;350;1;2;0;
837;635;1;2;0;
366;497;1;2;0;
124;51;1;2;0;
21;831;1;2;0;
325;24;1;2;0;
507;497;1;2;0;
797;193;1;2;0;
510;409;1;2;0;
842;847;1;2;0;
472;27;1;2;0;
273;412;1;2;0;
86;79;1;2;0;
394;348;1;2;0;
996;883;1;2;0;
79;499;1;2;0;
233;267;1;2;0;
134;598;1;2;0;
764;609;1;2;0;
1000;136;1;2;0;
791;676;1;2;0;
512;650;1;2;0;
172;308;1;2;0;
842;33;1;2;0;
716;36;1;2;0;
880;539;1;2;0;
414;504;1;2;0;
950;500;1;2;0;
582;344;1;2;11125;
929;578;1;2;20516;
428;810;1;2;9981;
913;759;1;2;20770;
873;110;1;2;10604;
663;785;1;2;10468;
664;309;1;2;14792;
506;341;1;2;2528;
893;220;1;2;4998;
658;76;1;2;10173;
157;9;1;2;12960;
356;938;1;2;16090;
985;717;1;2;12140;
880;629;1;2;1103;
243;853;1;2;17420;
741;515;1;2;17866;
750;179;1;2;1240;
66;36;1;2;2167;
449;280;1;2;15613;
723;937;1;2;12449;
595;446;1;2;24128;
513;801;1;2;8954;
9;785;1;2;24645;
667;16;1;2;12;
83;258;1;2;7898;
960;998;1;2;15088;
270;747;1;2;22010;
592;164;1;2;10336;
903;965;1;2;3820;
137;687;1;2;12329;
446;633;1;2;7750;
115;146;1;2;3456;
722;506;1;2;24459;
44;172;1;2;5738;
347;606;1;2;15816;
853;566;1;2;22041;
874;187;1;2;7630;
425;779;1;2;12378;
363;33;1;2;16059;
580;521;1;2;23671;
86;318;1;2;22636;
36;432;1;2;3160;
139;153;1;2;4086;
377;197;1;2;17051;
631;895;1;2;18155;
495;747;1;2;22572;
356;621;1;2;4910;
315;397;1;2;11914;
790;760;1;2;2494;
229;339;1;2;15016;
0;1;355;126;
1;1;493;113;
2;1;164;126;
3;1;16;102;
4;1;429;126;
5;1;30;125;
6;1;208;111;
7;1;371;148;
8;1;155;117;
9;1;404;112;
10;1;89;147;
11;1;28;136;
12;1;20;118;
13;1;245;127;
14;1;398;135;
15;1;54;102;
16;1;63;148;
17;1;364;126;
18;1;174;131;
19;1;379;102;
