****19****
100
296;18;1;2;0;
543;413;1;2;0;
350;160;1;2;0;
87;338;1;2;0;
481;577;1;2;0;
411;721;1;2;0;
245;341;1;2;0;
324;187;1;2;0;
461;627;1;2;0;
301;93;1;2;0;
741;260;1;2;0;
975;142;1;2;0;
825;107;1;2;0;
698;533;1;2;0;
32;686;1;2;0;
339;327;1;2;0;
56;233;1;2;0;
740;757;1;2;0;
392;826;1;2;0;
446;873;1;2;0;
754;856;1;2;0;
945;999;1;2;0;
549;268;1;2;0;
537;9;1;2;0;
246;189;1;2;0;
101;986;1;2;0;
800;427;1;2;0;
127;977;1;2;0;
533;824;1;2;0;
509;564;1;2;0;
862;847;1;2;0;
242;269;1;2;0;
432;981;1;2;0;
25;823;1;2;0;
158;823;1;2;0;
47;912;1;2;0;
30;343;1;2;0;
262;578;1;2;0;
962;798;1;2;0;
938;207;1;2;0;
339;38;1;2;0;
193;138;1;2;0;
816;671;1;2;0;
114;700;1;2;0;
495;622;1;2;0;
615;708;1;2;0;
821;857;1;2;0;
976;252;1;2;0;
189;1000;1;2;0;
426;347;1;2;0;
174;825;1;2;23821;
204;519;1;2;10248;
781;833;1;2;7524;
719;39;1;2;20635;
108;583;1;2;4496;
276;606;1;2;20724;
975;100;1;2;13377;
590;159;1;2;19909;
798;134;1;2;5402;
986;133;1;2;6550;
332;307;1;2;16173;
293;862;1;2;14652;
515;642;1;2;21582;
887;712;1;2;16978;
596;820;1;2;7953;
795;95;1;2;2631;
108;421;1;2;3421;
394;362;1;2;16284;
204;159;1;2;16785;
265;497;1;2;13658;
103;180;1;2;715;
766;473;1;2;20794;
299;987;1;2;3112;
16;873;1;2;24073;
771;469;1;2;6369;
813;263;1;2;11823;
108;722;1;2;2599;
206;467;1;2;13166;
110;670;1;2;5062;
499;934;1;2;14180;
373;37;1;2;17568;
552;154;1;2;14047;
945;804;1;2;18361;
979;819;1;2;10784;
76;589;1;2;16449;
345;754;1;2;14851;
707;861;1;2;3960;
842;67;1;2;19908;
691;528;1;2;9847;
698;379;1;2;6430;
201;751;1;2;13958;
235;654;1;2;3099;
390;950;1;2;13506;
235;280;1;2;19007;
952;356;1;2;9331;
490;52;1;2;19681;
290;758;1;2;2686;
515;952;1;2;16264;
855;642;1;2;1696;
217;339;1;2;769;
0;1;12;141;
1;1;289;145;
2;1;125;143;
3;1;179;116;
4;1;244;118;
5;1;452;124;
6;1;127;104;
7;1;231;124;
8;1;393;132;
9;1;175;134;
10;1;391;138;
11;1;48;142;
12;1;319;103;
13;1;483;127;
14;1;471;123;
15;1;166;132;
16;1;415;104;
17;1;176;142;
18;1;248;106;
19;1;109;142;
