****15****
100
19;77;1;2;0;
33;57;1;2;0;
9;61;1;2;0;
64;50;1;2;0;
34;77;1;2;0;
22;71;1;2;0;
70;25;1;2;0;
82;47;1;2;0;
72;60;1;2;0;
57;3;1;2;0;
73;74;1;2;0;
84;87;1;2;0;
29;93;1;2;0;
42;93;1;2;0;
20;86;1;2;0;
59;38;1;2;0;
14;91;1;2;0;
94;22;1;2;0;
3;9;1;2;0;
23;37;1;2;0;
86;44;1;2;0;
7;7;1;2;0;
21;40;1;2;0;
53;44;1;2;0;
99;62;1;2;0;
46;24;1;2;0;
35;81;1;2;0;
10;16;1;2;0;
74;3;1;2;0;
8;93;1;2;0;
40;66;1;2;0;
82;53;1;2;0;
9;27;1;2;0;
26;63;1;2;0;
36;49;1;2;0;
51;21;1;2;0;
92;9;1;2;0;
79;12;1;2;0;
48;83;1;2;0;
56;99;1;2;0;
44;53;1;2;0;
74;79;1;2;0;
34;35;1;2;0;
94;7;1;2;0;
37;53;1;2;0;
51;29;1;2;0;
70;32;1;2;0;
81;78;1;2;0;
58;59;1;2;0;
41;45;1;2;0;
7;43;1;2;1720;
50;52;1;2;561;
14;99;1;2;854;
21;49;1;2;1478;
73;22;1;2;1615;
58;56;1;2;1913;
16;45;1;2;2247;
66;25;1;2;1708;
49;57;1;2;2465;
59;15;1;2;833;
3;73;1;2;2278;
20;23;1;2;1206;
14;88;1;2;454;
91;8;1;2;2457;
12;32;1;2;511;
62;90;1;2;1130;
58;57;1;2;1250;
5;75;1;2;1906;
22;23;1;2;968;
21;33;1;2;2411;
59;88;1;2;1112;
40;59;1;2;382;
72;72;1;2;1183;
7;15;1;2;440;
38;26;1;2;2497;
94;87;1;2;1485;
6;96;1;2;2134;
14;1;1;2;1705;
46;74;1;2;1938;
35;94;1;2;2061;
90;53;1;2;1077;
65;44;1;2;710;
15;68;1;2;1524;
3;74;1;2;1871;
99;63;1;2;729;
26;56;1;2;2218;
94;14;1;2;752;
70;27;1;2;1074;
69;25;1;2;2397;
94;11;1;2;2182;
51;100;1;2;1265;
96;64;1;2;1924;
50;30;1;2;362;
76;85;1;2;2039;
68;83;1;2;1907;
85;60;1;2;482;
41;53;1;2;1394;
92;74;1;2;887;
43;94;1;2;874;
71;87;1;2;2319;
0;1;541;19;
1;1;508;342;
2;1;585;413;
3;1;537;358;
4;1;553;502;
5;1;514;812;
6;1;587;870;
7;1;571;780;
8;1;566;871;
9;1;545;1197;
10;1;534;1180;
11;1;549;1265;
12;1;516;1430;
13;1;501;1799;
14;1;513;1557;
15;1;575;1705;
16;1;577;1732;
17;1;572;2188;
18;1;505;1954;
19;1;598;2427;
20;1;585;2567;
21;1;598;2480;
22;1;544;2620;
23;1;536;2428;
24;1;550;2582;
25;1;518;2649;
26;1;525;2992;
27;1;591;2862;
28;1;560;2842;
29;1;506;3297;
30;1;582;3129;
31;1;529;3333;
32;1;513;3428;
33;1;522;3715;
34;1;512;3871;
35;1;579;3860;
36;1;534;3869;
37;1;522;4204;
38;1;548;4221;
39;1;541;4247;
40;1;542;4091;
41;1;581;4261;
42;1;579;4774;
43;1;558;4455;
44;1;565;4792;
45;1;562;4668;
46;1;594;4727;
47;1;508;4853;
48;1;594;5163;
49;1;527;5209;
