****17****
100
310;931;1;2;0;
583;59;1;2;0;
516;690;1;2;0;
144;321;1;2;0;
307;385;1;2;0;
322;274;1;2;0;
208;957;1;2;0;
359;853;1;2;0;
428;238;1;2;0;
154;315;1;2;0;
246;552;1;2;0;
831;255;1;2;0;
356;342;1;2;0;
534;607;1;2;0;
754;202;1;2;0;
744;416;1;2;0;
132;326;1;2;0;
474;1000;1;2;0;
367;617;1;2;0;
320;673;1;2;0;
2;994;1;2;0;
298;561;1;2;0;
950;657;1;2;0;
413;729;1;2;0;
246;918;1;2;0;
43;491;1;2;0;
469;226;1;2;0;
97;176;1;2;0;
567;630;1;2;0;
782;673;1;2;0;
831;526;1;2;0;
88;315;1;2;0;
203;913;1;2;0;
666;922;1;2;0;
530;337;1;2;0;
594;883;1;2;0;
330;244;1;2;0;
795;631;1;2;0;
900;559;1;2;0;
359;497;1;2;0;
828;402;1;2;0;
987;296;1;2;0;
627;435;1;2;0;
823;545;1;2;0;
65;604;1;2;0;
217;247;1;2;0;
481;656;1;2;0;
913;684;1;2;0;
569;578;1;2;0;
957;450;1;2;0;
915;550;1;2;20718;
244;145;1;2;2108;
875;396;1;2;895;
585;892;1;2;3617;
986;878;1;2;10317;
964;313;1;2;7248;
509;729;1;2;21480;
77;327;1;2;4667;
733;240;1;2;1723;
301;169;1;2;21009;
750;83;1;2;14024;
433;679;1;2;3190;
910;905;1;2;24837;
297;489;1;2;4541;
511;827;1;2;6699;
372;142;1;2;16239;
55;2;1;2;11954;
693;79;1;2;12140;
812;163;1;2;11910;
966;463;1;2;11366;
76;564;1;2;44;
736;996;1;2;15424;
892;257;1;2;22984;
443;553;1;2;6124;
886;415;1;2;9170;
559;138;1;2;18502;
895;192;1;2;3519;
312;236;1;2;13752;
55;48;1;2;18406;
389;13;1;2;2541;
243;89;1;2;17964;
180;176;1;2;12638;
147;419;1;2;15920;
370;213;1;2;5952;
434;451;1;2;13600;
323;361;1;2;24180;
354;607;1;2;22187;
739;270;1;2;4101;
201;324;1;2;4085;
178;64;1;2;23862;
616;659;1;2;9439;
618;190;1;2;6585;
966;689;1;2;18490;
571;58;1;2;22238;
79;843;1;2;22369;
2;166;1;2;582;
61;519;1;2;4861;
16;609;1;2;19913;
206;162;1;2;7874;
443;339;1;2;10153;
0;1;44;104;
1;1;339;136;
2;1;423;130;
3;1;154;139;
4;1;68;143;
5;1;311;128;
6;1;44;139;
7;1;320;147;
8;1;390;135;
9;1;462;103;
10;1;356;133;
11;1;170;114;
12;1;74;125;
13;1;125;141;
14;1;317;115;
15;1;223;112;
16;1;121;113;
17;1;297;143;
18;1;292;103;
19;1;283;110;
