****13****
100
68;83;1;2;0;
75;76;1;2;0;
94;6;1;2;0;
9;55;1;2;0;
92;52;1;2;0;
47;9;1;2;0;
42;30;1;2;0;
100;8;1;2;0;
48;62;1;2;0;
32;53;1;2;0;
11;100;1;2;0;
3;84;1;2;0;
22;69;1;2;0;
21;24;1;2;0;
10;58;1;2;0;
50;78;1;2;0;
40;76;1;2;0;
53;85;1;2;0;
33;14;1;2;0;
39;24;1;2;0;
65;85;1;2;0;
32;58;1;2;0;
67;83;1;2;0;
17;14;1;2;0;
45;48;1;2;0;
66;7;1;2;0;
48;21;1;2;0;
90;21;1;2;0;
89;62;1;2;0;
44;50;1;2;0;
19;45;1;2;0;
27;10;1;2;0;
20;32;1;2;0;
95;4;1;2;0;
97;33;1;2;0;
27;13;1;2;0;
70;58;1;2;0;
70;36;1;2;0;
41;38;1;2;0;
49;37;1;2;0;
37;67;1;2;0;
43;36;1;2;0;
87;84;1;2;0;
56;27;1;2;0;
45;99;1;2;0;
76;64;1;2;0;
95;55;1;2;0;
25;14;1;2;0;
38;19;1;2;0;
69;86;1;2;0;
4;95;1;2;1486;
73;5;1;2;1531;
8;97;1;2;1190;
8;85;1;2;288;
26;79;1;2;1574;
64;62;1;2;438;
90;6;1;2;181;
18;21;1;2;364;
24;46;1;2;2307;
13;16;1;2;2465;
98;19;1;2;1349;
47;91;1;2;1916;
65;50;1;2;373;
72;10;1;2;257;
63;35;1;2;1475;
42;99;1;2;1087;
77;40;1;2;337;
62;9;1;2;2203;
89;32;1;2;778;
34;96;1;2;2231;
96;93;1;2;1902;
4;39;1;2;1489;
68;55;1;2;916;
76;26;1;2;942;
20;41;1;2;1497;
90;34;1;2;1903;
73;62;1;2;704;
13;23;1;2;954;
26;64;1;2;2428;
36;97;1;2;674;
62;44;1;2;2011;
6;99;1;2;420;
92;66;1;2;2438;
80;41;1;2;1748;
25;12;1;2;1147;
57;1;1;2;2209;
86;25;1;2;369;
7;90;1;2;814;
37;67;1;2;1408;
50;3;1;2;1959;
58;16;1;2;2431;
59;21;1;2;1674;
3;64;1;2;1606;
1;44;1;2;99;
76;20;1;2;2414;
44;76;1;2;22;
45;14;1;2;1515;
59;20;1;2;2229;
44;8;1;2;1868;
44;57;1;2;1209;
0;1;541;331;
1;1;514;596;
2;1;573;294;
3;1;571;637;
4;1;502;662;
5;1;527;531;
6;1;576;786;
7;1;516;1015;
8;1;546;1163;
9;1;548;1185;
10;1;557;1219;
11;1;600;1227;
12;1;567;1660;
13;1;536;1647;
14;1;539;1792;
15;1;514;1562;
16;1;506;1611;
17;1;563;1841;
18;1;565;1905;
19;1;557;2419;
20;1;564;2263;
21;1;562;2312;
22;1;538;2485;
23;1;578;2800;
24;1;573;2433;
25;1;576;3008;
26;1;514;3014;
27;1;556;3232;
28;1;570;2980;
29;1;596;3468;
30;1;583;3350;
31;1;591;3168;
32;1;588;3501;
33;1;570;3594;
34;1;543;3473;
35;1;522;3721;
36;1;562;4029;
37;1;501;3840;
38;1;565;3877;
39;1;585;4136;
40;1;555;4224;
41;1;565;4300;
42;1;534;4569;
43;1;553;4829;
44;1;563;4548;
45;1;564;4904;
46;1;508;4789;
47;1;536;5107;
48;1;511;5084;
49;1;600;5004;
