****6****
100
92;92;1;2;0;
34;96;1;2;0;
2;64;1;2;0;
85;27;1;2;0;
5;83;1;2;0;
88;88;1;2;0;
96;66;1;2;0;
32;62;1;2;0;
55;52;1;2;0;
76;76;1;2;0;
27;42;1;2;0;
64;47;1;2;0;
75;90;1;2;0;
66;82;1;2;0;
55;72;1;2;0;
93;98;1;2;0;
15;78;1;2;0;
45;17;1;2;0;
93;29;1;2;0;
43;97;1;2;0;
12;82;1;2;0;
85;7;1;2;0;
47;68;1;2;0;
69;1;1;2;0;
20;96;1;2;0;
28;98;1;2;0;
37;91;1;2;0;
96;63;1;2;0;
32;13;1;2;0;
96;86;1;2;0;
37;88;1;2;0;
83;51;1;2;0;
17;28;1;2;0;
67;9;1;2;0;
8;61;1;2;0;
58;19;1;2;0;
42;94;1;2;0;
78;89;1;2;0;
61;46;1;2;0;
41;32;1;2;0;
93;69;1;2;0;
81;81;1;2;0;
11;29;1;2;0;
43;43;1;2;0;
93;38;1;2;0;
80;29;1;2;0;
78;15;1;2;0;
32;46;1;2;0;
42;50;1;2;0;
55;49;1;2;0;
11;12;1;2;2179;
4;57;1;2;59;
44;17;1;2;2340;
85;1;1;2;1415;
53;33;1;2;1433;
15;61;1;2;2087;
57;54;1;2;1109;
89;34;1;2;2436;
3;65;1;2;29;
96;15;1;2;2325;
96;77;1;2;2402;
15;80;1;2;1718;
11;76;1;2;150;
4;60;1;2;2296;
41;64;1;2;86;
6;78;1;2;197;
65;87;1;2;704;
66;27;1;2;308;
43;29;1;2;192;
66;24;1;2;775;
95;71;1;2;1126;
35;86;1;2;87;
83;48;1;2;778;
100;4;1;2;1749;
16;44;1;2;1423;
65;2;1;2;238;
27;66;1;2;776;
41;83;1;2;2301;
41;26;1;2;1527;
6;91;1;2;1982;
36;86;1;2;1020;
43;72;1;2;819;
81;7;1;2;1442;
46;6;1;2;224;
18;73;1;2;1083;
57;90;1;2;451;
73;16;1;2;415;
80;8;1;2;2086;
60;1;1;2;398;
73;58;1;2;378;
8;45;1;2;1857;
14;87;1;2;2235;
5;19;1;2;730;
96;64;1;2;2495;
41;33;1;2;2323;
78;41;1;2;303;
68;14;1;2;1636;
76;45;1;2;2025;
66;56;1;2;1779;
81;28;1;2;1089;
0;1;538;453;
1;1;523;159;
2;1;549;273;
3;1;599;416;
4;1;532;670;
5;1;553;678;
6;1;504;944;
7;1;532;828;
8;1;523;1051;
9;1;504;1057;
10;1;538;1164;
11;1;517;1188;
12;1;534;1343;
13;1;537;1535;
14;1;562;1414;
15;1;585;1891;
16;1;552;1723;
17;1;584;2091;
18;1;521;1849;
19;1;557;2275;
20;1;556;2080;
21;1;599;2135;
22;1;502;2666;
23;1;519;2488;
24;1;555;2558;
25;1;517;2765;
26;1;539;2806;
27;1;525;2898;
28;1;515;2800;
29;1;531;3209;
30;1;577;3237;
31;1;580;3379;
32;1;574;3448;
33;1;580;3673;
34;1;596;3403;
35;1;598;3676;
36;1;597;3607;
37;1;513;3943;
38;1;530;4312;
39;1;525;4383;
40;1;557;4467;
41;1;527;4307;
42;1;526;4674;
43;1;570;4472;
44;1;564;4955;
45;1;521;4836;
46;1;515;4856;
47;1;572;5123;
48;1;566;5146;
49;1;534;5252;
