****18****
100
795;593;1;2;0;
337;338;1;2;0;
834;508;1;2;0;
586;723;1;2;0;
493;547;1;2;0;
377;700;1;2;0;
179;46;1;2;0;
515;105;1;2;0;
920;492;1;2;0;
295;588;1;2;0;
806;869;1;2;0;
300;426;1;2;0;
781;448;1;2;0;
321;572;1;2;0;
602;455;1;2;0;
283;396;1;2;0;
400;971;1;2;0;
85;233;1;2;0;
479;670;1;2;0;
955;971;1;2;0;
568;684;1;2;0;
670;99;1;2;0;
729;184;1;2;0;
203;1;1;2;0;
27;849;1;2;0;
588;833;1;2;0;
717;239;1;2;0;
610;497;1;2;0;
39;930;1;2;0;
420;640;1;2;0;
385;703;1;2;0;
36;784;1;2;0;
673;472;1;2;0;
16;151;1;2;0;
142;322;1;2;0;
473;61;1;2;0;
5;494;1;2;0;
159;86;1;2;0;
30;361;1;2;0;
86;56;1;2;0;
561;25;1;2;0;
240;277;1;2;0;
264;850;1;2;0;
125;654;1;2;0;
779;897;1;2;0;
293;515;1;2;0;
951;680;1;2;0;
650;975;1;2;0;
152;665;1;2;0;
478;645;1;2;0;
339;950;1;2;2723;
695;796;1;2;15785;
780;825;1;2;20561;
217;232;1;2;12997;
242;472;1;2;3138;
857;673;1;2;21506;
510;451;1;2;10889;
154;318;1;2;12992;
834;967;1;2;5044;
985;984;1;2;24641;
629;322;1;2;7723;
333;368;1;2;14896;
548;500;1;2;2009;
124;716;1;2;4436;
612;309;1;2;19196;
728;517;1;2;24742;
969;26;1;2;2073;
458;180;1;2;21389;
897;365;1;2;1679;
959;349;1;2;16155;
849;329;1;2;4153;
41;13;1;2;4987;
28;561;1;2;238;
191;36;1;2;3714;
938;999;1;2;12302;
155;726;1;2;7069;
45;695;1;2;19977;
89;152;1;2;11741;
450;49;1;2;10835;
777;359;1;2;6642;
88;559;1;2;2306;
423;600;1;2;5046;
774;979;1;2;1151;
976;170;1;2;17926;
894;107;1;2;16118;
472;613;1;2;1114;
566;9;1;2;21668;
38;97;1;2;13666;
41;546;1;2;15102;
408;323;1;2;12763;
475;762;1;2;6290;
870;184;1;2;3405;
278;310;1;2;19004;
597;285;1;2;9591;
952;530;1;2;4603;
304;353;1;2;23237;
734;271;1;2;17479;
858;660;1;2;16653;
486;53;1;2;14897;
513;460;1;2;18388;
0;1;251;137;
1;1;107;147;
2;1;156;141;
3;1;294;133;
4;1;100;121;
5;1;30;136;
6;1;118;131;
7;1;266;122;
8;1;136;120;
9;1;491;122;
10;1;240;117;
11;1;431;102;
12;1;443;118;
13;1;304;114;
14;1;133;113;
15;1;108;133;
16;1;49;114;
17;1;281;107;
18;1;356;124;
19;1;489;107;
