****8****
100
435;140;1;2;0;
935;634;1;2;0;
331;17;1;2;0;
319;997;1;2;0;
540;756;1;2;0;
348;779;1;2;0;
653;753;1;2;0;
496;832;1;2;0;
686;708;1;2;0;
225;980;1;2;0;
49;344;1;2;0;
668;904;1;2;0;
155;435;1;2;0;
303;203;1;2;0;
710;422;1;2;0;
179;144;1;2;0;
561;465;1;2;0;
777;892;1;2;0;
482;447;1;2;0;
240;21;1;2;0;
203;939;1;2;0;
799;207;1;2;0;
692;646;1;2;0;
38;729;1;2;0;
354;263;1;2;0;
709;402;1;2;0;
958;376;1;2;0;
305;113;1;2;0;
162;960;1;2;0;
667;871;1;2;0;
381;846;1;2;0;
366;294;1;2;0;
662;494;1;2;0;
185;143;1;2;0;
941;776;1;2;0;
164;143;1;2;0;
714;314;1;2;0;
349;405;1;2;0;
960;739;1;2;0;
134;313;1;2;0;
353;194;1;2;0;
66;310;1;2;0;
921;722;1;2;0;
774;83;1;2;0;
33;441;1;2;0;
305;766;1;2;0;
638;671;1;2;0;
59;299;1;2;0;
516;595;1;2;0;
794;456;1;2;0;
370;957;1;2;3608;
435;622;1;2;9808;
840;581;1;2;13999;
325;245;1;2;10874;
518;310;1;2;24484;
790;384;1;2;13956;
872;768;1;2;19463;
529;533;1;2;24378;
199;943;1;2;16582;
66;537;1;2;21338;
522;258;1;2;24354;
823;693;1;2;19553;
473;884;1;2;20800;
213;208;1;2;24500;
657;77;1;2;6655;
411;866;1;2;7681;
938;90;1;2;23663;
257;618;1;2;15912;
565;168;1;2;6714;
523;233;1;2;10424;
923;106;1;2;791;
982;281;1;2;9470;
311;105;1;2;16887;
573;670;1;2;21282;
79;326;1;2;16173;
246;88;1;2;7782;
149;25;1;2;8769;
819;633;1;2;7081;
21;549;1;2;1395;
166;72;1;2;20564;
200;346;1;2;4989;
843;327;1;2;8282;
826;990;1;2;19746;
44;562;1;2;1129;
469;992;1;2;17803;
322;589;1;2;17003;
392;737;1;2;14931;
904;555;1;2;3803;
384;928;1;2;14739;
32;445;1;2;12073;
616;644;1;2;17143;
305;838;1;2;8798;
627;663;1;2;6590;
53;706;1;2;4071;
148;526;1;2;7484;
920;847;1;2;18988;
780;591;1;2;760;
369;494;1;2;1462;
238;877;1;2;12007;
359;260;1;2;16356;
0;1;52;125;
1;1;412;141;
2;1;180;150;
3;1;9;108;
4;1;264;116;
5;1;210;122;
6;1;36;109;
7;1;347;147;
8;1;128;146;
9;1;399;110;
10;1;488;137;
11;1;128;131;
12;1;81;117;
13;1;209;105;
14;1;427;119;
15;1;321;130;
16;1;195;134;
17;1;123;126;
18;1;185;131;
19;1;383;149;
