****4****
100
31;22;1;2;0;
60;8;1;2;0;
33;17;1;2;0;
93;29;1;2;0;
79;26;1;2;0;
63;14;1;2;0;
41;31;1;2;0;
90;98;1;2;0;
72;73;1;2;0;
1;78;1;2;0;
80;61;1;2;0;
7;62;1;2;0;
87;46;1;2;0;
80;81;1;2;0;
99;59;1;2;0;
4;82;1;2;0;
80;16;1;2;0;
41;12;1;2;0;
32;33;1;2;0;
92;63;1;2;0;
10;6;1;2;0;
76;50;1;2;0;
37;17;1;2;0;
48;60;1;2;0;
89;100;1;2;0;
38;20;1;2;0;
60;96;1;2;0;
81;99;1;2;0;
41;61;1;2;0;
79;92;1;2;0;
71;34;1;2;0;
73;2;1;2;0;
49;65;1;2;0;
65;33;1;2;0;
97;57;1;2;0;
95;6;1;2;0;
62;22;1;2;0;
7;50;1;2;0;
90;6;1;2;0;
10;78;1;2;0;
5;99;1;2;0;
49;17;1;2;0;
94;29;1;2;0;
15;87;1;2;0;
41;45;1;2;0;
78;11;1;2;0;
30;2;1;2;0;
12;79;1;2;0;
66;77;1;2;0;
63;14;1;2;0;
85;9;1;2;318;
98;30;1;2;2049;
48;71;1;2;761;
9;100;1;2;648;
59;48;1;2;969;
4;76;1;2;1412;
90;69;1;2;87;
19;79;1;2;1037;
20;43;1;2;2494;
37;19;1;2;2231;
50;55;1;2;973;
20;52;1;2;2151;
49;51;1;2;2007;
83;59;1;2;1913;
25;17;1;2;416;
84;73;1;2;1540;
56;62;1;2;1398;
77;81;1;2;1084;
75;52;1;2;1805;
3;89;1;2;69;
93;38;1;2;2015;
43;10;1;2;9;
22;10;1;2;864;
23;92;1;2;272;
23;16;1;2;1469;
70;99;1;2;1305;
92;7;1;2;1475;
35;83;1;2;1967;
8;9;1;2;2281;
71;11;1;2;1171;
56;55;1;2;1875;
43;49;1;2;2211;
33;22;1;2;1731;
74;44;1;2;1196;
26;66;1;2;1255;
46;35;1;2;377;
38;78;1;2;2479;
91;64;1;2;145;
29;71;1;2;1915;
66;93;1;2;281;
95;48;1;2;2474;
61;42;1;2;1970;
89;75;1;2;916;
25;100;1;2;1321;
5;77;1;2;100;
100;22;1;2;166;
97;11;1;2;565;
1;54;1;2;193;
38;82;1;2;134;
36;99;1;2;2197;
0;1;543;326;
1;1;585;489;
2;1;505;450;
3;1;566;782;
4;1;552;904;
5;1;570;1013;
6;1;526;973;
7;1;580;728;
8;1;525;803;
9;1;597;1278;
10;1;564;1510;
11;1;573;1250;
12;1;577;1456;
13;1;598;1674;
14;1;598;1443;
15;1;557;2026;
16;1;540;1892;
17;1;596;2112;
18;1;571;2106;
19;1;589;1904;
20;1;514;2293;
21;1;577;2396;
22;1;531;2319;
23;1;559;2709;
24;1;562;2483;
25;1;528;2732;
26;1;562;2617;
27;1;594;2719;
28;1;562;3032;
29;1;510;3118;
30;1;591;3276;
31;1;599;3409;
32;1;511;3278;
33;1;526;3374;
34;1;559;3516;
35;1;507;3860;
36;1;572;3810;
37;1;563;3746;
38;1;543;3928;
39;1;561;4033;
40;1;580;4107;
41;1;533;4611;
42;1;588;4593;
43;1;531;4442;
44;1;520;4832;
45;1;560;4781;
46;1;563;4990;
47;1;544;4908;
48;1;503;5001;
49;1;558;5035;
