****16****
100
5;57;1;2;0;
5;90;1;2;0;
37;27;1;2;0;
19;84;1;2;0;
36;11;1;2;0;
81;77;1;2;0;
73;13;1;2;0;
94;51;1;2;0;
35;51;1;2;0;
41;52;1;2;0;
13;54;1;2;0;
50;58;1;2;0;
95;9;1;2;0;
16;89;1;2;0;
42;94;1;2;0;
46;46;1;2;0;
51;2;1;2;0;
36;87;1;2;0;
28;6;1;2;0;
22;15;1;2;0;
68;3;1;2;0;
43;40;1;2;0;
15;37;1;2;0;
91;2;1;2;0;
39;31;1;2;0;
53;52;1;2;0;
84;54;1;2;0;
61;78;1;2;0;
14;28;1;2;0;
18;56;1;2;0;
22;15;1;2;0;
53;24;1;2;0;
17;40;1;2;0;
62;96;1;2;0;
45;83;1;2;0;
11;13;1;2;0;
37;5;1;2;0;
4;4;1;2;0;
93;94;1;2;0;
5;32;1;2;0;
76;9;1;2;0;
35;59;1;2;0;
14;95;1;2;0;
89;27;1;2;0;
75;58;1;2;0;
34;96;1;2;0;
73;87;1;2;0;
71;41;1;2;0;
78;32;1;2;0;
36;23;1;2;0;
66;98;1;2;2246;
3;3;1;2;2306;
6;95;1;2;2064;
62;78;1;2;1583;
70;12;1;2;1160;
35;59;1;2;1808;
61;33;1;2;321;
47;28;1;2;451;
85;50;1;2;2076;
62;81;1;2;2357;
84;98;1;2;2203;
22;100;1;2;1887;
64;57;1;2;1073;
99;18;1;2;1830;
61;39;1;2;1671;
34;73;1;2;921;
95;86;1;2;1347;
14;32;1;2;947;
8;16;1;2;866;
91;77;1;2;1204;
61;13;1;2;36;
28;86;1;2;1071;
50;49;1;2;1374;
18;99;1;2;1600;
63;60;1;2;2474;
20;93;1;2;1834;
87;40;1;2;232;
86;5;1;2;2375;
64;12;1;2;2101;
91;2;1;2;2264;
50;14;1;2;1854;
7;42;1;2;616;
63;91;1;2;857;
27;60;1;2;2146;
61;22;1;2;1061;
34;42;1;2;1265;
79;80;1;2;2066;
61;66;1;2;1286;
74;29;1;2;1878;
2;20;1;2;917;
10;69;1;2;764;
31;75;1;2;1116;
37;89;1;2;1366;
43;68;1;2;86;
48;28;1;2;1607;
16;61;1;2;100;
77;91;1;2;1490;
76;51;1;2;2119;
80;76;1;2;439;
47;77;1;2;2315;
0;1;567;61;
1;1;508;312;
2;1;569;226;
3;1;528;736;
4;1;575;469;
5;1;599;934;
6;1;573;641;
7;1;569;1111;
8;1;514;1069;
9;1;565;1399;
10;1;524;1414;
11;1;518;1288;
12;1;526;1666;
13;1;502;1397;
14;1;595;1418;
15;1;532;1892;
16;1;569;2114;
17;1;566;1984;
18;1;577;2370;
19;1;593;1964;
20;1;590;2532;
21;1;592;2301;
22;1;593;2344;
23;1;536;2414;
24;1;545;2767;
25;1;548;2628;
26;1;591;3171;
27;1;547;3182;
28;1;565;3027;
29;1;562;2958;
30;1;578;3336;
31;1;524;3297;
32;1;588;3396;
33;1;582;3573;
34;1;533;3490;
35;1;514;3969;
36;1;569;3762;
37;1;588;3912;
38;1;520;3894;
39;1;519;4388;
40;1;527;4235;
41;1;585;4319;
42;1;535;4360;
43;1;538;4439;
44;1;578;4596;
45;1;510;4615;
46;1;595;4804;
47;1;553;5096;
48;1;525;4884;
49;1;597;5097;
