****5****
100
679;356;1;2;0;
980;791;1;2;0;
340;915;1;2;0;
110;767;1;2;0;
474;734;1;2;0;
310;543;1;2;0;
989;502;1;2;0;
696;682;1;2;0;
254;898;1;2;0;
921;432;1;2;0;
229;478;1;2;0;
264;335;1;2;0;
852;675;1;2;0;
621;975;1;2;0;
326;310;1;2;0;
514;356;1;2;0;
665;493;1;2;0;
498;356;1;2;0;
760;959;1;2;0;
474;585;1;2;0;
693;784;1;2;0;
479;681;1;2;0;
285;174;1;2;0;
714;538;1;2;0;
71;634;1;2;0;
322;299;1;2;0;
464;585;1;2;0;
985;667;1;2;0;
612;958;1;2;0;
994;937;1;2;0;
267;507;1;2;0;
645;283;1;2;0;
1000;494;1;2;0;
639;111;1;2;0;
453;464;1;2;0;
695;145;1;2;0;
247;173;1;2;0;
177;884;1;2;0;
698;242;1;2;0;
773;121;1;2;0;
228;94;1;2;0;
771;691;1;2;0;
31;108;1;2;0;
709;642;1;2;0;
65;702;1;2;0;
930;683;1;2;0;
209;574;1;2;0;
965;560;1;2;0;
68;955;1;2;0;
670;872;1;2;0;
771;364;1;2;625;
369;888;1;2;21729;
252;585;1;2;15982;
377;57;1;2;19873;
470;828;1;2;4494;
500;935;1;2;22133;
141;351;1;2;21317;
71;33;1;2;11104;
996;349;1;2;21440;
415;656;1;2;24598;
286;426;1;2;16445;
653;794;1;2;16810;
548;398;1;2;14124;
685;774;1;2;16286;
48;595;1;2;16571;
454;95;1;2;17365;
920;587;1;2;2462;
87;9;1;2;7435;
463;357;1;2;17957;
749;771;1;2;21595;
353;57;1;2;22807;
671;709;1;2;15131;
877;257;1;2;5174;
19;941;1;2;17081;
217;340;1;2;23417;
595;145;1;2;18239;
906;64;1;2;15444;
568;151;1;2;3305;
965;965;1;2;15322;
711;713;1;2;789;
112;417;1;2;10600;
290;88;1;2;15883;
966;316;1;2;20109;
686;686;1;2;12012;
884;902;1;2;11465;
324;848;1;2;2459;
562;754;1;2;2629;
386;673;1;2;15037;
219;637;1;2;785;
760;348;1;2;4067;
72;459;1;2;3974;
439;101;1;2;16953;
867;66;1;2;9812;
903;103;1;2;21676;
879;338;1;2;23326;
547;661;1;2;6331;
359;574;1;2;13059;
234;960;1;2;23219;
964;530;1;2;19246;
657;642;1;2;23592;
0;1;415;113;
1;1;434;140;
2;1;3;136;
3;1;203;122;
4;1;303;132;
5;1;124;108;
6;1;245;103;
7;1;95;114;
8;1;401;108;
9;1;179;109;
10;1;181;148;
11;1;344;140;
12;1;138;107;
13;1;170;116;
14;1;316;111;
15;1;241;132;
16;1;375;126;
17;1;171;129;
18;1;264;126;
19;1;450;116;
