****7****
100
391;179;1;2;0;
613;868;1;2;0;
565;468;1;2;0;
703;575;1;2;0;
553;220;1;2;0;
221;732;1;2;0;
301;317;1;2;0;
296;840;1;2;0;
11;735;1;2;0;
630;489;1;2;0;
613;710;1;2;0;
952;217;1;2;0;
314;927;1;2;0;
1;88;1;2;0;
886;562;1;2;0;
139;276;1;2;0;
92;752;1;2;0;
495;657;1;2;0;
571;198;1;2;0;
231;123;1;2;0;
769;803;1;2;0;
206;422;1;2;0;
472;853;1;2;0;
261;482;1;2;0;
587;242;1;2;0;
323;551;1;2;0;
951;626;1;2;0;
119;264;1;2;0;
905;472;1;2;0;
703;790;1;2;0;
385;193;1;2;0;
418;476;1;2;0;
944;912;1;2;0;
132;867;1;2;0;
461;714;1;2;0;
341;230;1;2;0;
517;547;1;2;0;
651;988;1;2;0;
399;263;1;2;0;
821;338;1;2;0;
504;495;1;2;0;
240;806;1;2;0;
121;359;1;2;0;
421;25;1;2;0;
182;123;1;2;0;
166;566;1;2;0;
315;583;1;2;0;
41;611;1;2;0;
847;525;1;2;0;
829;307;1;2;0;
590;169;1;2;9213;
106;67;1;2;10250;
445;818;1;2;24712;
618;155;1;2;16575;
112;746;1;2;4456;
584;104;1;2;743;
960;285;1;2;17937;
126;202;1;2;1527;
60;243;1;2;9023;
258;119;1;2;14932;
565;708;1;2;11482;
452;166;1;2;17061;
342;610;1;2;8271;
845;579;1;2;12838;
204;691;1;2;7936;
367;274;1;2;18642;
951;234;1;2;6462;
8;711;1;2;16760;
732;770;1;2;6885;
66;380;1;2;915;
228;944;1;2;16161;
911;747;1;2;9032;
12;440;1;2;5059;
578;285;1;2;20364;
2;488;1;2;13330;
171;854;1;2;14769;
444;156;1;2;5589;
706;164;1;2;8600;
169;895;1;2;23954;
226;313;1;2;15715;
401;892;1;2;12379;
635;802;1;2;20912;
387;165;1;2;3809;
748;742;1;2;13033;
687;95;1;2;15157;
669;266;1;2;14638;
924;61;1;2;12218;
764;766;1;2;3083;
314;286;1;2;18257;
985;511;1;2;14512;
36;263;1;2;9028;
381;250;1;2;15537;
121;636;1;2;1096;
653;383;1;2;1227;
820;421;1;2;3765;
475;441;1;2;18896;
335;716;1;2;19756;
350;479;1;2;8310;
881;144;1;2;10312;
658;129;1;2;3148;
0;1;247;114;
1;1;341;127;
2;1;44;140;
3;1;9;117;
4;1;225;108;
5;1;21;109;
6;1;200;142;
7;1;231;134;
8;1;166;122;
9;1;86;102;
10;1;239;148;
11;1;54;118;
12;1;327;134;
13;1;361;142;
14;1;443;141;
15;1;120;139;
16;1;4;110;
17;1;415;150;
18;1;49;126;
19;1;268;125;
