****10****
100
69;50;1;2;0;
70;47;1;2;0;
65;83;1;2;0;
58;44;1;2;0;
52;58;1;2;0;
83;96;1;2;0;
2;89;1;2;0;
4;66;1;2;0;
45;3;1;2;0;
63;57;1;2;0;
65;2;1;2;0;
86;1;1;2;0;
30;89;1;2;0;
29;100;1;2;0;
8;58;1;2;0;
26;77;1;2;0;
60;95;1;2;0;
23;24;1;2;0;
77;32;1;2;0;
19;80;1;2;0;
90;2;1;2;0;
27;43;1;2;0;
42;31;1;2;0;
8;87;1;2;0;
85;22;1;2;0;
43;49;1;2;0;
24;80;1;2;0;
1;53;1;2;0;
20;29;1;2;0;
4;27;1;2;0;
86;29;1;2;0;
3;97;1;2;0;
23;77;1;2;0;
21;52;1;2;0;
9;91;1;2;0;
31;50;1;2;0;
44;58;1;2;0;
92;86;1;2;0;
40;52;1;2;0;
24;24;1;2;0;
73;18;1;2;0;
24;96;1;2;0;
49;24;1;2;0;
48;68;1;2;0;
52;52;1;2;0;
94;89;1;2;0;
32;49;1;2;0;
86;55;1;2;0;
25;58;1;2;0;
58;33;1;2;0;
48;88;1;2;1102;
44;97;1;2;802;
29;36;1;2;904;
4;11;1;2;1099;
21;34;1;2;1763;
69;9;1;2;300;
36;60;1;2;1419;
81;1;1;2;2476;
29;86;1;2;852;
6;43;1;2;1688;
90;42;1;2;331;
24;85;1;2;529;
1;65;1;2;1021;
81;68;1;2;1485;
33;40;1;2;673;
81;8;1;2;346;
81;95;1;2;1425;
31;28;1;2;618;
13;8;1;2;2157;
53;13;1;2;802;
98;55;1;2;2253;
83;30;1;2;742;
16;82;1;2;1242;
36;62;1;2;1035;
67;94;1;2;1441;
84;27;1;2;260;
9;7;1;2;1644;
45;37;1;2;754;
82;2;1;2;496;
55;54;1;2;1724;
23;4;1;2;1916;
32;86;1;2;2179;
77;53;1;2;812;
39;88;1;2;1222;
21;55;1;2;2011;
42;38;1;2;2440;
74;98;1;2;310;
1;94;1;2;2045;
55;27;1;2;116;
69;82;1;2;375;
95;56;1;2;2016;
27;87;1;2;364;
88;15;1;2;952;
30;6;1;2;2305;
85;26;1;2;901;
33;19;1;2;2422;
60;44;1;2;2212;
40;45;1;2;1694;
61;99;1;2;1490;
83;67;1;2;1257;
0;1;511;472;
1;1;560;520;
2;1;539;324;
3;1;509;610;
4;1;512;563;
5;1;507;1001;
6;1;539;807;
7;1;594;1071;
8;1;576;1111;
9;1;558;1386;
10;1;508;1176;
11;1;526;1571;
12;1;554;1472;
13;1;554;1604;
14;1;521;1547;
15;1;529;1517;
16;1;585;1872;
17;1;572;2095;
18;1;585;1831;
19;1;501;2266;
20;1;563;2344;
21;1;517;2592;
22;1;502;2307;
23;1;557;2472;
24;1;526;2758;
25;1;515;2744;
26;1;575;2990;
27;1;588;2867;
28;1;579;3298;
29;1;504;2994;
30;1;513;3194;
31;1;530;3217;
32;1;523;3285;
33;1;573;3572;
34;1;536;3660;
35;1;559;3970;
36;1;536;4030;
37;1;503;3967;
38;1;536;3851;
39;1;518;3934;
40;1;578;4306;
41;1;597;4642;
42;1;525;4483;
43;1;532;4614;
44;1;577;4779;
45;1;505;4653;
46;1;523;4796;
47;1;538;5216;
48;1;590;5111;
49;1;556;5064;
