****1****
100
37;88;1;2;0;
20;44;1;2;0;
25;98;1;2;0;
55;50;1;2;0;
7;22;1;2;0;
33;79;1;2;0;
78;55;1;2;0;
84;45;1;2;0;
99;73;1;2;0;
38;53;1;2;0;
78;7;1;2;0;
84;46;1;2;0;
56;36;1;2;0;
6;76;1;2;0;
84;25;1;2;0;
26;20;1;2;0;
64;45;1;2;0;
15;40;1;2;0;
42;22;1;2;0;
89;1;1;2;0;
43;21;1;2;0;
31;20;1;2;0;
75;14;1;2;0;
17;73;1;2;0;
38;54;1;2;0;
78;67;1;2;0;
61;61;1;2;0;
64;68;1;2;0;
49;70;1;2;0;
95;32;1;2;0;
46;20;1;2;0;
3;9;1;2;0;
64;70;1;2;0;
48;58;1;2;0;
91;37;1;2;0;
10;85;1;2;0;
57;40;1;2;0;
56;84;1;2;0;
5;72;1;2;0;
8;94;1;2;0;
78;85;1;2;0;
61;90;1;2;0;
98;76;1;2;0;
57;98;1;2;0;
97;51;1;2;0;
81;42;1;2;0;
71;35;1;2;0;
2;86;1;2;0;
56;50;1;2;0;
43;98;1;2;0;
38;52;1;2;614;
46;43;1;2;379;
29;47;1;2;633;
89;41;1;2;1354;
73;1;1;2;2215;
22;28;1;2;644;
71;25;1;2;2038;
51;66;1;2;1209;
86;20;1;2;2270;
41;21;1;2;505;
91;58;1;2;1794;
72;55;1;2;1503;
61;36;1;2;915;
26;24;1;2;2286;
15;48;1;2;1176;
46;22;1;2;71;
32;92;1;2;673;
21;43;1;2;1225;
32;80;1;2;573;
29;72;1;2;528;
72;62;1;2;1212;
66;86;1;2;791;
3;98;1;2;909;
39;23;1;2;2050;
62;90;1;2;1465;
90;35;1;2;1739;
45;66;1;2;1347;
24;39;1;2;1757;
20;70;1;2;684;
88;50;1;2;662;
23;21;1;2;251;
68;87;1;2;64;
19;41;1;2;478;
5;79;1;2;2130;
14;93;1;2;1375;
74;34;1;2;425;
4;78;1;2;2429;
25;53;1;2;1923;
92;24;1;2;120;
38;11;1;2;1788;
7;86;1;2;2436;
90;5;1;2;1354;
58;23;1;2;47;
24;27;1;2;1931;
64;92;1;2;1794;
93;65;1;2;811;
8;20;1;2;1558;
88;96;1;2;2207;
59;87;1;2;1482;
99;76;1;2;2459;
0;1;540;342;
1;1;505;226;
2;1;572;472;
3;1;554;481;
4;1;531;686;
5;1;557;568;
6;1;518;733;
7;1;552;1072;
8;1;564;971;
9;1;585;965;
10;1;588;1373;
11;1;558;1352;
12;1;595;1415;
13;1;570;1780;
14;1;566;1834;
15;1;570;1775;
16;1;579;2132;
17;1;559;2072;
18;1;534;2282;
19;1;584;2471;
20;1;559;2497;
21;1;576;2407;
22;1;511;2626;
23;1;512;2653;
24;1;595;2645;
25;1;596;2761;
26;1;509;2667;
27;1;516;2818;
28;1;573;3191;
29;1;505;2972;
30;1;582;3184;
31;1;595;3106;
32;1;552;3701;
33;1;514;3719;
34;1;566;3612;
35;1;553;4003;
36;1;588;3864;
37;1;503;3759;
38;1;507;4255;
39;1;523;4156;
40;1;509;4064;
41;1;586;4454;
42;1;575;4601;
43;1;523;4686;
44;1;538;4920;
45;1;536;4798;
46;1;553;4912;
47;1;583;5128;
48;1;584;4971;
49;1;594;5170;
