****2****
100
369;275;1;2;0;
803;749;1;2;0;
454;171;1;2;0;
918;838;1;2;0;
561;625;1;2;0;
164;356;1;2;0;
109;4;1;2;0;
590;568;1;2;0;
108;959;1;2;0;
634;584;1;2;0;
303;703;1;2;0;
931;374;1;2;0;
538;927;1;2;0;
575;942;1;2;0;
677;951;1;2;0;
286;45;1;2;0;
225;88;1;2;0;
146;30;1;2;0;
610;415;1;2;0;
867;522;1;2;0;
40;30;1;2;0;
229;500;1;2;0;
386;171;1;2;0;
67;493;1;2;0;
129;52;1;2;0;
76;783;1;2;0;
754;358;1;2;0;
508;643;1;2;0;
636;82;1;2;0;
936;312;1;2;0;
384;222;1;2;0;
708;608;1;2;0;
661;205;1;2;0;
989;623;1;2;0;
620;855;1;2;0;
144;659;1;2;0;
237;725;1;2;0;
510;622;1;2;0;
895;928;1;2;0;
466;375;1;2;0;
331;541;1;2;0;
509;437;1;2;0;
250;16;1;2;0;
79;885;1;2;0;
450;15;1;2;0;
196;833;1;2;0;
588;255;1;2;0;
793;600;1;2;0;
460;781;1;2;0;
222;79;1;2;0;
988;718;1;2;2860;
576;794;1;2;21658;
549;688;1;2;4909;
14;414;1;2;11261;
906;922;1;2;10873;
155;937;1;2;23488;
39;738;1;2;21539;
586;571;1;2;18118;
840;715;1;2;16208;
299;847;1;2;2896;
729;186;1;2;17306;
817;761;1;2;1586;
766;309;1;2;14615;
642;322;1;2;18504;
201;227;1;2;18456;
843;381;1;2;7393;
268;771;1;2;15164;
707;708;1;2;6403;
733;900;1;2;21232;
359;198;1;2;727;
558;279;1;2;23720;
474;95;1;2;13889;
535;213;1;2;18532;
283;854;1;2;6851;
444;54;1;2;3936;
526;249;1;2;14486;
248;868;1;2;23546;
708;575;1;2;7115;
738;307;1;2;19556;
186;17;1;2;16604;
129;574;1;2;14380;
609;399;1;2;17992;
201;933;1;2;24098;
750;567;1;2;14854;
973;10;1;2;1520;
774;887;1;2;22220;
955;135;1;2;438;
259;842;1;2;9962;
623;932;1;2;21156;
533;117;1;2;22981;
345;597;1;2;22827;
83;557;1;2;10753;
620;758;1;2;17840;
368;859;1;2;10951;
322;831;1;2;4092;
330;956;1;2;20217;
289;911;1;2;18964;
764;521;1;2;13249;
165;143;1;2;16220;
873;28;1;2;21860;
0;1;97;122;
1;1;323;146;
2;1;307;132;
3;1;146;128;
4;1;341;131;
5;1;145;149;
6;1;82;117;
7;1;30;142;
8;1;148;135;
9;1;341;136;
10;1;247;124;
11;1;52;120;
12;1;301;116;
13;1;114;108;
14;1;88;141;
15;1;284;136;
16;1;365;109;
17;1;282;121;
18;1;42;129;
19;1;300;132;
