****11****
100
138;236;1;2;0;
881;838;1;2;0;
285;864;1;2;0;
371;317;1;2;0;
948;109;1;2;0;
926;753;1;2;0;
587;292;1;2;0;
303;969;1;2;0;
927;850;1;2;0;
476;497;1;2;0;
282;362;1;2;0;
384;897;1;2;0;
300;788;1;2;0;
434;415;1;2;0;
350;615;1;2;0;
419;488;1;2;0;
202;299;1;2;0;
677;486;1;2;0;
515;47;1;2;0;
802;462;1;2;0;
507;79;1;2;0;
567;93;1;2;0;
371;221;1;2;0;
413;297;1;2;0;
422;241;1;2;0;
793;703;1;2;0;
954;528;1;2;0;
951;253;1;2;0;
315;385;1;2;0;
667;664;1;2;0;
351;437;1;2;0;
503;552;1;2;0;
88;179;1;2;0;
37;602;1;2;0;
578;838;1;2;0;
415;436;1;2;0;
268;981;1;2;0;
529;638;1;2;0;
553;293;1;2;0;
286;974;1;2;0;
533;78;1;2;0;
28;486;1;2;0;
957;979;1;2;0;
90;271;1;2;0;
715;757;1;2;0;
287;65;1;2;0;
193;141;1;2;0;
616;632;1;2;0;
320;4;1;2;0;
233;249;1;2;0;
193;1000;1;2;1819;
460;980;1;2;12903;
98;885;1;2;10332;
735;210;1;2;24947;
165;238;1;2;4280;
121;568;1;2;10578;
744;282;1;2;15569;
30;698;1;2;14235;
170;665;1;2;18236;
841;668;1;2;22917;
441;860;1;2;12202;
477;319;1;2;12084;
392;768;1;2;10275;
600;503;1;2;1074;
693;667;1;2;10196;
271;139;1;2;19173;
290;882;1;2;13077;
66;911;1;2;7107;
738;433;1;2;5087;
689;625;1;2;7234;
225;418;1;2;11817;
760;894;1;2;15487;
979;285;1;2;24440;
729;237;1;2;18085;
41;929;1;2;20267;
590;199;1;2;24001;
58;840;1;2;4704;
159;257;1;2;4225;
605;994;1;2;17948;
419;35;1;2;3573;
548;611;1;2;9970;
888;371;1;2;18454;
899;701;1;2;16927;
677;429;1;2;15722;
661;470;1;2;17033;
311;411;1;2;2387;
99;821;1;2;7364;
121;979;1;2;2026;
406;936;1;2;21115;
122;354;1;2;12359;
167;902;1;2;23676;
277;141;1;2;17267;
984;39;1;2;5216;
976;67;1;2;47;
555;79;1;2;2833;
63;389;1;2;23770;
768;840;1;2;11525;
665;960;1;2;4176;
819;717;1;2;11077;
318;839;1;2;14562;
0;1;499;5;
1;1;66;42;
2;1;134;9;
3;1;156;19;
4;1;449;21;
5;1;444;18;
6;1;215;1;
7;1;446;32;
8;1;413;35;
9;1;108;32;
10;1;26;5;
11;1;49;37;
12;1;381;17;
13;1;54;42;
14;1;36;44;
15;1;357;34;
16;1;100;24;
17;1;27;33;
18;1;332;34;
19;1;202;33;
