****17****
100
514;188;1;2;0;
947;372;1;2;0;
332;481;1;2;0;
409;544;1;2;0;
729;232;1;2;0;
440;956;1;2;0;
649;66;1;2;0;
259;113;1;2;0;
863;953;1;2;0;
197;852;1;2;0;
118;799;1;2;0;
16;813;1;2;0;
393;991;1;2;0;
662;894;1;2;0;
205;906;1;2;0;
564;719;1;2;0;
93;863;1;2;0;
442;776;1;2;0;
343;850;1;2;0;
672;424;1;2;0;
434;111;1;2;0;
379;434;1;2;0;
528;989;1;2;0;
898;742;1;2;0;
293;95;1;2;0;
594;411;1;2;0;
893;961;1;2;0;
575;637;1;2;0;
951;588;1;2;0;
531;508;1;2;0;
493;446;1;2;0;
226;937;1;2;0;
308;19;1;2;0;
713;3;1;2;0;
220;736;1;2;0;
426;5;1;2;0;
198;156;1;2;0;
439;725;1;2;0;
497;336;1;2;0;
819;789;1;2;0;
430;412;1;2;0;
551;674;1;2;0;
724;126;1;2;0;
311;27;1;2;0;
713;193;1;2;0;
534;558;1;2;0;
990;111;1;2;0;
494;298;1;2;0;
481;558;1;2;0;
300;700;1;2;0;
293;77;1;2;7451;
842;584;1;2;2380;
567;80;1;2;21618;
385;869;1;2;9883;
148;419;1;2;24931;
223;896;1;2;24909;
601;609;1;2;8134;
134;166;1;2;1196;
596;11;1;2;18389;
76;569;1;2;326;
128;213;1;2;11909;
832;55;1;2;21351;
326;973;1;2;15904;
507;709;1;2;16926;
118;208;1;2;3180;
403;782;1;2;13063;
701;383;1;2;12503;
192;868;1;2;4819;
672;464;1;2;18815;
801;891;1;2;24007;
581;370;1;2;24909;
437;553;1;2;1546;
228;878;1;2;10265;
451;737;1;2;13939;
542;854;1;2;18551;
404;608;1;2;4842;
161;309;1;2;4129;
878;500;1;2;4835;
112;523;1;2;21251;
4;323;1;2;7871;
169;255;1;2;22421;
546;691;1;2;24596;
329;270;1;2;19026;
84;721;1;2;2327;
251;614;1;2;11631;
625;17;1;2;19621;
780;529;1;2;3451;
318;758;1;2;23506;
75;869;1;2;3731;
647;225;1;2;17013;
109;393;1;2;13676;
293;938;1;2;7877;
678;618;1;2;23215;
644;701;1;2;592;
346;303;1;2;6936;
901;927;1;2;22673;
64;706;1;2;10866;
535;375;1;2;9017;
209;801;1;2;24195;
53;447;1;2;4707;
0;1;71;8;
1;1;465;45;
2;1;200;4;
3;1;9;29;
4;1;371;45;
5;1;372;23;
6;1;452;19;
7;1;225;25;
8;1;470;3;
9;1;415;35;
10;1;208;35;
11;1;420;35;
12;1;264;30;
13;1;235;12;
14;1;33;34;
15;1;184;5;
16;1;441;50;
17;1;150;40;
18;1;253;10;
19;1;221;25;
