****14****
100
823;367;1;2;0;
935;507;1;2;0;
295;989;1;2;0;
6;791;1;2;0;
892;396;1;2;0;
660;917;1;2;0;
886;453;1;2;0;
880;357;1;2;0;
874;441;1;2;0;
781;762;1;2;0;
463;997;1;2;0;
49;426;1;2;0;
469;811;1;2;0;
886;763;1;2;0;
636;165;1;2;0;
190;458;1;2;0;
884;476;1;2;0;
965;530;1;2;0;
464;970;1;2;0;
672;707;1;2;0;
717;332;1;2;0;
976;954;1;2;0;
784;855;1;2;0;
310;10;1;2;0;
647;442;1;2;0;
771;109;1;2;0;
439;171;1;2;0;
886;907;1;2;0;
981;771;1;2;0;
22;969;1;2;0;
288;563;1;2;0;
426;523;1;2;0;
38;742;1;2;0;
52;501;1;2;0;
63;76;1;2;0;
560;131;1;2;0;
407;535;1;2;0;
84;542;1;2;0;
741;745;1;2;0;
551;387;1;2;0;
187;322;1;2;0;
847;977;1;2;0;
844;732;1;2;0;
883;825;1;2;0;
854;904;1;2;0;
793;493;1;2;0;
818;570;1;2;0;
15;855;1;2;0;
664;419;1;2;0;
356;726;1;2;0;
494;267;1;2;14058;
252;153;1;2;17503;
793;893;1;2;11085;
344;279;1;2;22200;
17;477;1;2;2316;
860;208;1;2;24826;
36;413;1;2;17585;
828;906;1;2;20572;
750;920;1;2;14547;
413;690;1;2;14680;
490;183;1;2;21343;
346;786;1;2;8109;
990;579;1;2;18393;
378;274;1;2;11480;
304;642;1;2;23397;
206;501;1;2;5892;
342;889;1;2;9775;
734;68;1;2;2155;
944;817;1;2;14202;
8;581;1;2;17221;
779;71;1;2;12378;
816;416;1;2;8127;
357;757;1;2;10782;
790;486;1;2;23737;
501;789;1;2;13001;
40;346;1;2;3503;
786;688;1;2;10567;
296;421;1;2;6866;
712;716;1;2;3158;
47;723;1;2;22564;
423;853;1;2;3213;
982;668;1;2;13661;
679;376;1;2;21408;
953;165;1;2;14788;
501;665;1;2;18247;
41;704;1;2;6854;
434;841;1;2;7682;
715;137;1;2;17811;
64;848;1;2;7813;
581;246;1;2;19482;
678;668;1;2;15250;
846;2;1;2;18706;
781;32;1;2;12960;
824;984;1;2;18651;
1;836;1;2;24508;
671;229;1;2;3924;
334;662;1;2;12795;
36;377;1;2;15389;
158;440;1;2;13862;
348;372;1;2;22416;
0;1;261;49;
1;1;189;26;
2;1;394;42;
3;1;310;26;
4;1;425;20;
5;1;350;11;
6;1;147;2;
7;1;96;38;
8;1;372;26;
9;1;236;7;
10;1;338;25;
11;1;92;16;
12;1;50;2;
13;1;357;26;
14;1;449;28;
15;1;347;9;
16;1;276;38;
17;1;86;22;
18;1;281;48;
19;1;399;6;
