****5****
100
733;117;1;2;0;
900;442;1;2;0;
120;557;1;2;0;
319;237;1;2;0;
354;924;1;2;0;
603;4;1;2;0;
312;802;1;2;0;
81;675;1;2;0;
769;148;1;2;0;
302;297;1;2;0;
444;456;1;2;0;
939;400;1;2;0;
355;761;1;2;0;
75;496;1;2;0;
911;964;1;2;0;
982;643;1;2;0;
80;233;1;2;0;
436;551;1;2;0;
790;755;1;2;0;
787;495;1;2;0;
30;742;1;2;0;
850;341;1;2;0;
543;931;1;2;0;
15;311;1;2;0;
78;668;1;2;0;
960;873;1;2;0;
123;898;1;2;0;
272;830;1;2;0;
10;699;1;2;0;
677;920;1;2;0;
662;658;1;2;0;
915;93;1;2;0;
242;350;1;2;0;
644;383;1;2;0;
456;430;1;2;0;
230;485;1;2;0;
523;79;1;2;0;
825;65;1;2;0;
9;192;1;2;0;
728;438;1;2;0;
211;687;1;2;0;
310;686;1;2;0;
936;934;1;2;0;
515;945;1;2;0;
632;543;1;2;0;
864;645;1;2;0;
200;130;1;2;0;
89;793;1;2;0;
480;732;1;2;0;
176;287;1;2;0;
514;405;1;2;18880;
36;835;1;2;7886;
453;844;1;2;4404;
180;281;1;2;7368;
218;943;1;2;20791;
505;876;1;2;24892;
449;859;1;2;14498;
664;855;1;2;6685;
794;943;1;2;5061;
625;675;1;2;18589;
263;540;1;2;12056;
386;575;1;2;7459;
334;27;1;2;23343;
176;558;1;2;21148;
229;127;1;2;13246;
967;631;1;2;24175;
923;431;1;2;503;
69;95;1;2;16892;
766;240;1;2;1717;
608;216;1;2;7130;
976;478;1;2;171;
749;864;1;2;4367;
708;549;1;2;17539;
510;76;1;2;5911;
944;305;1;2;20485;
321;623;1;2;10601;
924;546;1;2;6262;
738;966;1;2;22629;
53;84;1;2;7512;
15;691;1;2;13367;
651;18;1;2;17092;
474;118;1;2;14815;
576;825;1;2;14422;
704;686;1;2;24814;
741;982;1;2;3356;
905;654;1;2;20841;
700;577;1;2;2158;
925;314;1;2;11807;
948;719;1;2;10966;
858;733;1;2;2449;
687;384;1;2;7093;
993;209;1;2;14203;
515;136;1;2;8483;
936;839;1;2;11030;
433;932;1;2;24734;
234;836;1;2;8344;
10;887;1;2;13284;
34;811;1;2;19554;
24;110;1;2;19044;
97;967;1;2;13471;
0;1;212;5;
1;1;378;45;
2;1;498;39;
3;1;447;14;
4;1;74;23;
5;1;299;15;
6;1;337;32;
7;1;48;32;
8;1;317;33;
9;1;380;28;
10;1;270;7;
11;1;212;32;
12;1;99;35;
13;1;42;9;
14;1;332;10;
15;1;355;45;
16;1;217;35;
17;1;239;14;
18;1;23;35;
19;1;429;48;
