****3****
100
85;100;1;2;0;
13;16;1;2;0;
14;59;1;2;0;
61;63;1;2;0;
54;34;1;2;0;
70;73;1;2;0;
79;81;1;2;0;
54;99;1;2;0;
15;19;1;2;0;
54;7;1;2;0;
28;14;1;2;0;
39;56;1;2;0;
86;23;1;2;0;
84;63;1;2;0;
4;70;1;2;0;
91;89;1;2;0;
22;3;1;2;0;
56;35;1;2;0;
61;68;1;2;0;
49;67;1;2;0;
2;71;1;2;0;
91;80;1;2;0;
51;44;1;2;0;
30;17;1;2;0;
14;84;1;2;0;
24;41;1;2;0;
49;14;1;2;0;
96;86;1;2;0;
36;31;1;2;0;
48;91;1;2;0;
1;39;1;2;0;
79;22;1;2;0;
41;87;1;2;0;
8;54;1;2;0;
54;57;1;2;0;
20;7;1;2;0;
27;62;1;2;0;
39;29;1;2;0;
5;68;1;2;0;
46;18;1;2;0;
3;21;1;2;0;
10;52;1;2;0;
34;57;1;2;0;
37;21;1;2;0;
88;85;1;2;0;
11;40;1;2;0;
75;42;1;2;0;
13;15;1;2;0;
80;20;1;2;0;
20;85;1;2;0;
28;91;1;2;2396;
6;52;1;2;1798;
35;8;1;2;709;
32;77;1;2;546;
52;86;1;2;229;
37;43;1;2;329;
9;30;1;2;482;
71;21;1;2;321;
12;33;1;2;988;
43;4;1;2;1868;
28;32;1;2;596;
19;89;1;2;690;
48;75;1;2;1068;
96;58;1;2;1762;
47;9;1;2;388;
49;97;1;2;863;
88;5;1;2;342;
62;76;1;2;818;
11;87;1;2;1824;
78;82;1;2;2124;
12;9;1;2;2277;
41;27;1;2;1296;
70;26;1;2;675;
58;73;1;2;392;
22;20;1;2;19;
72;68;1;2;937;
16;7;1;2;254;
41;69;1;2;465;
86;31;1;2;995;
63;8;1;2;2136;
44;71;1;2;1793;
59;12;1;2;2364;
63;33;1;2;643;
94;42;1;2;2345;
82;63;1;2;514;
78;87;1;2;383;
23;54;1;2;2278;
73;95;1;2;1683;
97;32;1;2;1420;
60;95;1;2;2477;
4;90;1;2;1721;
56;100;1;2;2252;
86;63;1;2;2260;
93;56;1;2;312;
21;89;1;2;675;
19;18;1;2;1237;
37;41;1;2;360;
10;13;1;2;890;
54;9;1;2;1144;
29;21;1;2;448;
0;1;562;67;
1;1;563;115;
2;1;532;370;
3;1;537;736;
4;1;577;567;
5;1;562;915;
6;1;532;1013;
7;1;572;1162;
8;1;552;1140;
9;1;535;1175;
10;1;581;1034;
11;1;502;1288;
12;1;529;1329;
13;1;506;1736;
14;1;583;1515;
15;1;530;1866;
16;1;549;1894;
17;1;514;1987;
18;1;507;2049;
19;1;549;1982;
20;1;590;2199;
21;1;518;2425;
22;1;543;2579;
23;1;564;2697;
24;1;581;2734;
25;1;538;2645;
26;1;535;3018;
27;1;506;2934;
28;1;594;3324;
29;1;523;3147;
30;1;588;3540;
31;1;524;3464;
32;1;597;3328;
33;1;520;3594;
34;1;540;3867;
35;1;589;3902;
36;1;529;3851;
37;1;502;4116;
38;1;598;4066;
39;1;521;4398;
40;1;515;4332;
41;1;591;4225;
42;1;549;4279;
43;1;515;4766;
44;1;559;4533;
45;1;521;4738;
46;1;542;4956;
47;1;535;4939;
48;1;586;5295;
49;1;544;5288;
