****15****
100
86;86;1;2;0;
100;3;1;2;0;
75;54;1;2;0;
81;6;1;2;0;
84;55;1;2;0;
2;73;1;2;0;
25;84;1;2;0;
82;5;1;2;0;
70;51;1;2;0;
29;58;1;2;0;
14;23;1;2;0;
62;64;1;2;0;
32;54;1;2;0;
28;26;1;2;0;
59;51;1;2;0;
42;45;1;2;0;
36;41;1;2;0;
99;62;1;2;0;
47;80;1;2;0;
67;30;1;2;0;
86;20;1;2;0;
54;11;1;2;0;
56;87;1;2;0;
15;77;1;2;0;
38;43;1;2;0;
86;3;1;2;0;
17;47;1;2;0;
66;49;1;2;0;
52;45;1;2;0;
26;63;1;2;0;
96;67;1;2;0;
59;83;1;2;0;
59;57;1;2;0;
45;5;1;2;0;
88;63;1;2;0;
86;74;1;2;0;
35;92;1;2;0;
84;90;1;2;0;
78;50;1;2;0;
66;15;1;2;0;
45;51;1;2;0;
69;13;1;2;0;
49;86;1;2;0;
13;1;1;2;0;
31;38;1;2;0;
15;78;1;2;0;
56;73;1;2;0;
60;67;1;2;0;
29;56;1;2;0;
23;17;1;2;0;
71;61;1;2;901;
5;52;1;2;199;
46;29;1;2;1713;
11;96;1;2;1115;
13;64;1;2;1008;
13;50;1;2;1625;
65;32;1;2;2325;
79;9;1;2;1756;
51;20;1;2;1602;
32;76;1;2;2269;
100;98;1;2;739;
41;2;1;2;2203;
17;47;1;2;1744;
94;9;1;2;839;
68;73;1;2;2007;
2;85;1;2;386;
100;2;1;2;217;
88;80;1;2;524;
84;83;1;2;2493;
45;14;1;2;1905;
81;13;1;2;1432;
29;5;1;2;2226;
76;73;1;2;1886;
4;66;1;2;337;
78;33;1;2;644;
68;86;1;2;2298;
7;38;1;2;166;
77;77;1;2;347;
59;60;1;2;1961;
9;57;1;2;2233;
37;89;1;2;317;
63;18;1;2;2116;
89;45;1;2;324;
14;100;1;2;1661;
98;78;1;2;2237;
7;45;1;2;567;
100;4;1;2;776;
46;32;1;2;187;
23;91;1;2;562;
83;99;1;2;1001;
7;87;1;2;1274;
44;49;1;2;2121;
88;38;1;2;743;
53;3;1;2;1386;
35;52;1;2;2392;
1;58;1;2;766;
53;9;1;2;1895;
46;6;1;2;996;
64;29;1;2;1097;
45;63;1;2;2186;
0;1;582;310;
1;1;578;470;
2;1;564;293;
3;1;506;539;
4;1;567;966;
5;1;556;1048;
6;1;591;817;
7;1;573;981;
8;1;542;1305;
9;1;579;967;
10;1;543;1141;
11;1;592;1283;
12;1;552;1606;
13;1;528;1600;
14;1;551;1867;
15;1;587;2072;
16;1;511;1616;
17;1;543;2161;
18;1;594;1931;
19;1;525;2309;
20;1;600;2131;
21;1;581;2309;
22;1;573;2248;
23;1;552;2642;
24;1;586;2629;
25;1;561;2731;
26;1;583;2731;
27;1;528;3134;
28;1;511;3211;
29;1;531;3428;
30;1;549;3090;
31;1;545;3405;
32;1;585;3278;
33;1;584;3717;
34;1;590;3580;
35;1;541;3879;
36;1;592;3780;
37;1;578;4170;
38;1;577;4120;
39;1;531;4150;
40;1;563;4435;
41;1;542;4373;
42;1;546;4232;
43;1;532;4479;
44;1;580;4881;
45;1;521;4714;
46;1;582;4892;
47;1;590;4925;
48;1;555;5352;
49;1;595;5158;
