****2****
100
924;338;1;2;0;
849;372;1;2;0;
935;54;1;2;0;
887;240;1;2;0;
204;274;1;2;0;
402;338;1;2;0;
696;856;1;2;0;
659;130;1;2;0;
5;514;1;2;0;
412;264;1;2;0;
947;507;1;2;0;
534;956;1;2;0;
270;865;1;2;0;
674;706;1;2;0;
90;321;1;2;0;
997;365;1;2;0;
658;197;1;2;0;
89;945;1;2;0;
603;975;1;2;0;
184;806;1;2;0;
601;937;1;2;0;
143;296;1;2;0;
793;801;1;2;0;
777;797;1;2;0;
667;189;1;2;0;
413;613;1;2;0;
47;946;1;2;0;
920;316;1;2;0;
163;945;1;2;0;
374;604;1;2;0;
265;722;1;2;0;
320;275;1;2;0;
918;408;1;2;0;
219;520;1;2;0;
735;754;1;2;0;
677;335;1;2;0;
690;820;1;2;0;
982;482;1;2;0;
620;110;1;2;0;
631;638;1;2;0;
650;43;1;2;0;
250;696;1;2;0;
340;521;1;2;0;
364;854;1;2;0;
465;737;1;2;0;
457;82;1;2;0;
458;129;1;2;0;
356;727;1;2;0;
536;574;1;2;0;
247;270;1;2;0;
327;923;1;2;2233;
368;94;1;2;22158;
202;66;1;2;15046;
832;703;1;2;5168;
226;305;1;2;8863;
565;825;1;2;16201;
771;642;1;2;2821;
579;723;1;2;2067;
707;430;1;2;16038;
243;3;1;2;18560;
512;681;1;2;4505;
820;48;1;2;2511;
108;601;1;2;18804;
506;432;1;2;22389;
906;9;1;2;12350;
649;574;1;2;22533;
107;696;1;2;16794;
653;274;1;2;490;
656;981;1;2;15255;
385;223;1;2;17886;
361;86;1;2;14848;
963;905;1;2;22706;
658;365;1;2;13595;
419;870;1;2;3415;
234;775;1;2;10850;
1;775;1;2;18930;
944;233;1;2;15241;
529;885;1;2;564;
835;892;1;2;2251;
923;277;1;2;18786;
12;637;1;2;8925;
134;951;1;2;22657;
303;960;1;2;7136;
424;730;1;2;4657;
977;963;1;2;18142;
891;315;1;2;13194;
377;259;1;2;6016;
911;787;1;2;24428;
366;973;1;2;22745;
153;895;1;2;19252;
162;259;1;2;9757;
256;392;1;2;23766;
607;46;1;2;18284;
322;469;1;2;7621;
259;798;1;2;16412;
322;688;1;2;9255;
511;416;1;2;10930;
933;326;1;2;10983;
944;43;1;2;16648;
494;195;1;2;15933;
0;1;320;6;
1;1;308;36;
2;1;112;1;
3;1;102;20;
4;1;96;27;
5;1;244;16;
6;1;482;4;
7;1;65;50;
8;1;175;4;
9;1;184;37;
10;1;20;26;
11;1;470;47;
12;1;206;13;
13;1;240;8;
14;1;258;36;
15;1;409;29;
16;1;142;18;
17;1;414;5;
18;1;118;15;
19;1;174;15;
