****8****
100
13;980;1;2;0;
283;530;1;2;0;
411;459;1;2;0;
590;454;1;2;0;
52;956;1;2;0;
525;223;1;2;0;
413;526;1;2;0;
547;381;1;2;0;
321;259;1;2;0;
348;894;1;2;0;
537;158;1;2;0;
765;715;1;2;0;
434;81;1;2;0;
255;97;1;2;0;
705;707;1;2;0;
236;718;1;2;0;
686;870;1;2;0;
599;449;1;2;0;
329;188;1;2;0;
902;732;1;2;0;
495;426;1;2;0;
955;259;1;2;0;
303;853;1;2;0;
639;976;1;2;0;
111;338;1;2;0;
221;999;1;2;0;
495;985;1;2;0;
65;929;1;2;0;
65;320;1;2;0;
377;121;1;2;0;
26;965;1;2;0;
190;63;1;2;0;
834;788;1;2;0;
511;514;1;2;0;
975;413;1;2;0;
598;821;1;2;0;
190;904;1;2;0;
80;493;1;2;0;
756;70;1;2;0;
468;218;1;2;0;
408;688;1;2;0;
216;902;1;2;0;
24;281;1;2;0;
182;88;1;2;0;
952;559;1;2;0;
560;977;1;2;0;
523;750;1;2;0;
391;708;1;2;0;
537;902;1;2;0;
574;864;1;2;0;
314;171;1;2;21742;
503;426;1;2;5874;
347;181;1;2;16978;
166;398;1;2;1828;
205;965;1;2;13621;
228;597;1;2;6087;
667;548;1;2;7340;
227;876;1;2;21782;
976;267;1;2;32;
864;168;1;2;17238;
727;833;1;2;209;
411;687;1;2;384;
877;34;1;2;15898;
61;551;1;2;16646;
356;756;1;2;18846;
553;983;1;2;24766;
283;650;1;2;578;
571;228;1;2;330;
85;203;1;2;10729;
306;66;1;2;20327;
101;793;1;2;16226;
417;555;1;2;16345;
511;431;1;2;6333;
136;844;1;2;6472;
159;551;1;2;1717;
498;455;1;2;13834;
433;737;1;2;13680;
268;659;1;2;7800;
979;743;1;2;23475;
307;49;1;2;23420;
155;501;1;2;10948;
186;269;1;2;7801;
552;779;1;2;24350;
655;267;1;2;2569;
309;425;1;2;19289;
717;922;1;2;15378;
108;706;1;2;24170;
500;974;1;2;757;
119;304;1;2;21417;
940;962;1;2;11181;
531;468;1;2;12288;
913;654;1;2;2195;
202;557;1;2;8534;
921;212;1;2;22204;
835;520;1;2;12097;
651;588;1;2;22060;
570;696;1;2;1857;
578;547;1;2;6563;
596;666;1;2;11508;
356;957;1;2;172;
0;1;369;37;
1;1;490;29;
2;1;252;43;
3;1;310;3;
4;1;199;22;
5;1;373;12;
6;1;47;9;
7;1;133;1;
8;1;209;21;
9;1;375;31;
10;1;268;7;
11;1;60;14;
12;1;64;5;
13;1;331;24;
14;1;362;40;
15;1;498;30;
16;1;126;39;
17;1;111;27;
18;1;481;20;
19;1;181;31;
