****18****
100
806;444;1;2;0;
897;258;1;2;0;
13;473;1;2;0;
534;482;1;2;0;
975;948;1;2;0;
366;535;1;2;0;
84;137;1;2;0;
821;348;1;2;0;
117;555;1;2;0;
959;501;1;2;0;
440;143;1;2;0;
455;232;1;2;0;
994;456;1;2;0;
224;747;1;2;0;
966;444;1;2;0;
73;771;1;2;0;
887;322;1;2;0;
380;899;1;2;0;
794;914;1;2;0;
732;121;1;2;0;
213;450;1;2;0;
655;297;1;2;0;
938;475;1;2;0;
996;54;1;2;0;
381;954;1;2;0;
906;821;1;2;0;
448;713;1;2;0;
52;442;1;2;0;
168;627;1;2;0;
540;133;1;2;0;
70;612;1;2;0;
256;957;1;2;0;
933;987;1;2;0;
207;79;1;2;0;
252;291;1;2;0;
199;465;1;2;0;
740;853;1;2;0;
113;677;1;2;0;
327;108;1;2;0;
83;59;1;2;0;
61;988;1;2;0;
231;861;1;2;0;
700;635;1;2;0;
302;220;1;2;0;
261;193;1;2;0;
704;331;1;2;0;
804;959;1;2;0;
639;89;1;2;0;
298;197;1;2;0;
167;549;1;2;0;
487;365;1;2;21257;
226;217;1;2;6800;
255;895;1;2;6514;
337;953;1;2;4434;
676;536;1;2;6868;
728;170;1;2;10217;
947;430;1;2;16385;
650;112;1;2;14373;
961;102;1;2;3575;
610;299;1;2;10279;
158;785;1;2;24186;
875;363;1;2;22834;
351;617;1;2;14663;
287;305;1;2;12380;
283;980;1;2;8907;
491;59;1;2;16937;
352;5;1;2;2449;
405;7;1;2;8450;
613;319;1;2;13405;
910;280;1;2;3232;
20;437;1;2;20048;
199;663;1;2;4508;
241;14;1;2;22271;
882;300;1;2;16365;
475;934;1;2;10261;
955;776;1;2;21116;
604;479;1;2;18957;
682;235;1;2;5854;
224;847;1;2;1867;
220;756;1;2;4424;
161;128;1;2;24189;
591;326;1;2;7415;
31;918;1;2;10906;
439;151;1;2;20671;
151;977;1;2;16143;
195;931;1;2;1942;
297;534;1;2;20030;
403;568;1;2;9541;
220;143;1;2;14346;
354;362;1;2;13018;
768;875;1;2;18086;
970;465;1;2;3734;
834;848;1;2;20046;
712;286;1;2;6681;
592;789;1;2;3270;
406;983;1;2;18718;
346;631;1;2;24458;
117;33;1;2;22938;
121;252;1;2;20360;
972;958;1;2;9626;
0;1;283;25;
1;1;477;20;
2;1;194;43;
3;1;335;29;
4;1;140;19;
5;1;90;28;
6;1;105;34;
7;1;418;16;
8;1;439;50;
9;1;410;36;
10;1;30;39;
11;1;252;14;
12;1;335;23;
13;1;18;23;
14;1;196;25;
15;1;177;28;
16;1;51;3;
17;1;198;46;
18;1;298;34;
19;1;474;39;
