****7****
100
224;341;1;2;0;
970;149;1;2;0;
272;230;1;2;0;
94;476;1;2;0;
495;668;1;2;0;
501;737;1;2;0;
678;6;1;2;0;
808;342;1;2;0;
930;657;1;2;0;
696;611;1;2;0;
320;834;1;2;0;
651;443;1;2;0;
132;395;1;2;0;
120;779;1;2;0;
170;275;1;2;0;
70;394;1;2;0;
615;40;1;2;0;
894;238;1;2;0;
621;339;1;2;0;
65;467;1;2;0;
7;566;1;2;0;
203;684;1;2;0;
571;362;1;2;0;
377;852;1;2;0;
19;425;1;2;0;
814;338;1;2;0;
258;464;1;2;0;
781;741;1;2;0;
211;252;1;2;0;
520;732;1;2;0;
526;941;1;2;0;
125;492;1;2;0;
332;371;1;2;0;
730;952;1;2;0;
709;146;1;2;0;
771;67;1;2;0;
711;973;1;2;0;
103;633;1;2;0;
335;479;1;2;0;
836;705;1;2;0;
903;649;1;2;0;
394;512;1;2;0;
465;174;1;2;0;
253;675;1;2;0;
777;124;1;2;0;
406;654;1;2;0;
64;883;1;2;0;
146;396;1;2;0;
605;227;1;2;0;
699;665;1;2;0;
372;469;1;2;1151;
83;794;1;2;10304;
715;480;1;2;21516;
551;184;1;2;23812;
551;577;1;2;6013;
367;103;1;2;23780;
393;231;1;2;23380;
151;885;1;2;1302;
33;382;1;2;3574;
989;608;1;2;2984;
653;979;1;2;19687;
736;413;1;2;4427;
921;480;1;2;21668;
937;382;1;2;17280;
207;284;1;2;24747;
988;651;1;2;7946;
22;43;1;2;2038;
530;193;1;2;13005;
102;577;1;2;4911;
421;917;1;2;15103;
791;922;1;2;16291;
629;9;1;2;19324;
612;930;1;2;5686;
74;866;1;2;18074;
71;424;1;2;2383;
644;411;1;2;16303;
24;432;1;2;14514;
282;314;1;2;23863;
776;767;1;2;13140;
299;540;1;2;16648;
133;330;1;2;14013;
945;310;1;2;10882;
170;921;1;2;19806;
226;346;1;2;12300;
15;416;1;2;14424;
736;411;1;2;7190;
458;434;1;2;16628;
575;67;1;2;16115;
237;842;1;2;9201;
827;492;1;2;24462;
333;624;1;2;17128;
113;569;1;2;4638;
549;90;1;2;20916;
618;668;1;2;10379;
552;682;1;2;19804;
261;417;1;2;23937;
28;227;1;2;3474;
579;153;1;2;17201;
795;389;1;2;23623;
426;215;1;2;7148;
0;1;447;50;
1;1;467;48;
2;1;12;35;
3;1;457;12;
4;1;477;39;
5;1;29;44;
6;1;165;32;
7;1;325;11;
8;1;192;44;
9;1;367;21;
10;1;320;8;
11;1;2;22;
12;1;116;46;
13;1;213;16;
14;1;73;29;
15;1;459;20;
16;1;178;27;
17;1;317;39;
18;1;164;23;
19;1;100;40;
