****13****
100
404;889;1;2;0;
874;808;1;2;0;
584;788;1;2;0;
615;341;1;2;0;
819;921;1;2;0;
164;659;1;2;0;
412;577;1;2;0;
72;694;1;2;0;
795;698;1;2;0;
24;536;1;2;0;
912;764;1;2;0;
105;325;1;2;0;
472;274;1;2;0;
447;903;1;2;0;
221;506;1;2;0;
141;624;1;2;0;
746;367;1;2;0;
783;329;1;2;0;
154;398;1;2;0;
669;324;1;2;0;
318;185;1;2;0;
982;82;1;2;0;
761;406;1;2;0;
127;555;1;2;0;
103;150;1;2;0;
443;366;1;2;0;
913;899;1;2;0;
42;736;1;2;0;
524;840;1;2;0;
990;744;1;2;0;
345;483;1;2;0;
719;443;1;2;0;
849;501;1;2;0;
771;354;1;2;0;
898;792;1;2;0;
678;568;1;2;0;
976;11;1;2;0;
649;88;1;2;0;
416;127;1;2;0;
642;870;1;2;0;
276;84;1;2;0;
235;541;1;2;0;
334;628;1;2;0;
628;857;1;2;0;
468;618;1;2;0;
600;164;1;2;0;
452;318;1;2;0;
606;300;1;2;0;
171;729;1;2;0;
5;68;1;2;0;
872;34;1;2;5480;
847;45;1;2;9664;
934;812;1;2;7940;
927;34;1;2;13001;
363;268;1;2;5329;
696;248;1;2;11782;
905;715;1;2;344;
504;230;1;2;17134;
174;188;1;2;22055;
344;916;1;2;2721;
763;787;1;2;22140;
398;985;1;2;16222;
384;918;1;2;19351;
145;196;1;2;11942;
885;558;1;2;6142;
165;606;1;2;17163;
424;510;1;2;2378;
653;365;1;2;15417;
332;538;1;2;20701;
663;233;1;2;19799;
998;996;1;2;13800;
718;745;1;2;8097;
483;128;1;2;638;
411;624;1;2;7965;
372;508;1;2;22047;
600;24;1;2;16556;
780;448;1;2;12414;
673;452;1;2;3333;
796;783;1;2;24399;
106;445;1;2;5144;
683;794;1;2;146;
398;512;1;2;21629;
745;994;1;2;24760;
713;756;1;2;24222;
525;127;1;2;5769;
598;78;1;2;24730;
276;857;1;2;22382;
463;530;1;2;24070;
366;325;1;2;1423;
807;783;1;2;24249;
833;817;1;2;24764;
205;215;1;2;2354;
322;311;1;2;18748;
918;24;1;2;37;
489;900;1;2;10413;
568;497;1;2;3768;
23;772;1;2;24516;
924;586;1;2;2279;
629;951;1;2;228;
116;758;1;2;16312;
0;1;399;42;
1;1;257;24;
2;1;146;23;
3;1;64;19;
4;1;133;47;
5;1;88;6;
6;1;333;27;
7;1;55;49;
8;1;496;3;
9;1;391;18;
10;1;174;41;
11;1;294;11;
12;1;120;22;
13;1;62;25;
14;1;37;21;
15;1;365;37;
16;1;464;23;
17;1;411;9;
18;1;295;26;
19;1;280;27;
