****19****
100
74;23;1;2;0;
60;24;1;2;0;
7;91;1;2;0;
84;36;1;2;0;
79;73;1;2;0;
61;78;1;2;0;
28;38;1;2;0;
15;46;1;2;0;
89;89;1;2;0;
27;71;1;2;0;
8;35;1;2;0;
47;97;1;2;0;
29;58;1;2;0;
82;17;1;2;0;
22;71;1;2;0;
55;48;1;2;0;
93;14;1;2;0;
71;51;1;2;0;
56;6;1;2;0;
87;34;1;2;0;
78;47;1;2;0;
12;57;1;2;0;
36;78;1;2;0;
55;24;1;2;0;
67;33;1;2;0;
95;26;1;2;0;
67;93;1;2;0;
74;47;1;2;0;
2;7;1;2;0;
64;76;1;2;0;
77;18;1;2;0;
23;22;1;2;0;
83;45;1;2;0;
72;38;1;2;0;
50;58;1;2;0;
71;80;1;2;0;
56;34;1;2;0;
88;91;1;2;0;
12;42;1;2;0;
15;30;1;2;0;
26;61;1;2;0;
7;93;1;2;0;
5;81;1;2;0;
91;6;1;2;0;
87;54;1;2;0;
81;16;1;2;0;
23;55;1;2;0;
37;5;1;2;0;
99;60;1;2;0;
94;49;1;2;0;
18;65;1;2;2285;
73;50;1;2;322;
16;13;1;2;336;
82;42;1;2;1669;
94;49;1;2;632;
98;81;1;2;294;
55;19;1;2;1856;
88;86;1;2;554;
42;22;1;2;246;
41;82;1;2;1382;
89;51;1;2;294;
68;75;1;2;705;
86;90;1;2;302;
46;71;1;2;212;
84;16;1;2;2416;
65;13;1;2;1286;
37;20;1;2;1953;
15;7;1;2;787;
63;48;1;2;895;
19;88;1;2;1965;
69;28;1;2;1038;
83;47;1;2;1775;
51;85;1;2;1920;
79;30;1;2;1916;
100;65;1;2;2096;
22;82;1;2;1499;
23;18;1;2;1574;
47;32;1;2;1784;
5;46;1;2;837;
36;17;1;2;766;
100;85;1;2;193;
66;20;1;2;1399;
54;70;1;2;2211;
84;48;1;2;464;
37;99;1;2;329;
57;20;1;2;2440;
89;95;1;2;2093;
41;41;1;2;1143;
98;97;1;2;148;
55;84;1;2;1854;
52;35;1;2;142;
76;100;1;2;313;
98;6;1;2;567;
5;41;1;2;1210;
93;77;1;2;2455;
97;33;1;2;1719;
83;74;1;2;288;
86;14;1;2;117;
24;63;1;2;1996;
8;70;1;2;1816;
0;1;560;20;
1;1;595;261;
2;1;548;258;
3;1;552;828;
4;1;552;844;
5;1;501;614;
6;1;552;1072;
7;1;521;1055;
8;1;542;1232;
9;1;520;1003;
10;1;578;1120;
11;1;561;1476;
12;1;587;1275;
13;1;554;1337;
14;1;544;1762;
15;1;524;1550;
16;1;595;1754;
17;1;551;1955;
18;1;516;2082;
19;1;538;2060;
20;1;531;2475;
21;1;559;2125;
22;1;587;2597;
23;1;560;2799;
24;1;583;2462;
25;1;555;2860;
26;1;537;2995;
27;1;551;2873;
28;1;551;3175;
29;1;539;3179;
30;1;578;3511;
31;1;600;3323;
32;1;583;3627;
33;1;565;3690;
34;1;505;3439;
35;1;517;3710;
36;1;545;4099;
37;1;572;3910;
38;1;505;3972;
39;1;563;3970;
40;1;513;4416;
41;1;600;4401;
42;1;584;4485;
43;1;577;4687;
44;1;558;4838;
45;1;531;4511;
46;1;580;4801;
47;1;511;5072;
48;1;584;5338;
49;1;564;5103;
