****12****
100
255;997;1;2;0;
500;321;1;2;0;
199;445;1;2;0;
203;111;1;2;0;
131;662;1;2;0;
143;656;1;2;0;
518;191;1;2;0;
493;399;1;2;0;
409;398;1;2;0;
590;944;1;2;0;
141;798;1;2;0;
329;240;1;2;0;
572;355;1;2;0;
325;755;1;2;0;
241;378;1;2;0;
387;847;1;2;0;
726;886;1;2;0;
167;925;1;2;0;
683;721;1;2;0;
35;813;1;2;0;
734;529;1;2;0;
821;252;1;2;0;
71;313;1;2;0;
650;479;1;2;0;
62;591;1;2;0;
774;202;1;2;0;
741;454;1;2;0;
793;664;1;2;0;
161;117;1;2;0;
418;401;1;2;0;
846;157;1;2;0;
247;572;1;2;0;
394;765;1;2;0;
496;76;1;2;0;
486;530;1;2;0;
241;571;1;2;0;
411;61;1;2;0;
822;481;1;2;0;
725;823;1;2;0;
312;786;1;2;0;
766;85;1;2;0;
339;506;1;2;0;
539;131;1;2;0;
169;699;1;2;0;
600;938;1;2;0;
99;445;1;2;0;
94;697;1;2;0;
16;840;1;2;0;
461;863;1;2;0;
915;298;1;2;0;
745;155;1;2;21424;
155;215;1;2;20017;
635;939;1;2;21651;
946;76;1;2;16161;
383;414;1;2;21959;
921;545;1;2;17159;
971;496;1;2;9384;
421;292;1;2;5136;
117;660;1;2;293;
577;522;1;2;24115;
227;266;1;2;1424;
95;420;1;2;5115;
136;55;1;2;10356;
1000;352;1;2;4299;
981;734;1;2;10138;
467;6;1;2;7016;
473;976;1;2;9466;
769;748;1;2;7318;
158;864;1;2;7832;
738;793;1;2;4935;
232;19;1;2;20297;
233;465;1;2;21797;
801;600;1;2;24120;
659;952;1;2;8919;
592;932;1;2;10409;
291;751;1;2;8326;
534;223;1;2;7121;
624;991;1;2;14281;
654;500;1;2;7620;
694;237;1;2;23196;
608;469;1;2;24813;
436;53;1;2;8894;
35;205;1;2;18209;
392;863;1;2;6151;
748;807;1;2;9386;
190;97;1;2;4366;
990;983;1;2;8250;
765;606;1;2;3175;
639;611;1;2;1019;
377;657;1;2;22582;
259;264;1;2;21471;
511;51;1;2;21863;
227;437;1;2;6122;
895;828;1;2;11851;
513;928;1;2;18350;
63;117;1;2;8508;
715;458;1;2;21085;
590;574;1;2;11049;
807;213;1;2;15217;
523;589;1;2;20915;
0;1;476;48;
1;1;321;49;
2;1;358;22;
3;1;427;37;
4;1;308;9;
5;1;331;36;
6;1;53;43;
7;1;63;6;
8;1;258;31;
9;1;307;22;
10;1;489;40;
11;1;61;12;
12;1;430;19;
13;1;126;31;
14;1;242;15;
15;1;388;19;
16;1;414;9;
17;1;318;21;
18;1;80;46;
19;1;59;39;
