****9****
100
641;53;1;2;0;
645;540;1;2;0;
463;777;1;2;0;
540;172;1;2;0;
849;266;1;2;0;
154;616;1;2;0;
425;713;1;2;0;
282;988;1;2;0;
867;612;1;2;0;
612;80;1;2;0;
251;961;1;2;0;
162;729;1;2;0;
799;772;1;2;0;
957;131;1;2;0;
543;138;1;2;0;
161;536;1;2;0;
542;157;1;2;0;
427;357;1;2;0;
286;318;1;2;0;
880;134;1;2;0;
935;33;1;2;0;
102;359;1;2;0;
745;735;1;2;0;
347;963;1;2;0;
698;310;1;2;0;
394;301;1;2;0;
270;555;1;2;0;
29;68;1;2;0;
678;337;1;2;0;
198;573;1;2;0;
826;710;1;2;0;
460;720;1;2;0;
867;886;1;2;0;
76;152;1;2;0;
555;955;1;2;0;
637;489;1;2;0;
987;90;1;2;0;
848;83;1;2;0;
824;194;1;2;0;
397;522;1;2;0;
855;790;1;2;0;
822;124;1;2;0;
345;202;1;2;0;
191;374;1;2;0;
890;740;1;2;0;
946;68;1;2;0;
449;757;1;2;0;
787;315;1;2;0;
642;214;1;2;0;
818;548;1;2;0;
168;807;1;2;14532;
506;896;1;2;23395;
588;72;1;2;11203;
984;593;1;2;24422;
125;766;1;2;20657;
469;319;1;2;20534;
195;208;1;2;22557;
492;275;1;2;21793;
249;413;1;2;11846;
242;626;1;2;10268;
790;793;1;2;1546;
178;650;1;2;1109;
413;589;1;2;12272;
193;924;1;2;16521;
179;49;1;2;11828;
936;869;1;2;55;
587;63;1;2;10724;
977;555;1;2;8750;
463;803;1;2;2772;
968;44;1;2;6127;
643;185;1;2;2696;
771;362;1;2;8311;
499;774;1;2;17779;
298;318;1;2;14382;
689;496;1;2;8313;
549;783;1;2;11515;
375;721;1;2;15845;
761;697;1;2;5755;
773;512;1;2;17435;
197;479;1;2;23757;
247;121;1;2;23843;
442;244;1;2;11718;
286;742;1;2;6283;
70;392;1;2;482;
778;80;1;2;16491;
534;629;1;2;24963;
159;355;1;2;928;
198;115;1;2;19191;
791;239;1;2;24296;
186;436;1;2;7584;
328;34;1;2;2075;
655;475;1;2;16061;
344;112;1;2;23402;
158;534;1;2;13616;
289;311;1;2;5472;
268;197;1;2;10799;
382;355;1;2;4651;
216;904;1;2;25000;
746;694;1;2;5595;
788;231;1;2;3705;
0;1;160;8;
1;1;364;4;
2;1;213;39;
3;1;92;6;
4;1;302;25;
5;1;213;35;
6;1;197;3;
7;1;498;50;
8;1;121;44;
9;1;36;4;
10;1;400;24;
11;1;69;3;
12;1;30;16;
13;1;496;23;
14;1;453;28;
15;1;255;14;
16;1;135;19;
17;1;320;49;
18;1;309;11;
19;1;254;10;
