****6****
100
910;79;1;2;0;
64;746;1;2;0;
310;111;1;2;0;
380;479;1;2;0;
346;759;1;2;0;
8;115;1;2;0;
517;219;1;2;0;
398;615;1;2;0;
806;791;1;2;0;
475;489;1;2;0;
503;830;1;2;0;
383;219;1;2;0;
414;974;1;2;0;
284;788;1;2;0;
510;212;1;2;0;
87;419;1;2;0;
290;151;1;2;0;
517;952;1;2;0;
613;896;1;2;0;
782;958;1;2;0;
6;789;1;2;0;
424;523;1;2;0;
360;174;1;2;0;
489;165;1;2;0;
964;316;1;2;0;
5;466;1;2;0;
497;739;1;2;0;
36;262;1;2;0;
712;319;1;2;0;
401;574;1;2;0;
530;487;1;2;0;
344;172;1;2;0;
637;860;1;2;0;
475;602;1;2;0;
107;256;1;2;0;
559;113;1;2;0;
44;983;1;2;0;
987;403;1;2;0;
508;827;1;2;0;
919;471;1;2;0;
142;923;1;2;0;
289;990;1;2;0;
662;324;1;2;0;
251;725;1;2;0;
643;651;1;2;0;
298;524;1;2;0;
490;642;1;2;0;
695;126;1;2;0;
853;521;1;2;0;
79;960;1;2;0;
776;638;1;2;7695;
820;972;1;2;15909;
574;479;1;2;15262;
845;301;1;2;17723;
119;941;1;2;14590;
780;265;1;2;20457;
857;259;1;2;6903;
506;782;1;2;16270;
147;829;1;2;18389;
352;349;1;2;24339;
311;477;1;2;23496;
734;648;1;2;16249;
791;221;1;2;805;
26;417;1;2;24066;
755;536;1;2;10117;
122;667;1;2;11261;
443;523;1;2;16020;
414;29;1;2;22699;
875;527;1;2;1730;
813;878;1;2;3321;
829;540;1;2;20793;
835;273;1;2;20091;
811;415;1;2;7364;
970;793;1;2;6785;
77;547;1;2;6779;
476;20;1;2;21761;
140;462;1;2;16578;
413;876;1;2;16573;
468;102;1;2;2613;
55;914;1;2;15273;
991;94;1;2;1317;
402;928;1;2;16192;
461;91;1;2;7550;
92;60;1;2;13405;
491;488;1;2;3726;
74;315;1;2;20354;
675;454;1;2;8741;
798;867;1;2;3041;
302;686;1;2;17276;
684;741;1;2;19833;
295;731;1;2;14547;
446;484;1;2;22665;
222;944;1;2;10436;
412;387;1;2;8162;
394;230;1;2;14908;
922;303;1;2;15791;
470;329;1;2;24319;
832;126;1;2;6512;
68;779;1;2;10070;
406;814;1;2;16217;
0;1;8;9;
1;1;14;4;
2;1;54;47;
3;1;180;25;
4;1;293;47;
5;1;38;31;
6;1;426;31;
7;1;260;43;
8;1;353;14;
9;1;223;24;
10;1;242;11;
11;1;5;20;
12;1;164;25;
13;1;350;5;
14;1;330;14;
15;1;286;39;
16;1;272;49;
17;1;245;27;
18;1;148;26;
19;1;304;40;
