****4****
100
74;84;1;2;0;
5;54;1;2;0;
41;59;1;2;0;
29;90;1;2;0;
75;49;1;2;0;
19;41;1;2;0;
58;10;1;2;0;
41;58;1;2;0;
58;8;1;2;0;
99;68;1;2;0;
97;72;1;2;0;
14;38;1;2;0;
68;100;1;2;0;
27;53;1;2;0;
54;22;1;2;0;
29;79;1;2;0;
57;33;1;2;0;
32;49;1;2;0;
43;60;1;2;0;
38;18;1;2;0;
60;8;1;2;0;
10;70;1;2;0;
17;51;1;2;0;
27;26;1;2;0;
10;78;1;2;0;
94;6;1;2;0;
1;59;1;2;0;
95;68;1;2;0;
59;73;1;2;0;
72;64;1;2;0;
94;100;1;2;0;
42;50;1;2;0;
84;25;1;2;0;
50;27;1;2;0;
37;87;1;2;0;
96;96;1;2;0;
94;5;1;2;0;
17;63;1;2;0;
7;96;1;2;0;
40;68;1;2;0;
73;33;1;2;0;
25;73;1;2;0;
44;19;1;2;0;
92;2;1;2;0;
91;63;1;2;0;
65;36;1;2;0;
14;58;1;2;0;
37;49;1;2;0;
82;86;1;2;0;
27;18;1;2;0;
24;22;1;2;1076;
70;79;1;2;731;
84;37;1;2;2473;
23;57;1;2;234;
8;81;1;2;2352;
51;100;1;2;2001;
52;42;1;2;1119;
68;78;1;2;805;
77;66;1;2;932;
58;4;1;2;2111;
28;27;1;2;1218;
45;96;1;2;491;
78;31;1;2;573;
7;54;1;2;1206;
59;61;1;2;2016;
36;63;1;2;1197;
3;14;1;2;881;
85;33;1;2;308;
79;9;1;2;1475;
74;18;1;2;1995;
44;97;1;2;72;
87;41;1;2;2159;
60;71;1;2;2251;
69;29;1;2;2214;
87;87;1;2;2356;
85;74;1;2;2095;
82;29;1;2;2101;
72;13;1;2;2217;
92;43;1;2;426;
29;17;1;2;764;
17;60;1;2;1966;
83;98;1;2;110;
97;57;1;2;926;
42;25;1;2;1888;
39;63;1;2;731;
49;47;1;2;2310;
20;80;1;2;1126;
57;4;1;2;798;
25;95;1;2;2131;
54;75;1;2;1060;
52;91;1;2;2195;
46;25;1;2;1752;
81;74;1;2;224;
86;15;1;2;688;
71;5;1;2;1848;
43;5;1;2;722;
40;25;1;2;1010;
65;33;1;2;1090;
54;9;1;2;1272;
37;62;1;2;536;
0;1;589;530;
1;1;594;184;
2;1;511;415;
3;1;559;526;
4;1;544;741;
5;1;529;965;
6;1;514;1042;
7;1;514;906;
8;1;541;1216;
9;1;570;991;
10;1;595;1524;
11;1;596;1182;
12;1;534;1304;
13;1;535;1727;
14;1;590;1638;
15;1;567;1920;
16;1;565;1866;
17;1;576;1886;
18;1;534;2267;
19;1;518;1990;
20;1;560;2085;
21;1;538;2184;
22;1;596;2579;
23;1;593;2685;
24;1;574;2623;
25;1;520;2987;
26;1;516;2639;
27;1;546;2934;
28;1;520;3171;
29;1;563;2900;
30;1;580;3328;
31;1;586;3608;
32;1;593;3674;
33;1;571;3847;
34;1;599;3614;
35;1;555;3959;
36;1;537;3705;
37;1;535;3957;
38;1;547;4178;
39;1;573;4173;
40;1;545;4221;
41;1;587;4441;
42;1;511;4304;
43;1;508;4330;
44;1;516;4501;
45;1;591;4593;
46;1;503;4735;
47;1;543;5063;
48;1;542;5075;
49;1;572;4907;
