****0****
100
429;488;1;2;0;
414;443;1;2;0;
446;476;1;2;0;
436;481;1;2;0;
401;410;1;2;0;
427;413;1;2;0;
487;465;1;2;0;
488;467;1;2;0;
448;478;1;2;0;
421;461;1;2;0;
400;432;1;2;0;
449;497;1;2;0;
454;422;1;2;0;
430;492;1;2;0;
412;462;1;2;0;
478;441;1;2;0;
450;492;1;2;0;
436;497;1;2;0;
421;424;1;2;0;
430;474;1;2;0;
434;409;1;2;0;
487;473;1;2;0;
474;427;1;2;0;
492;422;1;2;0;
457;414;1;2;0;
436;409;1;2;0;
446;485;1;2;0;
406;453;1;2;0;
407;488;1;2;0;
445;419;1;2;0;
450;423;1;2;0;
413;453;1;2;0;
467;401;1;2;0;
450;488;1;2;0;
426;432;1;2;0;
414;412;1;2;0;
442;401;1;2;0;
486;416;1;2;0;
428;430;1;2;0;
491;486;1;2;0;
444;479;1;2;0;
495;443;1;2;0;
464;454;1;2;0;
496;472;1;2;0;
442;441;1;2;0;
443;493;1;2;0;
416;408;1;2;0;
498;435;1;2;0;
462;448;1;2;0;
476;488;1;2;0;
432;490;1;2;9319;
474;492;1;2;10491;
443;472;1;2;10055;
486;458;1;2;5046;
465;406;1;2;7260;
429;412;1;2;7599;
453;454;1;2;1803;
449;499;1;2;3333;
457;497;1;2;6873;
419;497;1;2;1526;
459;430;1;2;1134;
412;404;1;2;4846;
454;499;1;2;3789;
475;485;1;2;10965;
493;450;1;2;6075;
405;432;1;2;2225;
414;485;1;2;5306;
415;434;1;2;5306;
485;444;1;2;9985;
490;415;1;2;9253;
471;475;1;2;249;
442;439;1;2;7310;
406;445;1;2;6058;
494;421;1;2;5133;
492;466;1;2;9282;
449;423;1;2;10668;
465;437;1;2;5738;
440;405;1;2;8923;
415;442;1;2;4597;
439;432;1;2;4068;
412;403;1;2;6021;
416;497;1;2;8525;
476;403;1;2;10820;
435;449;1;2;6433;
432;442;1;2;5688;
432;443;1;2;5290;
411;460;1;2;1586;
480;401;1;2;7632;
484;468;1;2;4259;
431;459;1;2;10286;
446;471;1;2;4737;
436;439;1;2;11249;
469;415;1;2;6887;
496;403;1;2;6693;
447;487;1;2;11075;
465;419;1;2;3607;
406;483;1;2;3738;
436;463;1;2;246;
472;447;1;2;3715;
401;479;1;2;8296;
0;1;114;114;
1;1;201;651;
2;1;121;1021;
3;1;132;1482;
4;1;190;1990;
5;1;185;2435;
6;1;196;2896;
7;1;161;3311;
8;1;153;3753;
9;1;91;4141;
10;1;82;4582;
11;1;181;5131;
12;1;212;5612;
13;1;132;5982;
14;1;95;6395;
15;1;102;6852;
16;1;222;7422;
17;1;115;7765;
18;1;183;8283;
19;1;53;8603;
