****5****
100
414;456;1;2;0;
436;475;1;2;0;
481;461;1;2;0;
459;457;1;2;0;
421;474;1;2;0;
476;427;1;2;0;
463;472;1;2;0;
432;424;1;2;0;
473;471;1;2;0;
452;458;1;2;0;
403;476;1;2;0;
498;463;1;2;0;
422;493;1;2;0;
485;481;1;2;0;
407;437;1;2;0;
443;473;1;2;0;
445;479;1;2;0;
448;479;1;2;0;
493;459;1;2;0;
488;414;1;2;0;
434;464;1;2;0;
493;449;1;2;0;
436;425;1;2;0;
473;409;1;2;0;
496;478;1;2;0;
420;451;1;2;0;
454;418;1;2;0;
415;476;1;2;0;
463;452;1;2;0;
458;470;1;2;0;
489;401;1;2;0;
443;487;1;2;0;
433;444;1;2;0;
466;426;1;2;0;
403;454;1;2;0;
492;489;1;2;0;
470;486;1;2;0;
439;459;1;2;0;
463;464;1;2;0;
420;460;1;2;0;
442;440;1;2;0;
463;497;1;2;0;
410;430;1;2;0;
425;474;1;2;0;
482;435;1;2;0;
496;424;1;2;0;
489;440;1;2;0;
411;422;1;2;0;
436;429;1;2;0;
400;439;1;2;0;
435;444;1;2;6623;
405;482;1;2;2305;
464;446;1;2;8751;
485;458;1;2;3387;
477;421;1;2;843;
488;452;1;2;1824;
462;434;1;2;1846;
458;458;1;2;11145;
450;421;1;2;8343;
486;450;1;2;1554;
478;437;1;2;4523;
459;443;1;2;2033;
431;459;1;2;265;
467;496;1;2;2347;
446;474;1;2;3426;
474;462;1;2;9428;
480;476;1;2;5751;
421;434;1;2;3505;
451;485;1;2;8507;
455;423;1;2;10377;
459;401;1;2;5174;
459;460;1;2;5156;
442;491;1;2;4988;
471;459;1;2;8045;
458;457;1;2;5636;
467;432;1;2;9963;
431;464;1;2;10953;
478;485;1;2;8174;
488;488;1;2;2146;
419;443;1;2;1345;
400;454;1;2;7870;
471;413;1;2;566;
437;408;1;2;4238;
415;479;1;2;10415;
489;438;1;2;677;
437;457;1;2;9619;
499;488;1;2;35;
437;419;1;2;1551;
461;407;1;2;9478;
423;478;1;2;8962;
456;430;1;2;8225;
442;454;1;2;5817;
489;443;1;2;9745;
432;458;1;2;9718;
481;447;1;2;7387;
440;436;1;2;1596;
483;487;1;2;7051;
490;476;1;2;7002;
434;438;1;2;5649;
466;461;1;2;248;
0;1;144;144;
1;1;120;570;
2;1;13;913;
3;1;25;1375;
4;1;187;1987;
5;1;167;2417;
6;1;97;2797;
7;1;104;3254;
8;1;110;3710;
9;1;153;4203;
10;1;161;4661;
11;1;44;4994;
12;1;164;5564;
13;1;144;5994;
14;1;193;6493;
15;1;215;6965;
16;1;212;7412;
17;1;5;7655;
18;1;123;8223;
19;1;220;8770;
