****9****
100
497;436;1;2;0;
426;404;1;2;0;
409;497;1;2;0;
453;459;1;2;0;
403;403;1;2;0;
475;430;1;2;0;
461;434;1;2;0;
486;445;1;2;0;
400;474;1;2;0;
496;452;1;2;0;
495;442;1;2;0;
432;491;1;2;0;
466;431;1;2;0;
422;417;1;2;0;
443;442;1;2;0;
490;440;1;2;0;
430;416;1;2;0;
496;440;1;2;0;
466;401;1;2;0;
451;421;1;2;0;
457;479;1;2;0;
451;470;1;2;0;
465;489;1;2;0;
415;466;1;2;0;
415;463;1;2;0;
418;462;1;2;0;
405;450;1;2;0;
406;471;1;2;0;
433;428;1;2;0;
441;428;1;2;0;
422;431;1;2;0;
420;404;1;2;0;
400;416;1;2;0;
444;466;1;2;0;
470;448;1;2;0;
487;427;1;2;0;
479;490;1;2;0;
497;444;1;2;0;
431;412;1;2;0;
410;447;1;2;0;
476;480;1;2;0;
409;433;1;2;0;
483;467;1;2;0;
457;468;1;2;0;
495;498;1;2;0;
497;469;1;2;0;
481;417;1;2;0;
474;481;1;2;0;
486;470;1;2;0;
447;456;1;2;0;
418;486;1;2;1549;
449;476;1;2;9821;
494;408;1;2;1897;
404;407;1;2;7564;
437;468;1;2;8854;
420;436;1;2;8805;
488;483;1;2;1306;
485;453;1;2;1187;
455;427;1;2;1350;
441;497;1;2;6026;
449;468;1;2;6789;
484;417;1;2;2934;
416;411;1;2;7352;
412;468;1;2;6833;
437;405;1;2;10117;
447;477;1;2;2195;
462;465;1;2;5808;
479;403;1;2;9855;
425;458;1;2;3327;
453;451;1;2;4556;
481;400;1;2;871;
447;484;1;2;7447;
437;452;1;2;1617;
440;464;1;2;4024;
449;453;1;2;1682;
427;400;1;2;7387;
493;414;1;2;10568;
443;493;1;2;2861;
445;471;1;2;7902;
427;476;1;2;10905;
406;457;1;2;1466;
453;456;1;2;10304;
469;494;1;2;7514;
497;486;1;2;967;
445;435;1;2;3504;
498;463;1;2;2174;
480;408;1;2;11058;
428;451;1;2;9657;
430;497;1;2;4435;
443;476;1;2;2715;
406;482;1;2;10525;
422;435;1;2;899;
473;456;1;2;5248;
425;454;1;2;8422;
493;451;1;2;726;
466;402;1;2;9500;
440;482;1;2;9159;
481;462;1;2;10791;
415;493;1;2;2443;
420;488;1;2;9945;
0;1;4;4;
1;1;45;495;
2;1;100;1000;
3;1;220;1570;
4;1;19;1819;
5;1;87;2337;
6;1;18;2718;
7;1;18;3168;
8;1;68;3668;
9;1;113;4163;
10;1;218;4718;
11;1;224;5174;
12;1;68;5468;
13;1;138;5988;
14;1;1;6301;
15;1;135;6885;
16;1;129;7329;
17;1;30;7680;
18;1;42;8142;
19;1;122;8672;
