****4****
100
491;479;1;2;0;
440;410;1;2;0;
471;472;1;2;0;
489;408;1;2;0;
421;491;1;2;0;
431;486;1;2;0;
407;489;1;2;0;
414;404;1;2;0;
460;401;1;2;0;
454;445;1;2;0;
424;426;1;2;0;
490;458;1;2;0;
459;442;1;2;0;
416;485;1;2;0;
421;451;1;2;0;
443;412;1;2;0;
430;435;1;2;0;
423;454;1;2;0;
408;464;1;2;0;
462;429;1;2;0;
456;494;1;2;0;
467;415;1;2;0;
435;433;1;2;0;
471;495;1;2;0;
435;477;1;2;0;
492;411;1;2;0;
403;435;1;2;0;
469;415;1;2;0;
477;485;1;2;0;
452;498;1;2;0;
488;495;1;2;0;
463;418;1;2;0;
483;438;1;2;0;
472;491;1;2;0;
402;487;1;2;0;
472;458;1;2;0;
433;492;1;2;0;
425;468;1;2;0;
425;496;1;2;0;
416;460;1;2;0;
473;460;1;2;0;
471;429;1;2;0;
495;492;1;2;0;
444;472;1;2;0;
477;496;1;2;0;
423;465;1;2;0;
444;486;1;2;0;
436;427;1;2;0;
424;460;1;2;0;
470;426;1;2;0;
499;494;1;2;1792;
432;486;1;2;9497;
453;464;1;2;11006;
421;476;1;2;8354;
481;400;1;2;6128;
477;492;1;2;6003;
401;470;1;2;10126;
424;487;1;2;1709;
462;475;1;2;10187;
486;488;1;2;6389;
465;487;1;2;7229;
454;472;1;2;1250;
416;425;1;2;2624;
427;446;1;2;4548;
412;427;1;2;581;
477;456;1;2;8268;
487;458;1;2;9482;
497;482;1;2;4086;
499;445;1;2;5241;
432;483;1;2;7991;
435;400;1;2;1856;
484;454;1;2;3442;
420;423;1;2;4611;
472;402;1;2;6686;
453;466;1;2;10412;
481;444;1;2;2517;
402;483;1;2;10518;
497;480;1;2;5516;
480;431;1;2;275;
438;463;1;2;832;
436;450;1;2;10148;
473;434;1;2;2233;
431;407;1;2;9783;
417;431;1;2;4078;
450;484;1;2;10695;
462;418;1;2;2011;
482;472;1;2;1253;
409;470;1;2;2018;
422;450;1;2;42;
480;440;1;2;234;
473;428;1;2;9678;
419;401;1;2;7129;
420;484;1;2;11060;
443;454;1;2;7566;
469;404;1;2;6475;
414;418;1;2;3784;
402;400;1;2;7066;
474;461;1;2;9275;
425;483;1;2;9219;
408;463;1;2;888;
0;1;181;181;
1;1;15;465;
2;1;146;1046;
3;1;54;1404;
4;1;34;1834;
5;1;200;2450;
6;1;40;2740;
7;1;104;3254;
8;1;211;3811;
9;1;33;4083;
10;1;173;4673;
11;1;65;5015;
12;1;59;5459;
13;1;119;5969;
14;1;94;6394;
15;1;22;6772;
16;1;208;7408;
17;1;64;7714;
18;1;103;8203;
19;1;163;8713;
