****7****
100
425;402;1;2;0;
483;404;1;2;0;
479;466;1;2;0;
483;409;1;2;0;
461;474;1;2;0;
448;421;1;2;0;
405;455;1;2;0;
476;416;1;2;0;
414;407;1;2;0;
417;442;1;2;0;
446;421;1;2;0;
422;484;1;2;0;
488;437;1;2;0;
475;479;1;2;0;
458;499;1;2;0;
423;435;1;2;0;
453;406;1;2;0;
439;432;1;2;0;
424;475;1;2;0;
493;437;1;2;0;
401;493;1;2;0;
458;407;1;2;0;
448;434;1;2;0;
475;463;1;2;0;
493;492;1;2;0;
457;440;1;2;0;
465;431;1;2;0;
476;405;1;2;0;
420;452;1;2;0;
484;430;1;2;0;
403;407;1;2;0;
465;456;1;2;0;
465;457;1;2;0;
488;489;1;2;0;
432;481;1;2;0;
478;485;1;2;0;
475;436;1;2;0;
492;475;1;2;0;
423;467;1;2;0;
438;468;1;2;0;
411;447;1;2;0;
408;428;1;2;0;
478;485;1;2;0;
433;498;1;2;0;
489;417;1;2;0;
428;492;1;2;0;
476;494;1;2;0;
448;493;1;2;0;
451;436;1;2;0;
434;435;1;2;0;
469;412;1;2;4892;
496;449;1;2;8582;
424;424;1;2;2948;
414;492;1;2;6428;
462;453;1;2;7232;
440;490;1;2;3468;
491;479;1;2;2952;
471;471;1;2;6244;
417;419;1;2;2164;
420;407;1;2;3311;
455;428;1;2;9334;
428;477;1;2;4401;
445;401;1;2;2833;
481;415;1;2;10223;
429;429;1;2;9685;
458;422;1;2;1994;
420;413;1;2;7766;
451;484;1;2;9771;
459;402;1;2;6735;
461;422;1;2;10622;
449;430;1;2;3627;
497;410;1;2;4168;
499;407;1;2;5699;
472;440;1;2;8422;
442;470;1;2;10774;
413;480;1;2;3041;
426;400;1;2;1195;
418;451;1;2;7569;
433;411;1;2;11129;
467;424;1;2;2699;
460;425;1;2;6577;
482;474;1;2;11126;
432;473;1;2;2426;
436;498;1;2;6623;
455;440;1;2;7642;
455;454;1;2;7438;
478;432;1;2;3506;
413;451;1;2;5466;
437;436;1;2;2339;
463;404;1;2;2262;
464;464;1;2;8546;
498;498;1;2;2746;
443;483;1;2;513;
494;419;1;2;5377;
438;426;1;2;4364;
404;481;1;2;7853;
450;459;1;2;6587;
448;425;1;2;3055;
498;462;1;2;7028;
410;426;1;2;2738;
0;1;100;100;
1;1;93;543;
2;1;201;1101;
3;1;63;1413;
4;1;141;1941;
5;1;152;2402;
6;1;103;2803;
7;1;86;3236;
8;1;110;3710;
9;1;142;4192;
10;1;8;4508;
11;1;31;4981;
12;1;203;5603;
13;1;171;6021;
14;1;32;6332;
15;1;130;6880;
16;1;53;7253;
17;1;88;7738;
18;1;13;8113;
19;1;103;8653;
