****6****
100
443;496;1;2;0;
485;420;1;2;0;
440;471;1;2;0;
458;492;1;2;0;
438;471;1;2;0;
473;431;1;2;0;
492;485;1;2;0;
458;455;1;2;0;
403;431;1;2;0;
460;413;1;2;0;
458;445;1;2;0;
433;424;1;2;0;
416;400;1;2;0;
413;427;1;2;0;
456;488;1;2;0;
473;400;1;2;0;
484;410;1;2;0;
420;476;1;2;0;
482;430;1;2;0;
420;472;1;2;0;
453;494;1;2;0;
455;445;1;2;0;
431;413;1;2;0;
400;435;1;2;0;
496;461;1;2;0;
400;455;1;2;0;
458;433;1;2;0;
431;426;1;2;0;
433;444;1;2;0;
405;442;1;2;0;
432;479;1;2;0;
442;468;1;2;0;
441;414;1;2;0;
445;475;1;2;0;
444;417;1;2;0;
447;449;1;2;0;
411;403;1;2;0;
494;495;1;2;0;
468;446;1;2;0;
482;465;1;2;0;
459;482;1;2;0;
472;470;1;2;0;
415;403;1;2;0;
496;448;1;2;0;
499;402;1;2;0;
442;432;1;2;0;
433;484;1;2;0;
452;426;1;2;0;
498;449;1;2;0;
402;494;1;2;0;
467;449;1;2;6773;
430;404;1;2;2539;
425;473;1;2;2080;
459;438;1;2;7216;
441;462;1;2;5304;
456;465;1;2;3567;
457;464;1;2;11043;
499;448;1;2;7653;
436;453;1;2;4697;
434;402;1;2;369;
481;421;1;2;4193;
424;404;1;2;2504;
466;481;1;2;9939;
402;441;1;2;4647;
449;482;1;2;7982;
419;439;1;2;3343;
433;448;1;2;7970;
453;447;1;2;9931;
406;483;1;2;4261;
437;470;1;2;2341;
471;403;1;2;5815;
406;427;1;2;764;
445;445;1;2;7218;
458;447;1;2;189;
412;449;1;2;9808;
477;420;1;2;5019;
458;453;1;2;11155;
456;458;1;2;11009;
403;416;1;2;6166;
402;453;1;2;4760;
408;476;1;2;2761;
436;482;1;2;1665;
415;480;1;2;4010;
428;490;1;2;6600;
482;402;1;2;5399;
471;431;1;2;5712;
498;442;1;2;5828;
474;498;1;2;261;
449;453;1;2;1942;
459;408;1;2;5012;
492;416;1;2;3869;
427;452;1;2;3399;
490;420;1;2;135;
451;400;1;2;4711;
411;483;1;2;9829;
472;406;1;2;7636;
453;404;1;2;6755;
439;478;1;2;4600;
483;479;1;2;5128;
443;439;1;2;7324;
0;1;34;34;
1;1;157;607;
2;1;206;1106;
3;1;28;1378;
4;1;209;2009;
5;1;83;2333;
6;1;57;2757;
7;1;52;3202;
8;1;203;3803;
9;1;213;4263;
10;1;205;4705;
11;1;79;5029;
12;1;12;5412;
13;1;166;6016;
14;1;139;6439;
15;1;165;6915;
16;1;140;7340;
17;1;197;7847;
18;1;224;8324;
19;1;195;8745;
