****8****
100
474;430;1;2;0;
476;499;1;2;0;
423;474;1;2;0;
461;453;1;2;0;
436;439;1;2;0;
439;435;1;2;0;
433;490;1;2;0;
400;426;1;2;0;
443;452;1;2;0;
461;427;1;2;0;
470;443;1;2;0;
482;448;1;2;0;
416;463;1;2;0;
429;493;1;2;0;
477;469;1;2;0;
472;451;1;2;0;
499;400;1;2;0;
450;422;1;2;0;
426;464;1;2;0;
476;463;1;2;0;
403;415;1;2;0;
450;437;1;2;0;
457;450;1;2;0;
463;400;1;2;0;
455;476;1;2;0;
479;477;1;2;0;
420;413;1;2;0;
425;436;1;2;0;
428;407;1;2;0;
481;406;1;2;0;
476;453;1;2;0;
409;427;1;2;0;
454;460;1;2;0;
449;480;1;2;0;
476;477;1;2;0;
443;479;1;2;0;
445;494;1;2;0;
468;402;1;2;0;
496;483;1;2;0;
455;403;1;2;0;
460;434;1;2;0;
481;432;1;2;0;
400;458;1;2;0;
468;428;1;2;0;
465;449;1;2;0;
486;493;1;2;0;
454;496;1;2;0;
472;408;1;2;0;
408;422;1;2;0;
441;484;1;2;0;
451;484;1;2;5423;
496;430;1;2;1561;
451;479;1;2;8418;
458;434;1;2;9376;
444;415;1;2;3089;
444;426;1;2;3697;
425;443;1;2;10343;
411;437;1;2;10519;
459;461;1;2;10807;
467;483;1;2;7673;
403;487;1;2;1425;
419;435;1;2;9940;
455;438;1;2;5517;
474;496;1;2;2120;
458;441;1;2;764;
421;485;1;2;9179;
405;462;1;2;10269;
489;474;1;2;4545;
428;433;1;2;3587;
476;453;1;2;10031;
416;456;1;2;3884;
441;475;1;2;6455;
401;430;1;2;7992;
439;457;1;2;7692;
412;415;1;2;1405;
401;488;1;2;2917;
467;493;1;2;5389;
425;483;1;2;5818;
424;411;1;2;2076;
433;439;1;2;4580;
429;456;1;2;8718;
412;449;1;2;3386;
430;402;1;2;1394;
487;442;1;2;11162;
493;454;1;2;9008;
439;407;1;2;9273;
423;475;1;2;9680;
470;452;1;2;4740;
442;429;1;2;4277;
448;414;1;2;3263;
407;443;1;2;3400;
475;455;1;2;6113;
418;485;1;2;10785;
443;425;1;2;6406;
478;470;1;2;6347;
427;461;1;2;120;
417;485;1;2;8852;
453;407;1;2;9059;
471;449;1;2;5285;
453;498;1;2;7091;
0;1;28;28;
1;1;183;633;
2;1;160;1060;
3;1;207;1557;
4;1;83;1883;
5;1;190;2440;
6;1;111;2811;
7;1;1;3151;
8;1;202;3802;
9;1;70;4120;
10;1;120;4620;
11;1;154;5104;
12;1;97;5497;
13;1;173;6023;
14;1;174;6474;
15;1;204;6954;
16;1;177;7377;
17;1;136;7786;
18;1;196;8296;
19;1;122;8672;
