****15****
100
442;426;1;2;0;
471;415;1;2;0;
412;441;1;2;0;
441;454;1;2;0;
466;427;1;2;0;
442;413;1;2;0;
486;445;1;2;0;
492;495;1;2;0;
430;410;1;2;0;
441;422;1;2;0;
401;419;1;2;0;
475;482;1;2;0;
407;421;1;2;0;
451;476;1;2;0;
438;407;1;2;0;
415;432;1;2;0;
434;438;1;2;0;
499;446;1;2;0;
479;441;1;2;0;
453;498;1;2;0;
420;447;1;2;0;
463;406;1;2;0;
493;456;1;2;0;
453;475;1;2;0;
418;494;1;2;0;
497;420;1;2;0;
466;424;1;2;0;
402;473;1;2;0;
446;454;1;2;0;
449;436;1;2;0;
413;416;1;2;0;
469;447;1;2;0;
454;420;1;2;0;
446;433;1;2;0;
461;451;1;2;0;
483;481;1;2;0;
498;447;1;2;0;
440;443;1;2;0;
403;493;1;2;0;
419;421;1;2;0;
440;468;1;2;0;
441;406;1;2;0;
493;496;1;2;0;
431;491;1;2;0;
450;432;1;2;0;
427;415;1;2;0;
448;448;1;2;0;
415;402;1;2;0;
469;413;1;2;0;
487;482;1;2;0;
464;471;1;2;3739;
414;418;1;2;10586;
458;473;1;2;4210;
429;494;1;2;1830;
497;488;1;2;9511;
442;484;1;2;6455;
433;486;1;2;6702;
413;453;1;2;7183;
461;468;1;2;2239;
430;481;1;2;7096;
413;497;1;2;7411;
429;412;1;2;10776;
485;422;1;2;8851;
486;451;1;2;3958;
428;400;1;2;8680;
475;443;1;2;9975;
454;428;1;2;3292;
416;441;1;2;3277;
427;403;1;2;3794;
439;485;1;2;3793;
439;498;1;2;188;
462;479;1;2;143;
403;416;1;2;10419;
417;455;1;2;9554;
426;483;1;2;5435;
426;458;1;2;10927;
463;464;1;2;1692;
485;433;1;2;6023;
413;460;1;2;4736;
410;499;1;2;7266;
440;491;1;2;9059;
415;453;1;2;7879;
407;457;1;2;3758;
468;426;1;2;6183;
433;404;1;2;6429;
450;431;1;2;8034;
410;446;1;2;6204;
450;483;1;2;3057;
432;497;1;2;5082;
469;459;1;2;3962;
492;499;1;2;6794;
417;466;1;2;9738;
421;473;1;2;7040;
442;494;1;2;7551;
470;479;1;2;9953;
481;429;1;2;423;
403;439;1;2;883;
441;489;1;2;3374;
412;474;1;2;5896;
443;443;1;2;6270;
0;1;103;103;
1;1;188;638;
2;1;91;991;
3;1;204;1554;
4;1;155;1955;
5;1;83;2333;
6;1;110;2810;
7;1;127;3277;
8;1;83;3683;
9;1;25;4075;
10;1;96;4596;
11;1;177;5127;
12;1;43;5443;
13;1;167;6017;
14;1;181;6481;
15;1;89;6839;
16;1;148;7348;
17;1;62;7712;
18;1;191;8291;
19;1;178;8728;
