****16****
100
475;465;1;2;0;
468;417;1;2;0;
449;480;1;2;0;
491;481;1;2;0;
475;434;1;2;0;
473;453;1;2;0;
474;463;1;2;0;
408;430;1;2;0;
420;494;1;2;0;
456;455;1;2;0;
420;429;1;2;0;
431;412;1;2;0;
420;439;1;2;0;
476;444;1;2;0;
475;493;1;2;0;
472;403;1;2;0;
411;440;1;2;0;
420;460;1;2;0;
421;463;1;2;0;
493;448;1;2;0;
449;466;1;2;0;
401;423;1;2;0;
430;409;1;2;0;
454;402;1;2;0;
455;462;1;2;0;
457;475;1;2;0;
491;489;1;2;0;
488;411;1;2;0;
480;464;1;2;0;
408;455;1;2;0;
457;480;1;2;0;
410;468;1;2;0;
472;430;1;2;0;
480;493;1;2;0;
445;474;1;2;0;
442;495;1;2;0;
440;495;1;2;0;
418;470;1;2;0;
457;424;1;2;0;
425;412;1;2;0;
487;482;1;2;0;
488;478;1;2;0;
423;428;1;2;0;
442;403;1;2;0;
492;402;1;2;0;
411;401;1;2;0;
482;421;1;2;0;
422;454;1;2;0;
404;402;1;2;0;
400;449;1;2;0;
428;494;1;2;4775;
421;441;1;2;4396;
443;498;1;2;8154;
468;463;1;2;7627;
451;403;1;2;10435;
474;431;1;2;4865;
430;475;1;2;3711;
441;476;1;2;4051;
414;498;1;2;6292;
418;453;1;2;1826;
420;433;1;2;906;
416;454;1;2;10733;
431;498;1;2;2000;
423;466;1;2;1580;
453;469;1;2;10143;
462;444;1;2;4981;
465;474;1;2;5563;
470;467;1;2;5892;
457;481;1;2;3028;
451;452;1;2;3993;
496;424;1;2;11196;
488;440;1;2;8442;
469;424;1;2;2042;
400;499;1;2;7527;
495;452;1;2;2666;
444;415;1;2;6563;
473;432;1;2;520;
428;403;1;2;1054;
460;460;1;2;5620;
443;463;1;2;2772;
430;412;1;2;3103;
499;400;1;2;832;
427;469;1;2;356;
400;421;1;2;4551;
492;468;1;2;9794;
406;413;1;2;4017;
463;486;1;2;9309;
447;414;1;2;1602;
497;427;1;2;2171;
433;470;1;2;6056;
421;400;1;2;3834;
485;452;1;2;8357;
442;479;1;2;1883;
474;431;1;2;3637;
458;476;1;2;9920;
494;434;1;2;3097;
497;497;1;2;9956;
484;444;1;2;8976;
423;494;1;2;6048;
426;479;1;2;9479;
0;1;218;218;
1;1;154;604;
2;1;111;1011;
3;1;224;1574;
4;1;91;1891;
5;1;90;2340;
6;1;181;2881;
7;1;160;3310;
8;1;46;3646;
9;1;8;4058;
10;1;210;4710;
11;1;5;4955;
12;1;58;5458;
13;1;45;5895;
14;1;83;6383;
15;1;101;6851;
16;1;64;7264;
17;1;117;7767;
18;1;8;8108;
19;1;13;8563;
