****2****
100
494;414;1;2;0;
450;400;1;2;0;
440;422;1;2;0;
429;409;1;2;0;
492;456;1;2;0;
487;475;1;2;0;
431;457;1;2;0;
460;484;1;2;0;
409;460;1;2;0;
447;442;1;2;0;
409;472;1;2;0;
407;418;1;2;0;
424;469;1;2;0;
402;469;1;2;0;
483;456;1;2;0;
484;429;1;2;0;
422;434;1;2;0;
482;462;1;2;0;
456;463;1;2;0;
471;401;1;2;0;
471;411;1;2;0;
476;402;1;2;0;
468;489;1;2;0;
487;478;1;2;0;
401;486;1;2;0;
472;411;1;2;0;
410;480;1;2;0;
481;434;1;2;0;
401;483;1;2;0;
455;436;1;2;0;
491;439;1;2;0;
465;466;1;2;0;
425;499;1;2;0;
428;482;1;2;0;
462;452;1;2;0;
435;433;1;2;0;
415;411;1;2;0;
488;435;1;2;0;
400;427;1;2;0;
413;454;1;2;0;
465;438;1;2;0;
417;475;1;2;0;
470;498;1;2;0;
461;471;1;2;0;
433;468;1;2;0;
407;477;1;2;0;
459;424;1;2;0;
443;484;1;2;0;
476;423;1;2;0;
418;438;1;2;0;
475;453;1;2;10142;
490;417;1;2;10127;
426;469;1;2;5906;
491;423;1;2;10216;
481;440;1;2;4681;
451;490;1;2;4773;
474;424;1;2;10956;
433;401;1;2;7764;
410;444;1;2;10015;
486;419;1;2;5464;
424;495;1;2;5038;
448;437;1;2;5859;
412;415;1;2;5767;
451;459;1;2;5195;
407;440;1;2;2599;
490;444;1;2;6073;
434;418;1;2;7550;
498;404;1;2;10411;
469;414;1;2;5131;
477;400;1;2;6715;
403;476;1;2;8347;
434;425;1;2;11117;
431;437;1;2;2713;
497;441;1;2;7300;
438;400;1;2;814;
420;443;1;2;8931;
493;429;1;2;11089;
441;428;1;2;6085;
443;449;1;2;8479;
488;478;1;2;10527;
453;481;1;2;5308;
417;416;1;2;2965;
467;499;1;2;3069;
436;448;1;2;274;
412;438;1;2;10769;
480;459;1;2;5483;
493;404;1;2;6413;
428;497;1;2;7985;
415;440;1;2;739;
468;429;1;2;6638;
421;434;1;2;8642;
450;452;1;2;5818;
457;471;1;2;10693;
453;407;1;2;5837;
442;471;1;2;8392;
431;403;1;2;9705;
416;448;1;2;4599;
478;476;1;2;624;
420;443;1;2;8888;
463;411;1;2;6046;
0;1;34;34;
1;1;160;610;
2;1;205;1105;
3;1;88;1438;
4;1;163;1963;
5;1;184;2434;
6;1;9;2709;
7;1;170;3320;
8;1;32;3632;
9;1;107;4157;
10;1;173;4673;
11;1;41;4991;
12;1;200;5600;
13;1;117;5967;
14;1;162;6462;
15;1;109;6859;
16;1;173;7373;
17;1;218;7868;
18;1;204;8304;
19;1;91;8641;
