****10****
100
486;456;1;2;0;
452;401;1;2;0;
450;467;1;2;0;
446;441;1;2;0;
439;434;1;2;0;
460;492;1;2;0;
480;409;1;2;0;
437;449;1;2;0;
497;481;1;2;0;
443;442;1;2;0;
470;410;1;2;0;
440;487;1;2;0;
474;442;1;2;0;
423;404;1;2;0;
446;441;1;2;0;
475;485;1;2;0;
450;479;1;2;0;
438;400;1;2;0;
446;484;1;2;0;
494;437;1;2;0;
418;454;1;2;0;
430;450;1;2;0;
416;419;1;2;0;
499;413;1;2;0;
452;442;1;2;0;
455;422;1;2;0;
404;448;1;2;0;
462;430;1;2;0;
442;437;1;2;0;
487;489;1;2;0;
479;462;1;2;0;
426;481;1;2;0;
494;464;1;2;0;
481;492;1;2;0;
400;475;1;2;0;
430;470;1;2;0;
482;412;1;2;0;
420;498;1;2;0;
483;420;1;2;0;
463;435;1;2;0;
414;471;1;2;0;
409;471;1;2;0;
419;471;1;2;0;
401;461;1;2;0;
461;440;1;2;0;
402;492;1;2;0;
403;480;1;2;0;
473;449;1;2;0;
496;454;1;2;0;
441;496;1;2;0;
482;471;1;2;8919;
464;435;1;2;6859;
414;418;1;2;9788;
477;453;1;2;5542;
448;415;1;2;1659;
467;438;1;2;6989;
481;499;1;2;8752;
435;491;1;2;4837;
416;416;1;2;6729;
412;423;1;2;2514;
461;405;1;2;6958;
427;421;1;2;4580;
466;435;1;2;8384;
425;464;1;2;7691;
451;413;1;2;5239;
499;432;1;2;7853;
401;465;1;2;5890;
444;401;1;2;7183;
441;469;1;2;2790;
488;481;1;2;10330;
476;494;1;2;7265;
487;422;1;2;3853;
434;440;1;2;2416;
452;466;1;2;10587;
475;469;1;2;7128;
413;420;1;2;7594;
489;422;1;2;2855;
465;466;1;2;11089;
485;459;1;2;8773;
473;447;1;2;5258;
484;423;1;2;1616;
452;463;1;2;1490;
493;449;1;2;488;
469;401;1;2;3119;
461;428;1;2;8953;
467;441;1;2;3815;
457;431;1;2;5251;
412;496;1;2;6179;
421;433;1;2;186;
498;458;1;2;11224;
457;442;1;2;2778;
463;446;1;2;9585;
442;439;1;2;8445;
462;408;1;2;2466;
448;422;1;2;10588;
455;441;1;2;10272;
483;450;1;2;4092;
484;462;1;2;3911;
452;435;1;2;5663;
431;434;1;2;885;
0;1;158;158;
1;1;69;519;
2;1;30;930;
3;1;183;1533;
4;1;82;1882;
5;1;76;2326;
6;1;21;2721;
7;1;102;3252;
8;1;43;3643;
9;1;11;4061;
10;1;164;4664;
11;1;101;5051;
12;1;127;5527;
13;1;115;5965;
14;1;100;6400;
15;1;21;6771;
16;1;145;7345;
17;1;216;7866;
18;1;209;8309;
19;1;130;8680;
