****11****
100
415;402;1;2;0;
439;430;1;2;0;
420;443;1;2;0;
465;471;1;2;0;
474;451;1;2;0;
432;483;1;2;0;
495;488;1;2;0;
491;453;1;2;0;
491;463;1;2;0;
406;433;1;2;0;
498;470;1;2;0;
435;401;1;2;0;
434;460;1;2;0;
449;405;1;2;0;
425;482;1;2;0;
460;493;1;2;0;
485;499;1;2;0;
423;405;1;2;0;
494;440;1;2;0;
428;468;1;2;0;
492;412;1;2;0;
451;439;1;2;0;
401;494;1;2;0;
444;492;1;2;0;
410;451;1;2;0;
477;408;1;2;0;
421;412;1;2;0;
462;407;1;2;0;
472;411;1;2;0;
464;450;1;2;0;
445;424;1;2;0;
443;430;1;2;0;
475;418;1;2;0;
487;469;1;2;0;
458;467;1;2;0;
489;402;1;2;0;
480;493;1;2;0;
493;433;1;2;0;
487;438;1;2;0;
425;497;1;2;0;
489;454;1;2;0;
458;462;1;2;0;
466;472;1;2;0;
421;439;1;2;0;
483;485;1;2;0;
489;428;1;2;0;
462;484;1;2;0;
411;437;1;2;0;
402;450;1;2;0;
459;412;1;2;0;
418;448;1;2;9245;
450;441;1;2;6849;
483;481;1;2;1268;
460;478;1;2;8239;
414;488;1;2;9128;
480;460;1;2;8543;
419;443;1;2;7700;
460;424;1;2;6602;
496;487;1;2;9671;
498;437;1;2;7692;
463;407;1;2;4945;
430;457;1;2;7281;
442;440;1;2;9788;
493;400;1;2;1809;
436;414;1;2;4997;
442;495;1;2;7999;
468;466;1;2;4222;
432;479;1;2;4330;
458;475;1;2;1148;
474;426;1;2;9185;
448;441;1;2;8837;
471;423;1;2;4407;
488;465;1;2;2156;
485;410;1;2;3646;
413;447;1;2;8661;
430;489;1;2;11046;
407;409;1;2;10482;
479;494;1;2;941;
428;404;1;2;8084;
415;478;1;2;145;
488;479;1;2;8624;
421;402;1;2;3040;
411;490;1;2;7467;
441;428;1;2;1365;
472;441;1;2;3531;
470;423;1;2;1286;
414;430;1;2;8452;
425;462;1;2;4948;
467;442;1;2;8627;
437;457;1;2;1382;
484;446;1;2;2155;
473;419;1;2;10613;
484;482;1;2;6259;
413;423;1;2;10131;
453;448;1;2;2231;
491;470;1;2;10060;
419;484;1;2;2584;
456;462;1;2;556;
439;429;1;2;9001;
474;418;1;2;1288;
0;1;66;66;
1;1;129;579;
2;1;5;905;
3;1;36;1386;
4;1;102;1902;
5;1;99;2349;
6;1;61;2761;
7;1;88;3238;
8;1;56;3656;
9;1;101;4151;
10;1;29;4529;
11;1;106;5056;
12;1;96;5496;
13;1;134;5984;
14;1;131;6431;
15;1;59;6809;
16;1;225;7425;
17;1;126;7776;
18;1;221;8321;
19;1;221;8771;
