****1****
100
472;475;1;2;0;
438;435;1;2;0;
497;462;1;2;0;
483;486;1;2;0;
464;414;1;2;0;
435;479;1;2;0;
491;407;1;2;0;
410;457;1;2;0;
418;408;1;2;0;
493;445;1;2;0;
423;476;1;2;0;
427;461;1;2;0;
407;497;1;2;0;
412;403;1;2;0;
486;471;1;2;0;
457;410;1;2;0;
498;448;1;2;0;
497;495;1;2;0;
462;480;1;2;0;
482;478;1;2;0;
446;469;1;2;0;
409;438;1;2;0;
476;472;1;2;0;
447;494;1;2;0;
480;440;1;2;0;
440;455;1;2;0;
417;419;1;2;0;
416;424;1;2;0;
468;480;1;2;0;
480;406;1;2;0;
451;489;1;2;0;
416;449;1;2;0;
437;414;1;2;0;
497;452;1;2;0;
446;479;1;2;0;
430;445;1;2;0;
400;440;1;2;0;
435;476;1;2;0;
412;482;1;2;0;
470;492;1;2;0;
423;462;1;2;0;
499;440;1;2;0;
482;467;1;2;0;
416;402;1;2;0;
447;496;1;2;0;
409;450;1;2;0;
438;425;1;2;0;
451;427;1;2;0;
491;448;1;2;0;
479;438;1;2;0;
479;410;1;2;3873;
479;402;1;2;9717;
455;414;1;2;8448;
478;458;1;2;1671;
440;409;1;2;5000;
474;476;1;2;7382;
477;423;1;2;5000;
486;425;1;2;7416;
463;476;1;2;10843;
407;425;1;2;2251;
497;456;1;2;6073;
432;436;1;2;10346;
402;443;1;2;3852;
406;421;1;2;8258;
434;414;1;2;6437;
401;488;1;2;3328;
437;417;1;2;1890;
422;455;1;2;10443;
496;471;1;2;4856;
446;478;1;2;2794;
428;475;1;2;700;
471;407;1;2;11164;
417;461;1;2;2270;
428;467;1;2;5622;
402;401;1;2;3441;
432;455;1;2;1109;
491;492;1;2;9782;
472;466;1;2;11135;
431;463;1;2;1047;
466;461;1;2;2741;
426;489;1;2;4424;
494;413;1;2;3996;
499;430;1;2;11174;
447;410;1;2;6626;
468;412;1;2;3971;
452;497;1;2;2235;
428;488;1;2;3522;
421;412;1;2;6861;
422;443;1;2;9111;
446;409;1;2;3891;
448;487;1;2;10678;
425;482;1;2;1791;
461;481;1;2;4801;
458;428;1;2;1058;
475;496;1;2;10073;
493;400;1;2;4529;
418;480;1;2;10952;
435;454;1;2;2757;
471;428;1;2;7613;
470;475;1;2;8567;
0;1;182;182;
1;1;199;649;
2;1;194;1094;
3;1;161;1511;
4;1;177;1977;
5;1;101;2351;
6;1;51;2751;
7;1;188;3338;
8;1;134;3734;
9;1;48;4098;
10;1;99;4599;
11;1;114;5064;
12;1;109;5509;
13;1;26;5876;
14;1;212;6512;
15;1;33;6783;
16;1;221;7421;
17;1;65;7715;
18;1;104;8204;
19;1;214;8764;
