****13****
100
440;472;1;2;0;
427;490;1;2;0;
452;440;1;2;0;
434;438;1;2;0;
493;475;1;2;0;
411;459;1;2;0;
442;493;1;2;0;
474;423;1;2;0;
466;440;1;2;0;
437;438;1;2;0;
445;432;1;2;0;
438;444;1;2;0;
406;452;1;2;0;
449;463;1;2;0;
400;497;1;2;0;
408;440;1;2;0;
421;436;1;2;0;
483;473;1;2;0;
476;417;1;2;0;
464;422;1;2;0;
493;427;1;2;0;
481;487;1;2;0;
472;455;1;2;0;
462;490;1;2;0;
448;499;1;2;0;
428;493;1;2;0;
483;419;1;2;0;
489;441;1;2;0;
471;491;1;2;0;
404;472;1;2;0;
440;412;1;2;0;
464;462;1;2;0;
400;447;1;2;0;
487;477;1;2;0;
465;451;1;2;0;
451;410;1;2;0;
430;432;1;2;0;
449;402;1;2;0;
439;411;1;2;0;
492;439;1;2;0;
462;473;1;2;0;
484;445;1;2;0;
492;426;1;2;0;
486;415;1;2;0;
417;442;1;2;0;
439;457;1;2;0;
406;404;1;2;0;
471;407;1;2;0;
451;459;1;2;0;
436;468;1;2;0;
462;487;1;2;10236;
493;471;1;2;4455;
495;410;1;2;10989;
488;402;1;2;3852;
413;486;1;2;7265;
405;412;1;2;8212;
420;429;1;2;6594;
460;439;1;2;11061;
416;462;1;2;874;
467;473;1;2;2945;
488;436;1;2;10487;
470;429;1;2;10221;
402;476;1;2;1895;
444;416;1;2;5920;
453;429;1;2;3805;
406;486;1;2;8292;
498;407;1;2;11045;
483;419;1;2;5846;
475;435;1;2;8029;
426;454;1;2;4618;
465;442;1;2;5064;
491;413;1;2;3124;
440;467;1;2;6818;
400;463;1;2;10103;
413;416;1;2;9373;
413;423;1;2;7280;
478;473;1;2;9291;
472;456;1;2;6359;
409;484;1;2;4889;
456;462;1;2;7550;
429;428;1;2;556;
438;419;1;2;6088;
428;460;1;2;6100;
447;412;1;2;5608;
482;477;1;2;3188;
498;443;1;2;826;
401;421;1;2;762;
411;445;1;2;10285;
492;454;1;2;6704;
408;462;1;2;2144;
479;492;1;2;5522;
444;482;1;2;10796;
474;411;1;2;5686;
471;410;1;2;9311;
431;492;1;2;5090;
460;442;1;2;8773;
412;444;1;2;178;
489;407;1;2;1601;
475;452;1;2;8332;
444;412;1;2;5898;
0;1;154;154;
1;1;67;517;
2;1;111;1011;
3;1;39;1389;
4;1;213;2013;
5;1;71;2321;
6;1;198;2898;
7;1;189;3339;
8;1;107;3707;
9;1;41;4091;
10;1;37;4537;
11;1;219;5169;
12;1;149;5549;
13;1;196;6046;
14;1;86;6386;
15;1;136;6886;
16;1;106;7306;
17;1;5;7655;
18;1;191;8291;
19;1;121;8671;
