****7****
100
71;327;1;2;0;
226;196;1;2;0;
210;447;1;2;0;
43;529;1;2;0;
277;395;1;2;0;
223;309;1;2;0;
294;945;1;2;0;
176;708;1;2;0;
487;19;1;2;0;
932;855;1;2;0;
109;443;1;2;0;
487;113;1;2;0;
872;269;1;2;0;
946;37;1;2;0;
291;64;1;2;0;
178;713;1;2;0;
390;403;1;2;0;
908;952;1;2;0;
849;950;1;2;0;
480;126;1;2;0;
697;54;1;2;0;
786;342;1;2;0;
999;313;1;2;0;
49;837;1;2;0;
683;981;1;2;0;
43;792;1;2;0;
423;529;1;2;0;
256;646;1;2;0;
150;201;1;2;0;
35;440;1;2;0;
616;212;1;2;0;
152;6;1;2;0;
615;60;1;2;0;
309;815;1;2;0;
361;140;1;2;0;
292;57;1;2;0;
193;429;1;2;0;
398;543;1;2;0;
742;447;1;2;0;
731;424;1;2;0;
779;774;1;2;0;
567;553;1;2;0;
654;822;1;2;0;
550;803;1;2;0;
375;584;1;2;0;
242;990;1;2;0;
796;746;1;2;0;
347;762;1;2;0;
157;7;1;2;0;
928;517;1;2;0;
498;220;1;2;24420;
43;1000;1;2;10840;
585;741;1;2;10884;
668;517;1;2;4192;
793;83;1;2;21830;
446;257;1;2;6311;
601;983;1;2;16636;
194;324;1;2;16949;
939;23;1;2;9737;
95;29;1;2;11668;
964;879;1;2;15031;
889;921;1;2;5654;
211;857;1;2;7063;
332;524;1;2;3944;
582;316;1;2;2345;
385;114;1;2;18634;
737;714;1;2;17839;
24;259;1;2;1248;
459;198;1;2;12650;
6;644;1;2;1144;
481;607;1;2;23249;
175;495;1;2;11474;
221;58;1;2;23019;
359;389;1;2;7177;
13;322;1;2;3552;
101;706;1;2;8511;
798;794;1;2;9788;
828;170;1;2;14992;
182;980;1;2;445;
558;985;1;2;13193;
667;466;1;2;7475;
301;992;1;2;7713;
208;212;1;2;24746;
971;922;1;2;21705;
609;934;1;2;2782;
563;387;1;2;17058;
982;184;1;2;20840;
466;11;1;2;5765;
857;545;1;2;18279;
148;102;1;2;20366;
731;120;1;2;21445;
625;773;1;2;16042;
365;980;1;2;12061;
162;302;1;2;16563;
347;910;1;2;8493;
205;473;1;2;19692;
769;806;1;2;14297;
479;272;1;2;16891;
709;128;1;2;1474;
919;275;1;2;7945;
0;1;113;458;
1;1;322;472;
2;1;334;494;
3;1;274;498;
4;1;73;488;
5;1;211;476;
6;1;124;457;
7;1;136;495;
8;1;261;460;
9;1;352;482;
10;1;265;494;
11;1;212;486;
12;1;398;472;
13;1;15;497;
14;1;42;492;
15;1;349;454;
16;1;351;470;
17;1;277;486;
18;1;264;451;
19;1;85;488;
