****1****
100
417;292;1;2;0;
671;21;1;2;0;
419;73;1;2;0;
463;695;1;2;0;
446;194;1;2;0;
702;984;1;2;0;
489;714;1;2;0;
952;306;1;2;0;
880;90;1;2;0;
83;787;1;2;0;
830;461;1;2;0;
563;911;1;2;0;
217;359;1;2;0;
514;498;1;2;0;
641;65;1;2;0;
791;57;1;2;0;
709;461;1;2;0;
430;127;1;2;0;
534;892;1;2;0;
173;331;1;2;0;
437;875;1;2;0;
314;926;1;2;0;
588;618;1;2;0;
583;467;1;2;0;
59;17;1;2;0;
606;241;1;2;0;
478;168;1;2;0;
151;46;1;2;0;
878;16;1;2;0;
543;518;1;2;0;
81;333;1;2;0;
926;789;1;2;0;
146;355;1;2;0;
267;679;1;2;0;
598;440;1;2;0;
361;35;1;2;0;
666;26;1;2;0;
312;253;1;2;0;
643;894;1;2;0;
71;54;1;2;0;
262;676;1;2;0;
294;91;1;2;0;
195;444;1;2;0;
136;424;1;2;0;
812;31;1;2;0;
941;892;1;2;0;
715;219;1;2;0;
32;860;1;2;0;
573;650;1;2;0;
890;171;1;2;0;
89;250;1;2;8366;
754;628;1;2;4328;
358;622;1;2;6769;
781;675;1;2;21603;
808;968;1;2;7425;
3;764;1;2;16717;
426;575;1;2;15198;
719;818;1;2;14226;
937;201;1;2;21213;
861;850;1;2;3496;
383;291;1;2;15513;
939;396;1;2;4201;
806;106;1;2;24732;
918;886;1;2;23028;
292;693;1;2;10986;
756;47;1;2;13787;
355;825;1;2;17583;
337;895;1;2;2600;
33;183;1;2;4320;
588;43;1;2;16017;
385;426;1;2;3231;
432;364;1;2;21658;
457;522;1;2;17334;
752;439;1;2;11416;
426;730;1;2;2191;
67;485;1;2;4162;
471;192;1;2;13146;
153;528;1;2;14212;
652;560;1;2;24539;
703;499;1;2;17262;
251;884;1;2;24285;
442;315;1;2;3972;
28;771;1;2;10652;
71;875;1;2;5588;
647;300;1;2;8137;
619;366;1;2;2969;
286;188;1;2;9051;
481;692;1;2;18828;
218;695;1;2;21525;
137;397;1;2;13355;
451;647;1;2;2309;
541;440;1;2;24406;
347;819;1;2;15588;
674;889;1;2;588;
440;887;1;2;2434;
935;506;1;2;7111;
266;143;1;2;5653;
789;624;1;2;15643;
190;841;1;2;16928;
151;330;1;2;16076;
0;1;462;482;
1;1;44;456;
2;1;24;485;
3;1;16;471;
4;1;154;498;
5;1;44;494;
6;1;355;485;
7;1;281;464;
8;1;269;486;
9;1;291;487;
10;1;280;454;
11;1;27;453;
12;1;361;466;
13;1;96;461;
14;1;366;477;
15;1;258;477;
16;1;408;453;
17;1;334;483;
18;1;487;499;
19;1;153;492;
