****8****
100
44;5;1;2;0;
37;66;1;2;0;
14;76;1;2;0;
22;55;1;2;0;
98;61;1;2;0;
78;36;1;2;0;
88;17;1;2;0;
56;98;1;2;0;
45;3;1;2;0;
91;32;1;2;0;
77;88;1;2;0;
34;7;1;2;0;
19;66;1;2;0;
97;21;1;2;0;
67;54;1;2;0;
41;62;1;2;0;
58;77;1;2;0;
79;72;1;2;0;
5;100;1;2;0;
26;54;1;2;0;
12;3;1;2;0;
90;52;1;2;0;
71;45;1;2;0;
49;67;1;2;0;
99;91;1;2;0;
99;27;1;2;0;
79;32;1;2;0;
34;49;1;2;0;
97;82;1;2;0;
70;15;1;2;0;
35;10;1;2;0;
76;45;1;2;0;
39;55;1;2;0;
68;95;1;2;0;
6;93;1;2;0;
48;18;1;2;0;
47;89;1;2;0;
69;69;1;2;0;
33;69;1;2;0;
35;31;1;2;0;
60;33;1;2;0;
10;90;1;2;0;
17;95;1;2;0;
38;65;1;2;0;
76;59;1;2;0;
80;10;1;2;0;
69;7;1;2;0;
6;59;1;2;0;
61;73;1;2;0;
53;19;1;2;0;
17;52;1;2;747;
63;41;1;2;288;
31;25;1;2;1774;
66;8;1;2;377;
50;17;1;2;1010;
66;11;1;2;1106;
31;86;1;2;2255;
62;47;1;2;393;
68;53;1;2;2105;
81;77;1;2;1722;
99;94;1;2;656;
86;56;1;2;1280;
93;39;1;2;1830;
68;56;1;2;2333;
7;5;1;2;1712;
82;23;1;2;623;
99;5;1;2;643;
23;66;1;2;1592;
18;33;1;2;1819;
20;65;1;2;983;
77;15;1;2;7;
86;100;1;2;1873;
87;44;1;2;137;
61;12;1;2;436;
93;70;1;2;1500;
42;51;1;2;648;
100;50;1;2;1162;
96;24;1;2;125;
90;41;1;2;1675;
36;12;1;2;1967;
10;41;1;2;1638;
26;26;1;2;1435;
49;65;1;2;1648;
62;77;1;2;1551;
30;69;1;2;1522;
2;62;1;2;72;
49;62;1;2;809;
99;9;1;2;986;
67;98;1;2;1001;
67;85;1;2;455;
83;94;1;2;1076;
62;19;1;2;1019;
45;19;1;2;1563;
19;32;1;2;2040;
8;61;1;2;2284;
14;15;1;2;1508;
74;15;1;2;336;
84;65;1;2;1915;
16;31;1;2;332;
41;49;1;2;2412;
0;1;530;371;
1;1;524;293;
2;1;545;244;
3;1;512;512;
4;1;513;602;
5;1;559;550;
6;1;528;825;
7;1;557;767;
8;1;531;981;
9;1;571;1024;
10;1;537;1095;
11;1;588;1197;
12;1;561;1406;
13;1;584;1582;
14;1;548;1500;
15;1;589;1585;
16;1;564;2023;
17;1;586;2265;
18;1;558;2057;
19;1;549;2388;
20;1;531;2451;
21;1;571;2667;
22;1;525;2526;
23;1;553;2446;
24;1;550;2774;
25;1;511;2687;
26;1;538;2673;
27;1;591;2964;
28;1;557;3353;
29;1;556;3439;
30;1;507;3077;
31;1;532;3601;
32;1;511;3589;
33;1;581;3746;
34;1;566;3552;
35;1;595;3838;
36;1;592;3936;
37;1;507;4034;
38;1;591;3800;
39;1;574;3973;
40;1;537;4344;
41;1;582;4541;
42;1;538;4717;
43;1;571;4833;
44;1;546;4847;
45;1;549;4783;
46;1;525;5006;
47;1;577;4841;
48;1;501;5219;
49;1;507;4924;
