****6****
100
74;68;1;2;0;
31;1;1;2;0;
90;20;1;2;0;
61;37;1;2;0;
80;9;1;2;0;
12;31;1;2;0;
32;64;1;2;0;
91;12;1;2;0;
69;74;1;2;0;
6;38;1;2;0;
76;40;1;2;0;
58;79;1;2;0;
22;32;1;2;0;
34;81;1;2;0;
37;19;1;2;0;
56;10;1;2;0;
86;38;1;2;0;
63;27;1;2;0;
9;23;1;2;0;
15;41;1;2;0;
83;27;1;2;0;
23;14;1;2;0;
90;13;1;2;0;
78;58;1;2;0;
87;35;1;2;0;
47;14;1;2;0;
74;4;1;2;0;
92;95;1;2;0;
88;77;1;2;0;
27;24;1;2;0;
95;34;1;2;0;
86;32;1;2;0;
23;100;1;2;0;
10;83;1;2;0;
22;24;1;2;0;
75;56;1;2;0;
2;97;1;2;0;
69;43;1;2;0;
10;98;1;2;0;
52;48;1;2;0;
32;98;1;2;0;
61;5;1;2;0;
54;4;1;2;0;
51;41;1;2;0;
32;29;1;2;0;
16;78;1;2;0;
62;1;1;2;0;
61;84;1;2;0;
100;70;1;2;0;
19;73;1;2;0;
45;93;1;2;1254;
47;90;1;2;274;
41;51;1;2;2094;
93;50;1;2;2356;
90;62;1;2;2213;
95;17;1;2;1518;
35;100;1;2;2231;
51;77;1;2;2352;
3;37;1;2;817;
55;58;1;2;333;
79;2;1;2;1219;
59;100;1;2;31;
59;41;1;2;483;
56;33;1;2;2446;
37;74;1;2;1704;
23;69;1;2;1453;
11;55;1;2;1084;
79;57;1;2;450;
57;60;1;2;1217;
23;66;1;2;1823;
6;96;1;2;337;
34;54;1;2;871;
51;12;1;2;224;
22;20;1;2;682;
42;56;1;2;2458;
75;30;1;2;1664;
76;40;1;2;70;
76;71;1;2;461;
4;27;1;2;922;
68;1;1;2;212;
41;7;1;2;1578;
16;40;1;2;1273;
90;43;1;2;2074;
4;64;1;2;1072;
2;58;1;2;625;
73;84;1;2;449;
65;60;1;2;2060;
63;87;1;2;188;
65;43;1;2;2189;
79;10;1;2;1376;
9;3;1;2;587;
35;18;1;2;1041;
67;7;1;2;267;
10;10;1;2;1253;
72;63;1;2;1442;
41;35;1;2;39;
88;51;1;2;999;
79;13;1;2;404;
39;30;1;2;1206;
78;60;1;2;2123;
0;1;566;97;
1;1;591;332;
2;1;555;452;
3;1;600;720;
4;1;566;404;
5;1;530;626;
6;1;578;864;
7;1;589;1114;
8;1;593;977;
9;1;568;1216;
10;1;578;1421;
11;1;511;1357;
12;1;599;1687;
13;1;571;1611;
14;1;579;1493;
15;1;565;1785;
16;1;550;1754;
17;1;558;2189;
18;1;514;1917;
19;1;576;2370;
20;1;592;2384;
21;1;557;2376;
22;1;561;2286;
23;1;502;2338;
24;1;572;2588;
25;1;585;2700;
26;1;535;3031;
27;1;542;2784;
28;1;548;3244;
29;1;561;3060;
30;1;594;3157;
31;1;573;3171;
32;1;532;3549;
33;1;550;3645;
34;1;591;3751;
35;1;576;3814;
36;1;585;3649;
37;1;503;4039;
38;1;581;4031;
39;1;598;4089;
40;1;525;4208;
41;1;504;4170;
42;1;581;4230;
43;1;543;4655;
44;1;510;4624;
45;1;557;5004;
46;1;580;5008;
47;1;550;4711;
48;1;510;5170;
49;1;509;5052;
