****12****
100
31;40;1;2;0;
18;40;1;2;0;
99;24;1;2;0;
29;91;1;2;0;
9;83;1;2;0;
88;88;1;2;0;
56;46;1;2;0;
60;56;1;2;0;
2;6;1;2;0;
73;30;1;2;0;
97;29;1;2;0;
12;48;1;2;0;
99;46;1;2;0;
86;14;1;2;0;
75;34;1;2;0;
57;5;1;2;0;
26;74;1;2;0;
97;24;1;2;0;
50;25;1;2;0;
66;58;1;2;0;
60;53;1;2;0;
97;67;1;2;0;
51;8;1;2;0;
75;4;1;2;0;
65;99;1;2;0;
34;61;1;2;0;
27;97;1;2;0;
8;26;1;2;0;
42;45;1;2;0;
39;16;1;2;0;
30;47;1;2;0;
73;55;1;2;0;
72;69;1;2;0;
78;73;1;2;0;
45;96;1;2;0;
30;56;1;2;0;
48;78;1;2;0;
23;50;1;2;0;
85;97;1;2;0;
54;49;1;2;0;
95;39;1;2;0;
61;74;1;2;0;
35;20;1;2;0;
99;28;1;2;0;
64;89;1;2;0;
43;94;1;2;0;
87;15;1;2;0;
48;58;1;2;0;
35;78;1;2;0;
31;32;1;2;0;
73;12;1;2;243;
72;42;1;2;621;
74;26;1;2;151;
79;27;1;2;1706;
17;87;1;2;2081;
3;59;1;2;594;
30;22;1;2;895;
24;67;1;2;779;
91;67;1;2;2183;
77;44;1;2;2419;
8;68;1;2;1023;
95;39;1;2;1922;
55;12;1;2;2087;
64;90;1;2;1431;
67;58;1;2;2351;
95;12;1;2;643;
21;93;1;2;796;
87;69;1;2;2329;
39;59;1;2;2307;
48;35;1;2;2169;
92;43;1;2;71;
47;89;1;2;555;
43;43;1;2;1245;
68;58;1;2;192;
68;24;1;2;1529;
6;70;1;2;639;
2;42;1;2;2422;
71;28;1;2;2376;
59;66;1;2;2339;
61;66;1;2;1451;
10;57;1;2;1743;
26;55;1;2;955;
81;49;1;2;2214;
51;16;1;2;668;
10;35;1;2;528;
79;40;1;2;1372;
60;93;1;2;1299;
85;16;1;2;1198;
78;74;1;2;1856;
29;87;1;2;453;
66;96;1;2;1910;
98;22;1;2;2248;
17;54;1;2;892;
79;4;1;2;2426;
51;65;1;2;784;
46;44;1;2;816;
62;3;1;2;666;
20;39;1;2;1131;
58;68;1;2;2039;
61;48;1;2;696;
0;1;533;364;
1;1;595;450;
2;1;562;475;
3;1;543;300;
4;1;573;738;
5;1;557;738;
6;1;574;880;
7;1;592;825;
8;1;504;1066;
9;1;534;1287;
10;1;589;1118;
11;1;589;1156;
12;1;589;1418;
13;1;546;1396;
14;1;558;1432;
15;1;548;1657;
16;1;558;1623;
17;1;502;1772;
18;1;561;2339;
19;1;597;2263;
20;1;520;2105;
21;1;512;2545;
22;1;564;2698;
23;1;555;2824;
24;1;590;2487;
25;1;589;2504;
26;1;593;3007;
27;1;509;3172;
28;1;523;3209;
29;1;534;3211;
30;1;547;3404;
31;1;574;3109;
32;1;526;3536;
33;1;574;3377;
34;1;571;3608;
35;1;522;4021;
36;1;528;3904;
37;1;587;3962;
38;1;587;3972;
39;1;514;4037;
40;1;533;4392;
41;1;506;4471;
42;1;579;4380;
43;1;558;4530;
44;1;519;4910;
45;1;584;4888;
46;1;575;5131;
47;1;572;4711;
48;1;532;5061;
49;1;589;5035;
