****11****
100
67;56;1;2;0;
95;21;1;2;0;
68;81;1;2;0;
10;72;1;2;0;
81;50;1;2;0;
93;88;1;2;0;
84;41;1;2;0;
95;88;1;2;0;
86;81;1;2;0;
40;4;1;2;0;
70;34;1;2;0;
45;26;1;2;0;
34;24;1;2;0;
44;27;1;2;0;
6;30;1;2;0;
7;25;1;2;0;
37;53;1;2;0;
45;4;1;2;0;
34;6;1;2;0;
28;66;1;2;0;
7;20;1;2;0;
53;43;1;2;0;
60;99;1;2;0;
30;97;1;2;0;
79;69;1;2;0;
1;100;1;2;0;
2;45;1;2;0;
25;87;1;2;0;
20;20;1;2;0;
66;78;1;2;0;
50;24;1;2;0;
2;38;1;2;0;
77;98;1;2;0;
42;10;1;2;0;
3;21;1;2;0;
27;9;1;2;0;
40;31;1;2;0;
51;52;1;2;0;
30;81;1;2;0;
100;8;1;2;0;
1;100;1;2;0;
60;55;1;2;0;
96;84;1;2;0;
93;68;1;2;0;
4;58;1;2;0;
45;5;1;2;0;
82;98;1;2;0;
42;58;1;2;0;
47;35;1;2;0;
19;49;1;2;0;
55;45;1;2;674;
47;75;1;2;1512;
98;56;1;2;575;
49;16;1;2;816;
1;75;1;2;1859;
96;58;1;2;1809;
15;13;1;2;1658;
59;69;1;2;6;
8;63;1;2;1594;
54;97;1;2;2479;
54;4;1;2;1053;
63;50;1;2;883;
74;99;1;2;961;
17;47;1;2;1973;
12;47;1;2;1915;
62;95;1;2;1644;
4;9;1;2;1883;
55;20;1;2;1853;
40;79;1;2;1848;
81;33;1;2;871;
93;86;1;2;1604;
100;100;1;2;2446;
82;73;1;2;185;
20;41;1;2;907;
24;53;1;2;1257;
3;14;1;2;801;
39;69;1;2;458;
39;75;1;2;1180;
60;14;1;2;2270;
91;47;1;2;119;
71;91;1;2;684;
53;90;1;2;2137;
37;72;1;2;992;
18;43;1;2;321;
46;66;1;2;944;
73;20;1;2;2219;
93;58;1;2;957;
74;49;1;2;1316;
26;60;1;2;804;
57;51;1;2;1017;
19;73;1;2;1933;
19;77;1;2;2109;
71;13;1;2;2425;
95;31;1;2;1342;
59;28;1;2;837;
76;100;1;2;326;
57;45;1;2;1453;
59;70;1;2;1101;
35;96;1;2;1123;
24;52;1;2;867;
0;1;564;65;
1;1;565;432;
2;1;541;450;
3;1;512;302;
4;1;506;757;
5;1;557;751;
6;1;590;924;
7;1;567;778;
8;1;542;1098;
9;1;517;947;
10;1;511;1386;
11;1;509;1509;
12;1;530;1352;
13;1;527;1459;
14;1;518;1595;
15;1;564;1840;
16;1;552;1627;
17;1;574;2241;
18;1;572;2028;
19;1;554;1914;
20;1;543;2289;
21;1;568;2231;
22;1;576;2610;
23;1;527;2803;
24;1;553;2916;
25;1;568;2558;
26;1;594;2887;
27;1;546;3150;
28;1;518;3088;
29;1;594;3218;
30;1;502;3108;
31;1;568;3364;
32;1;588;3332;
33;1;596;3518;
34;1;529;3517;
35;1;540;3822;
36;1;510;3798;
37;1;507;3763;
38;1;593;4174;
39;1;555;3934;
40;1;580;4293;
41;1;559;4571;
42;1;549;4469;
43;1;547;4625;
44;1;529;4512;
45;1;504;4981;
46;1;600;5170;
47;1;535;5218;
48;1;563;5122;
49;1;549;5200;
