****15****
100
632;800;1;2;0;
104;304;1;2;0;
117;757;1;2;0;
252;955;1;2;0;
98;682;1;2;0;
223;435;1;2;0;
691;261;1;2;0;
388;737;1;2;0;
858;509;1;2;0;
519;278;1;2;0;
558;800;1;2;0;
431;685;1;2;0;
569;600;1;2;0;
848;663;1;2;0;
33;431;1;2;0;
32;16;1;2;0;
231;135;1;2;0;
320;347;1;2;0;
243;923;1;2;0;
653;692;1;2;0;
604;227;1;2;0;
478;294;1;2;0;
488;866;1;2;0;
382;345;1;2;0;
726;900;1;2;0;
975;284;1;2;0;
52;757;1;2;0;
320;972;1;2;0;
356;519;1;2;0;
634;740;1;2;0;
950;17;1;2;0;
756;532;1;2;0;
151;75;1;2;0;
878;745;1;2;0;
997;882;1;2;0;
437;600;1;2;0;
108;914;1;2;0;
245;595;1;2;0;
131;626;1;2;0;
292;857;1;2;0;
878;618;1;2;0;
492;929;1;2;0;
374;811;1;2;0;
900;81;1;2;0;
681;885;1;2;0;
820;630;1;2;0;
901;575;1;2;0;
161;403;1;2;0;
649;390;1;2;0;
499;997;1;2;0;
271;935;1;2;3520;
731;201;1;2;6834;
325;331;1;2;9037;
968;539;1;2;15797;
585;30;1;2;16605;
958;192;1;2;12956;
390;873;1;2;6583;
210;854;1;2;9195;
784;367;1;2;8456;
785;756;1;2;17780;
133;379;1;2;12085;
81;109;1;2;16832;
272;785;1;2;10107;
793;105;1;2;22710;
191;689;1;2;24813;
869;999;1;2;21808;
798;388;1;2;540;
963;949;1;2;1870;
380;85;1;2;21338;
199;221;1;2;4616;
517;353;1;2;1810;
473;433;1;2;23205;
629;57;1;2;1929;
467;849;1;2;539;
844;392;1;2;24433;
251;612;1;2;6109;
201;762;1;2;5874;
375;724;1;2;3748;
50;456;1;2;4020;
444;654;1;2;23362;
945;522;1;2;13427;
824;346;1;2;23243;
811;974;1;2;14137;
934;441;1;2;22395;
162;636;1;2;11565;
430;238;1;2;500;
48;438;1;2;4403;
405;164;1;2;2608;
711;214;1;2;6559;
453;9;1;2;24712;
415;953;1;2;4339;
730;776;1;2;5281;
477;938;1;2;19367;
632;871;1;2;11200;
635;384;1;2;1242;
382;165;1;2;18801;
740;564;1;2;6188;
859;969;1;2;22935;
53;31;1;2;14168;
703;484;1;2;10217;
0;1;358;500;
1;1;343;484;
2;1;479;468;
3;1;408;457;
4;1;55;456;
5;1;290;478;
6;1;43;475;
7;1;13;468;
8;1;158;480;
9;1;331;497;
10;1;93;483;
11;1;255;463;
12;1;98;457;
13;1;444;479;
14;1;361;479;
15;1;19;468;
16;1;28;462;
17;1;104;457;
18;1;331;461;
19;1;165;488;
