****9****
100
159;260;1;2;0;
468;107;1;2;0;
994;251;1;2;0;
930;990;1;2;0;
991;595;1;2;0;
950;235;1;2;0;
840;696;1;2;0;
234;888;1;2;0;
169;715;1;2;0;
643;392;1;2;0;
792;517;1;2;0;
983;833;1;2;0;
150;100;1;2;0;
50;393;1;2;0;
39;564;1;2;0;
603;197;1;2;0;
176;423;1;2;0;
655;169;1;2;0;
25;584;1;2;0;
158;15;1;2;0;
179;459;1;2;0;
602;18;1;2;0;
155;835;1;2;0;
258;675;1;2;0;
901;900;1;2;0;
66;692;1;2;0;
416;400;1;2;0;
525;918;1;2;0;
852;926;1;2;0;
662;890;1;2;0;
842;264;1;2;0;
86;369;1;2;0;
38;93;1;2;0;
537;414;1;2;0;
676;46;1;2;0;
429;206;1;2;0;
504;30;1;2;0;
576;658;1;2;0;
216;185;1;2;0;
333;117;1;2;0;
84;398;1;2;0;
160;852;1;2;0;
150;36;1;2;0;
121;1;1;2;0;
962;782;1;2;0;
890;155;1;2;0;
397;327;1;2;0;
523;787;1;2;0;
419;411;1;2;0;
200;447;1;2;0;
456;628;1;2;4339;
311;9;1;2;19304;
969;577;1;2;21729;
653;693;1;2;11610;
402;204;1;2;4072;
551;240;1;2;20837;
551;553;1;2;19869;
792;707;1;2;22609;
119;581;1;2;17997;
889;991;1;2;6159;
335;798;1;2;5622;
339;108;1;2;18670;
269;428;1;2;15346;
384;432;1;2;9583;
934;834;1;2;6755;
335;736;1;2;6878;
208;639;1;2;6294;
862;430;1;2;6506;
264;548;1;2;3288;
453;437;1;2;12517;
193;123;1;2;1230;
912;813;1;2;19981;
640;434;1;2;8583;
296;169;1;2;903;
996;102;1;2;20391;
900;436;1;2;23877;
42;643;1;2;10390;
89;856;1;2;5910;
193;119;1;2;2015;
878;923;1;2;21667;
904;467;1;2;9166;
80;379;1;2;16604;
363;18;1;2;20029;
425;666;1;2;13921;
271;661;1;2;12138;
950;560;1;2;21000;
717;954;1;2;11342;
473;42;1;2;3033;
307;234;1;2;23179;
393;463;1;2;14773;
914;367;1;2;8977;
910;798;1;2;13660;
71;512;1;2;24739;
664;288;1;2;7559;
426;559;1;2;23953;
640;860;1;2;10168;
642;928;1;2;20838;
285;401;1;2;16751;
136;59;1;2;2166;
457;451;1;2;9867;
0;1;200;465;
1;1;455;460;
2;1;126;452;
3;1;350;496;
4;1;115;458;
5;1;212;453;
6;1;282;489;
7;1;461;467;
8;1;480;470;
9;1;112;471;
10;1;100;461;
11;1;406;500;
12;1;152;493;
13;1;410;476;
14;1;349;461;
15;1;14;498;
16;1;77;471;
17;1;310;452;
18;1;424;459;
19;1;250;489;
