****19****
100
5;3;1;2;0;
85;72;1;2;0;
66;1;1;2;0;
5;41;1;2;0;
81;89;1;2;0;
21;30;1;2;0;
16;44;1;2;0;
52;26;1;2;0;
39;14;1;2;0;
76;98;1;2;0;
89;63;1;2;0;
88;36;1;2;0;
21;33;1;2;0;
35;20;1;2;0;
92;64;1;2;0;
66;96;1;2;0;
66;50;1;2;0;
67;31;1;2;0;
2;23;1;2;0;
23;34;1;2;0;
63;43;1;2;0;
15;79;1;2;0;
38;19;1;2;0;
4;28;1;2;0;
32;32;1;2;0;
25;72;1;2;0;
46;65;1;2;0;
7;66;1;2;0;
97;94;1;2;0;
38;40;1;2;0;
9;3;1;2;0;
35;74;1;2;0;
52;53;1;2;0;
4;5;1;2;0;
27;26;1;2;0;
38;90;1;2;0;
20;53;1;2;0;
68;57;1;2;0;
71;23;1;2;0;
84;54;1;2;0;
54;8;1;2;0;
25;99;1;2;0;
72;84;1;2;0;
17;69;1;2;0;
29;54;1;2;0;
60;37;1;2;0;
56;95;1;2;0;
10;59;1;2;0;
99;65;1;2;0;
63;26;1;2;0;
42;52;1;2;144;
61;56;1;2;27;
17;78;1;2;1327;
100;31;1;2;1970;
7;8;1;2;361;
31;43;1;2;1072;
51;71;1;2;1173;
10;7;1;2;203;
4;68;1;2;1636;
55;84;1;2;2048;
32;25;1;2;1577;
98;37;1;2;721;
31;53;1;2;1398;
38;4;1;2;902;
99;62;1;2;395;
59;92;1;2;107;
86;42;1;2;2195;
15;52;1;2;1733;
2;7;1;2;242;
96;61;1;2;478;
55;92;1;2;228;
66;41;1;2;1637;
85;71;1;2;1001;
81;61;1;2;1814;
59;59;1;2;2381;
45;69;1;2;626;
24;55;1;2;834;
74;21;1;2;324;
81;22;1;2;2313;
8;69;1;2;683;
65;76;1;2;1337;
51;41;1;2;1918;
20;77;1;2;2453;
94;57;1;2;1772;
70;16;1;2;1845;
60;12;1;2;531;
42;87;1;2;1409;
65;12;1;2;650;
91;45;1;2;959;
23;52;1;2;1472;
16;68;1;2;1738;
5;18;1;2;835;
34;38;1;2;1984;
85;83;1;2;1585;
97;4;1;2;535;
19;64;1;2;1737;
61;5;1;2;296;
58;69;1;2;908;
78;11;1;2;307;
20;33;1;2;1239;
0;1;583;295;
1;1;558;311;
2;1;505;647;
3;1;502;377;
4;1;517;482;
5;1;574;926;
6;1;576;653;
7;1;502;969;
8;1;540;904;
9;1;551;1430;
10;1;521;1494;
11;1;510;1470;
12;1;577;1207;
13;1;551;1720;
14;1;559;1601;
15;1;506;1512;
16;1;584;1855;
17;1;512;1991;
18;1;543;2093;
19;1;529;2413;
20;1;526;2195;
21;1;509;2547;
22;1;576;2649;
23;1;558;2636;
24;1;527;2593;
25;1;567;2982;
26;1;541;3041;
27;1;540;2929;
28;1;515;3146;
29;1;585;3307;
30;1;577;3336;
31;1;565;3109;
32;1;506;3525;
33;1;551;3753;
34;1;593;3849;
35;1;558;3839;
36;1;585;4037;
37;1;570;3911;
38;1;579;4105;
39;1;526;3942;
40;1;586;4558;
41;1;556;4498;
42;1;520;4626;
43;1;548;4617;
44;1;588;4535;
45;1;558;4990;
46;1;522;4849;
47;1;576;4834;
48;1;502;5024;
49;1;578;4941;
