****2****
100
35;41;1;2;0;
23;37;1;2;0;
3;37;1;2;0;
100;42;1;2;0;
49;66;1;2;0;
35;79;1;2;0;
42;66;1;2;0;
100;64;1;2;0;
94;75;1;2;0;
30;19;1;2;0;
77;65;1;2;0;
2;76;1;2;0;
96;14;1;2;0;
75;17;1;2;0;
13;95;1;2;0;
47;47;1;2;0;
35;69;1;2;0;
35;89;1;2;0;
5;87;1;2;0;
82;6;1;2;0;
52;17;1;2;0;
84;93;1;2;0;
34;35;1;2;0;
8;27;1;2;0;
62;37;1;2;0;
97;38;1;2;0;
53;99;1;2;0;
13;49;1;2;0;
12;40;1;2;0;
65;25;1;2;0;
34;11;1;2;0;
23;21;1;2;0;
79;58;1;2;0;
61;35;1;2;0;
44;95;1;2;0;
40;47;1;2;0;
11;76;1;2;0;
92;96;1;2;0;
62;99;1;2;0;
23;23;1;2;0;
88;19;1;2;0;
60;40;1;2;0;
69;73;1;2;0;
88;33;1;2;0;
12;4;1;2;0;
9;97;1;2;0;
14;31;1;2;0;
69;44;1;2;0;
40;82;1;2;0;
79;35;1;2;0;
76;70;1;2;1202;
38;45;1;2;897;
33;7;1;2;2156;
7;81;1;2;1388;
78;41;1;2;1200;
46;65;1;2;233;
78;28;1;2;1232;
86;76;1;2;897;
69;45;1;2;1722;
8;78;1;2;770;
95;53;1;2;1185;
76;90;1;2;1372;
52;74;1;2;434;
74;81;1;2;676;
36;58;1;2;1475;
89;55;1;2;1947;
29;33;1;2;2015;
73;70;1;2;1641;
83;38;1;2;1810;
88;98;1;2;1924;
71;92;1;2;989;
23;19;1;2;1263;
24;70;1;2;960;
31;95;1;2;451;
71;82;1;2;560;
50;70;1;2;969;
94;51;1;2;714;
68;75;1;2;1351;
66;9;1;2;810;
60;96;1;2;173;
31;66;1;2;361;
6;41;1;2;73;
22;64;1;2;210;
12;47;1;2;425;
33;17;1;2;2110;
64;66;1;2;1463;
1;11;1;2;1218;
70;79;1;2;110;
60;96;1;2;1534;
40;56;1;2;2214;
17;38;1;2;419;
85;44;1;2;2336;
71;17;1;2;1838;
78;28;1;2;1857;
32;13;1;2;573;
15;28;1;2;1960;
71;28;1;2;464;
78;49;1;2;604;
59;8;1;2;1518;
48;100;1;2;17;
0;1;533;87;
1;1;571;244;
2;1;501;221;
3;1;530;602;
4;1;582;975;
5;1;553;919;
6;1;596;1047;
7;1;526;1137;
8;1;550;1152;
9;1;558;993;
10;1;532;1329;
11;1;549;1648;
12;1;540;1726;
13;1;591;1447;
14;1;555;1914;
15;1;550;1738;
16;1;506;1989;
17;1;526;1939;
18;1;585;2177;
19;1;580;2477;
20;1;547;2138;
21;1;579;2211;
22;1;515;2225;
23;1;510;2485;
24;1;508;2818;
25;1;536;2762;
26;1;528;3095;
27;1;522;2852;
28;1;543;2982;
29;1;536;3012;
30;1;502;3458;
31;1;587;3322;
32;1;556;3600;
33;1;564;3615;
34;1;572;3899;
35;1;561;3961;
36;1;527;3960;
37;1;560;3781;
38;1;547;3992;
39;1;557;4180;
40;1;540;4523;
41;1;597;4420;
42;1;580;4570;
43;1;538;4811;
44;1;583;4922;
45;1;570;4635;
46;1;561;5074;
47;1;595;5037;
48;1;572;4821;
49;1;511;5275;
