****14****
100
635;594;1;2;0;
903;967;1;2;0;
111;61;1;2;0;
104;80;1;2;0;
383;277;1;2;0;
877;374;1;2;0;
474;605;1;2;0;
441;839;1;2;0;
971;155;1;2;0;
811;336;1;2;0;
609;278;1;2;0;
505;6;1;2;0;
190;678;1;2;0;
705;354;1;2;0;
606;238;1;2;0;
952;592;1;2;0;
183;206;1;2;0;
910;293;1;2;0;
266;13;1;2;0;
724;1;1;2;0;
641;600;1;2;0;
374;467;1;2;0;
557;814;1;2;0;
305;527;1;2;0;
320;467;1;2;0;
214;280;1;2;0;
96;70;1;2;0;
285;637;1;2;0;
748;341;1;2;0;
991;705;1;2;0;
930;294;1;2;0;
296;112;1;2;0;
499;206;1;2;0;
756;116;1;2;0;
570;479;1;2;0;
116;563;1;2;0;
431;841;1;2;0;
29;987;1;2;0;
6;685;1;2;0;
865;677;1;2;0;
503;431;1;2;0;
956;599;1;2;0;
500;240;1;2;0;
235;599;1;2;0;
932;577;1;2;0;
303;861;1;2;0;
870;951;1;2;0;
972;720;1;2;0;
508;79;1;2;0;
188;429;1;2;0;
558;303;1;2;11070;
340;496;1;2;1164;
326;853;1;2;15345;
542;530;1;2;1960;
972;837;1;2;13669;
472;429;1;2;11389;
422;360;1;2;4824;
725;221;1;2;7808;
27;544;1;2;19080;
534;623;1;2;13954;
314;532;1;2;12297;
657;871;1;2;15110;
27;548;1;2;16372;
786;441;1;2;24341;
695;413;1;2;6835;
906;236;1;2;16127;
999;9;1;2;1860;
21;733;1;2;19917;
265;111;1;2;41;
228;996;1;2;1138;
378;310;1;2;16853;
182;966;1;2;22518;
834;344;1;2;22742;
338;481;1;2;394;
75;175;1;2;1279;
296;432;1;2;24444;
946;431;1;2;24446;
307;803;1;2;2456;
240;419;1;2;7566;
68;646;1;2;8125;
519;375;1;2;23757;
204;909;1;2;15531;
760;94;1;2;9612;
862;783;1;2;842;
757;857;1;2;16180;
416;152;1;2;19295;
662;449;1;2;23823;
917;107;1;2;9587;
256;698;1;2;9398;
705;766;1;2;19581;
502;636;1;2;4090;
608;839;1;2;222;
31;598;1;2;23088;
150;812;1;2;16305;
749;568;1;2;6462;
522;336;1;2;20899;
79;997;1;2;7486;
418;913;1;2;15835;
560;520;1;2;20359;
472;577;1;2;23346;
0;1;381;478;
1;1;136;467;
2;1;186;476;
3;1;61;468;
4;1;424;500;
5;1;217;485;
6;1;321;465;
7;1;154;498;
8;1;339;489;
9;1;79;469;
10;1;338;460;
11;1;187;452;
12;1;195;498;
13;1;122;480;
14;1;421;498;
15;1;282;451;
16;1;127;467;
17;1;170;464;
18;1;95;482;
19;1;232;468;
