****10****
100
68;98;1;2;0;
95;45;1;2;0;
59;16;1;2;0;
13;96;1;2;0;
90;85;1;2;0;
100;80;1;2;0;
92;82;1;2;0;
65;62;1;2;0;
46;48;1;2;0;
75;63;1;2;0;
96;95;1;2;0;
3;70;1;2;0;
78;63;1;2;0;
10;60;1;2;0;
44;37;1;2;0;
4;11;1;2;0;
34;51;1;2;0;
7;44;1;2;0;
18;20;1;2;0;
39;7;1;2;0;
56;90;1;2;0;
86;47;1;2;0;
23;2;1;2;0;
60;68;1;2;0;
49;86;1;2;0;
31;96;1;2;0;
32;85;1;2;0;
66;9;1;2;0;
99;27;1;2;0;
20;42;1;2;0;
63;24;1;2;0;
4;49;1;2;0;
74;11;1;2;0;
92;91;1;2;0;
82;83;1;2;0;
50;37;1;2;0;
72;87;1;2;0;
35;47;1;2;0;
89;46;1;2;0;
14;89;1;2;0;
32;96;1;2;0;
85;15;1;2;0;
80;2;1;2;0;
24;79;1;2;0;
28;43;1;2;0;
72;90;1;2;0;
18;76;1;2;0;
38;43;1;2;0;
86;30;1;2;0;
86;19;1;2;0;
12;35;1;2;1766;
35;21;1;2;2467;
81;61;1;2;1001;
47;50;1;2;604;
42;86;1;2;459;
74;87;1;2;1702;
52;66;1;2;1595;
23;55;1;2;153;
50;45;1;2;1083;
35;26;1;2;1992;
5;89;1;2;1837;
59;75;1;2;1720;
99;8;1;2;1413;
37;54;1;2;2033;
5;95;1;2;2247;
88;68;1;2;1634;
94;71;1;2;756;
47;46;1;2;65;
65;95;1;2;7;
77;82;1;2;595;
75;86;1;2;2459;
6;97;1;2;2186;
58;95;1;2;2020;
71;31;1;2;256;
84;88;1;2;741;
35;75;1;2;821;
71;21;1;2;1921;
21;67;1;2;549;
29;83;1;2;1615;
81;59;1;2;151;
58;33;1;2;2391;
23;39;1;2;94;
14;96;1;2;731;
61;18;1;2;303;
12;54;1;2;1914;
58;88;1;2;1021;
76;58;1;2;1832;
64;30;1;2;936;
97;10;1;2;991;
24;90;1;2;582;
85;99;1;2;1698;
83;73;1;2;1178;
25;87;1;2;744;
13;47;1;2;1808;
84;58;1;2;1405;
94;68;1;2;1782;
79;43;1;2;2075;
83;6;1;2;538;
6;54;1;2;2246;
10;77;1;2;2200;
0;1;573;355;
1;1;536;476;
2;1;595;507;
3;1;506;486;
4;1;594;498;
5;1;584;711;
6;1;590;678;
7;1;502;752;
8;1;513;1270;
9;1;540;1070;
10;1;563;1090;
11;1;525;1619;
12;1;529;1648;
13;1;573;1572;
14;1;592;1472;
15;1;561;1545;
16;1;566;1647;
17;1;536;1943;
18;1;555;1911;
19;1;583;2178;
20;1;580;2037;
21;1;592;2132;
22;1;536;2352;
23;1;566;2765;
24;1;513;2719;
25;1;542;2558;
26;1;600;3018;
27;1;598;3017;
28;1;600;2921;
29;1;504;3342;
30;1;523;3333;
31;1;507;3363;
32;1;563;3315;
33;1;551;3388;
34;1;535;3714;
35;1;569;4050;
36;1;502;3946;
37;1;535;3874;
38;1;505;3839;
39;1;541;4169;
40;1;556;4490;
41;1;548;4494;
42;1;553;4255;
43;1;535;4626;
44;1;567;4695;
45;1;543;4672;
46;1;505;4755;
47;1;580;5258;
48;1;594;4916;
49;1;587;5060;
