****4****
100
783;625;1;2;0;
477;208;1;2;0;
637;355;1;2;0;
521;12;1;2;0;
328;588;1;2;0;
700;513;1;2;0;
707;456;1;2;0;
815;610;1;2;0;
771;798;1;2;0;
626;849;1;2;0;
200;184;1;2;0;
472;876;1;2;0;
141;259;1;2;0;
406;600;1;2;0;
348;86;1;2;0;
283;130;1;2;0;
62;112;1;2;0;
337;698;1;2;0;
466;857;1;2;0;
709;793;1;2;0;
796;761;1;2;0;
306;502;1;2;0;
568;120;1;2;0;
463;690;1;2;0;
917;89;1;2;0;
539;468;1;2;0;
624;10;1;2;0;
343;117;1;2;0;
620;100;1;2;0;
716;320;1;2;0;
185;351;1;2;0;
449;246;1;2;0;
462;786;1;2;0;
295;279;1;2;0;
642;4;1;2;0;
71;438;1;2;0;
764;728;1;2;0;
291;683;1;2;0;
848;754;1;2;0;
373;116;1;2;0;
194;911;1;2;0;
936;817;1;2;0;
272;630;1;2;0;
933;243;1;2;0;
730;1;1;2;0;
562;266;1;2;0;
703;11;1;2;0;
512;516;1;2;0;
796;158;1;2;0;
794;789;1;2;0;
161;216;1;2;1945;
276;944;1;2;12152;
959;143;1;2;14312;
331;610;1;2;22653;
241;545;1;2;24961;
864;175;1;2;10159;
106;256;1;2;13453;
668;521;1;2;3840;
678;384;1;2;20995;
825;542;1;2;23788;
965;54;1;2;6734;
543;330;1;2;613;
763;640;1;2;24493;
736;322;1;2;21688;
254;914;1;2;15866;
588;777;1;2;22452;
207;882;1;2;8591;
530;901;1;2;7731;
203;578;1;2;6299;
95;754;1;2;16758;
780;719;1;2;15033;
681;613;1;2;18600;
876;375;1;2;16070;
214;462;1;2;10012;
161;715;1;2;17312;
4;302;1;2;14774;
374;861;1;2;4259;
350;390;1;2;9531;
847;945;1;2;9871;
728;39;1;2;431;
149;819;1;2;14840;
976;851;1;2;9538;
132;726;1;2;23926;
279;939;1;2;20066;
99;451;1;2;22859;
480;807;1;2;7264;
341;532;1;2;12938;
732;881;1;2;1084;
375;728;1;2;542;
947;455;1;2;11802;
273;955;1;2;8651;
669;931;1;2;22824;
325;414;1;2;9429;
707;45;1;2;15711;
550;143;1;2;13358;
107;975;1;2;20483;
318;315;1;2;9537;
740;398;1;2;16360;
552;124;1;2;21435;
660;71;1;2;10556;
0;1;159;495;
1;1;395;475;
2;1;364;477;
3;1;494;488;
4;1;90;488;
5;1;247;486;
6;1;272;498;
7;1;129;459;
8;1;107;455;
9;1;400;476;
10;1;269;474;
11;1;15;467;
12;1;481;469;
13;1;290;462;
14;1;78;462;
15;1;202;486;
16;1;407;498;
17;1;63;470;
18;1;124;456;
19;1;309;465;
