****3****
100
86;31;1;2;0;
88;20;1;2;0;
60;95;1;2;0;
98;25;1;2;0;
22;57;1;2;0;
20;4;1;2;0;
43;65;1;2;0;
59;58;1;2;0;
1;43;1;2;0;
27;57;1;2;0;
22;69;1;2;0;
52;70;1;2;0;
94;63;1;2;0;
47;66;1;2;0;
52;17;1;2;0;
55;37;1;2;0;
99;94;1;2;0;
8;59;1;2;0;
88;57;1;2;0;
83;62;1;2;0;
14;54;1;2;0;
65;56;1;2;0;
18;75;1;2;0;
65;70;1;2;0;
17;91;1;2;0;
26;91;1;2;0;
11;29;1;2;0;
12;4;1;2;0;
91;59;1;2;0;
70;42;1;2;0;
75;76;1;2;0;
30;74;1;2;0;
69;90;1;2;0;
84;57;1;2;0;
46;18;1;2;0;
70;59;1;2;0;
71;86;1;2;0;
66;40;1;2;0;
61;30;1;2;0;
9;29;1;2;0;
72;86;1;2;0;
19;82;1;2;0;
15;31;1;2;0;
86;57;1;2;0;
41;7;1;2;0;
51;15;1;2;0;
82;80;1;2;0;
40;50;1;2;0;
69;75;1;2;0;
58;67;1;2;0;
92;79;1;2;563;
14;65;1;2;2409;
53;25;1;2;2146;
13;53;1;2;117;
99;24;1;2;1163;
65;6;1;2;1883;
21;46;1;2;984;
71;12;1;2;952;
3;52;1;2;1822;
23;78;1;2;1339;
89;70;1;2;474;
66;35;1;2;1300;
60;40;1;2;2225;
83;52;1;2;1451;
30;2;1;2;525;
11;66;1;2;106;
28;87;1;2;631;
100;9;1;2;2321;
56;11;1;2;367;
10;34;1;2;1634;
26;22;1;2;871;
68;39;1;2;203;
26;98;1;2;1197;
60;81;1;2;2091;
98;62;1;2;2373;
60;24;1;2;243;
26;52;1;2;2205;
90;3;1;2;837;
13;58;1;2;218;
91;20;1;2;2312;
94;45;1;2;957;
71;64;1;2;1715;
82;41;1;2;1997;
32;52;1;2;1449;
33;49;1;2;186;
88;8;1;2;1878;
9;86;1;2;906;
15;75;1;2;754;
82;39;1;2;2376;
60;29;1;2;96;
22;74;1;2;253;
6;44;1;2;820;
81;77;1;2;602;
1;8;1;2;1822;
53;93;1;2;934;
18;80;1;2;961;
7;40;1;2;2011;
47;55;1;2;2216;
89;88;1;2;1400;
41;99;1;2;2427;
0;1;11;6;
1;1;36;121;
2;1;30;200;
3;1;59;344;
4;1;8;404;
5;1;62;548;
6;1;57;619;
7;1;59;705;
8;1;84;854;
9;1;63;948;
10;1;30;1001;
11;1;37;1125;
12;1;76;1208;
13;1;24;1308;
14;1;17;1412;
15;1;19;1515;
16;1;46;1639;
17;1;9;1705;
18;1;36;1830;
19;1;85;1952;
20;1;51;2026;
21;1;10;2107;
22;1;12;2207;
23;1;89;2352;
24;1;10;2402;
25;1;37;2524;
26;1;35;2617;
27;1;75;2736;
28;1;1;2800;
29;1;18;2911;
30;1;24;3015;
31;1;49;3120;
32;1;41;3230;
33;1;96;3304;
34;1;75;3457;
35;1;71;3565;
36;1;31;3622;
37;1;85;3738;
38;1;52;3816;
39;1;89;3940;
40;1;76;4060;
41;1;52;4141;
42;1;49;4225;
43;1;23;4312;
44;1;80;4411;
45;1;18;4510;
46;1;80;4657;
47;1;76;4751;
48;1;74;4844;
49;1;100;4948;
