****13****
100
61;947;1;2;0;
435;728;1;2;0;
784;460;1;2;0;
520;624;1;2;0;
617;10;1;2;0;
438;358;1;2;0;
603;820;1;2;0;
83;325;1;2;0;
674;983;1;2;0;
956;25;1;2;0;
937;391;1;2;0;
889;584;1;2;0;
288;939;1;2;0;
842;764;1;2;0;
206;769;1;2;0;
253;266;1;2;0;
715;687;1;2;0;
994;851;1;2;0;
146;865;1;2;0;
474;762;1;2;0;
874;911;1;2;0;
471;828;1;2;0;
82;906;1;2;0;
504;756;1;2;0;
888;460;1;2;0;
132;176;1;2;0;
202;21;1;2;0;
760;489;1;2;0;
311;953;1;2;0;
604;516;1;2;0;
721;856;1;2;0;
133;788;1;2;0;
894;126;1;2;0;
990;39;1;2;0;
342;463;1;2;0;
153;568;1;2;0;
725;975;1;2;0;
395;806;1;2;0;
880;251;1;2;0;
913;119;1;2;0;
62;397;1;2;0;
295;263;1;2;0;
769;406;1;2;0;
103;79;1;2;0;
358;706;1;2;0;
946;430;1;2;0;
913;78;1;2;0;
569;806;1;2;0;
556;558;1;2;0;
196;897;1;2;0;
372;348;1;2;14846;
448;323;1;2;6574;
606;554;1;2;13841;
518;673;1;2;24904;
266;967;1;2;16769;
34;724;1;2;3711;
464;433;1;2;18519;
409;214;1;2;10823;
487;783;1;2;8152;
42;692;1;2;24;
290;64;1;2;7258;
754;511;1;2;1584;
316;116;1;2;14545;
776;986;1;2;5000;
1;251;1;2;14421;
488;637;1;2;8817;
429;100;1;2;4243;
427;509;1;2;17917;
337;347;1;2;20241;
404;740;1;2;10237;
666;29;1;2;22006;
628;134;1;2;7603;
912;449;1;2;24009;
750;576;1;2;19986;
611;576;1;2;15603;
439;415;1;2;9218;
989;843;1;2;22797;
324;269;1;2;20448;
872;957;1;2;11940;
202;360;1;2;19167;
575;378;1;2;20253;
12;5;1;2;2794;
311;917;1;2;2863;
725;18;1;2;7050;
829;628;1;2;17508;
183;66;1;2;3250;
525;407;1;2;20239;
966;82;1;2;9741;
916;305;1;2;14326;
915;858;1;2;12647;
654;432;1;2;11474;
421;443;1;2;13569;
673;105;1;2;10;
374;182;1;2;8096;
651;10;1;2;20074;
855;192;1;2;2613;
473;716;1;2;14531;
934;33;1;2;10070;
16;948;1;2;13891;
54;215;1;2;16738;
0;1;3;2;
1;1;45;1041;
2;1;40;2039;
3;1;13;3012;
4;1;44;4031;
5;1;38;5028;
6;1;80;6079;
7;1;34;7014;
8;1;46;8036;
9;1;36;9001;
10;1;44;10042;
11;1;4;11000;
12;1;7;12002;
13;1;76;13042;
14;1;24;14009;
15;1;28;15001;
16;1;9;16007;
17;1;59;17011;
18;1;64;18062;
19;1;64;19054;
20;1;34;20002;
21;1;84;21048;
22;1;92;22088;
23;1;88;23060;
24;1;98;24088;
25;1;54;25000;
26;1;82;26048;
27;1;69;27036;
28;1;27;28008;
29;1;55;29021;
30;1;38;30037;
31;1;80;31038;
32;1;54;32031;
33;1;50;33018;
34;1;13;34004;
35;1;76;35001;
36;1;65;36060;
37;1;11;37003;
38;1;79;38057;
39;1;44;39007;
40;1;24;40017;
41;1;21;41008;
42;1;58;42048;
43;1;45;43036;
44;1;37;44032;
45;1;38;45010;
46;1;32;46008;
47;1;77;47024;
48;1;59;48024;
49;1;6;49004;
