****15****
100
4;53;1;2;0;
6;5;1;2;0;
28;13;1;2;0;
89;66;1;2;0;
81;92;1;2;0;
61;8;1;2;0;
65;64;1;2;0;
69;95;1;2;0;
25;45;1;2;0;
52;39;1;2;0;
9;63;1;2;0;
98;14;1;2;0;
8;12;1;2;0;
15;32;1;2;0;
34;1;1;2;0;
52;38;1;2;0;
5;9;1;2;0;
94;85;1;2;0;
21;82;1;2;0;
50;1;1;2;0;
26;10;1;2;0;
60;90;1;2;0;
25;29;1;2;0;
84;1;1;2;0;
25;88;1;2;0;
39;85;1;2;0;
50;89;1;2;0;
98;9;1;2;0;
100;65;1;2;0;
93;86;1;2;0;
17;96;1;2;0;
75;74;1;2;0;
4;68;1;2;0;
58;24;1;2;0;
2;7;1;2;0;
76;27;1;2;0;
68;88;1;2;0;
16;44;1;2;0;
68;52;1;2;0;
44;92;1;2;0;
39;82;1;2;0;
29;40;1;2;0;
22;26;1;2;0;
48;22;1;2;0;
42;92;1;2;0;
59;59;1;2;0;
87;33;1;2;0;
84;90;1;2;0;
52;41;1;2;0;
65;53;1;2;0;
99;93;1;2;2343;
18;80;1;2;106;
61;47;1;2;1534;
4;90;1;2;654;
37;18;1;2;1595;
59;96;1;2;302;
32;89;1;2;2290;
90;99;1;2;1126;
22;82;1;2;1905;
25;74;1;2;1046;
78;24;1;2;108;
8;41;1;2;223;
54;1;1;2;2022;
51;56;1;2;855;
38;93;1;2;792;
64;3;1;2;1412;
90;34;1;2;855;
7;23;1;2;485;
10;96;1;2;871;
7;20;1;2;1492;
17;49;1;2;1920;
70;57;1;2;1486;
3;10;1;2;484;
33;13;1;2;919;
53;2;1;2;60;
43;18;1;2;1155;
79;7;1;2;2376;
4;65;1;2;2030;
28;26;1;2;1003;
85;33;1;2;4;
15;1;1;2;2497;
69;70;1;2;825;
64;24;1;2;98;
63;9;1;2;1849;
65;13;1;2;1730;
12;7;1;2;1341;
60;86;1;2;982;
94;41;1;2;444;
49;20;1;2;856;
52;4;1;2;1623;
74;71;1;2;1289;
44;39;1;2;2467;
71;54;1;2;378;
59;16;1;2;2051;
63;33;1;2;834;
68;44;1;2;26;
91;55;1;2;1040;
71;100;1;2;2228;
16;49;1;2;1578;
38;100;1;2;2462;
0;1;92;52;
1;1;1;100;
2;1;16;207;
3;1;73;366;
4;1;45;428;
5;1;48;512;
6;1;83;631;
7;1;45;744;
8;1;78;827;
9;1;85;912;
10;1;46;1031;
11;1;38;1101;
12;1;55;1244;
13;1;94;1341;
14;1;94;1418;
15;1;13;1500;
16;1;17;1600;
17;1;34;1733;
18;1;4;1802;
19;1;22;1910;
20;1;82;2016;
21;1;13;2103;
22;1;31;2215;
23;1;71;2306;
24;1;48;2414;
25;1;27;2500;
26;1;54;2639;
27;1;90;2729;
28;1;21;2812;
29;1;42;2939;
30;1;79;3013;
31;1;3;3101;
32;1;66;3239;
33;1;83;3339;
34;1;46;3401;
35;1;22;3519;
36;1;24;3617;
37;1;92;3769;
38;1;42;3833;
39;1;13;3907;
40;1;68;4042;
41;1;85;4110;
42;1;7;4200;
43;1;80;4318;
44;1;61;4454;
45;1;44;4543;
46;1;26;4625;
47;1;38;4705;
48;1;86;4855;
49;1;65;4950;
