****2****
100
942;463;1;2;0;
269;445;1;2;0;
686;770;1;2;0;
986;495;1;2;0;
232;320;1;2;0;
193;463;1;2;0;
623;398;1;2;0;
50;829;1;2;0;
553;609;1;2;0;
127;902;1;2;0;
246;713;1;2;0;
877;359;1;2;0;
951;322;1;2;0;
147;180;1;2;0;
655;260;1;2;0;
84;948;1;2;0;
74;352;1;2;0;
392;760;1;2;0;
473;730;1;2;0;
606;704;1;2;0;
49;151;1;2;0;
518;671;1;2;0;
548;919;1;2;0;
852;453;1;2;0;
527;330;1;2;0;
706;124;1;2;0;
42;582;1;2;0;
483;345;1;2;0;
903;629;1;2;0;
524;910;1;2;0;
240;959;1;2;0;
857;314;1;2;0;
662;249;1;2;0;
425;134;1;2;0;
330;30;1;2;0;
837;378;1;2;0;
532;706;1;2;0;
400;432;1;2;0;
624;251;1;2;0;
884;151;1;2;0;
932;589;1;2;0;
274;974;1;2;0;
170;108;1;2;0;
670;425;1;2;0;
89;193;1;2;0;
334;328;1;2;0;
504;542;1;2;0;
641;165;1;2;0;
142;417;1;2;0;
299;471;1;2;0;
447;135;1;2;20600;
330;841;1;2;16706;
761;816;1;2;1035;
644;966;1;2;15068;
584;592;1;2;7820;
106;51;1;2;20027;
530;139;1;2;20697;
863;467;1;2;16814;
756;459;1;2;23405;
898;876;1;2;2919;
368;674;1;2;545;
568;3;1;2;18009;
519;764;1;2;1490;
72;759;1;2;2380;
205;343;1;2;24400;
15;448;1;2;21053;
142;329;1;2;14503;
166;543;1;2;16975;
340;298;1;2;8319;
679;195;1;2;10017;
668;563;1;2;273;
792;482;1;2;4424;
107;1000;1;2;9622;
590;71;1;2;6224;
39;628;1;2;16264;
430;994;1;2;20435;
520;488;1;2;1500;
101;653;1;2;19095;
499;992;1;2;22532;
356;23;1;2;9444;
440;42;1;2;11005;
549;833;1;2;22815;
661;292;1;2;16074;
239;881;1;2;16818;
224;271;1;2;15115;
255;701;1;2;528;
85;220;1;2;13588;
243;672;1;2;2238;
943;171;1;2;10541;
293;878;1;2;11901;
837;670;1;2;9237;
295;570;1;2;5341;
234;582;1;2;15976;
524;821;1;2;22127;
236;396;1;2;23925;
928;651;1;2;23019;
965;735;1;2;17709;
137;978;1;2;22497;
313;272;1;2;8854;
480;564;1;2;10100;
0;1;74;57;
1;1;26;1018;
2;1;46;2002;
3;1;24;3014;
4;1;29;4006;
5;1;54;5038;
6;1;26;6013;
7;1;44;7010;
8;1;21;8009;
9;1;1;9000;
10;1;33;10014;
11;1;73;11027;
12;1;90;12084;
13;1;33;13008;
14;1;16;14000;
15;1;73;15006;
16;1;48;16001;
17;1;97;17069;
18;1;96;18092;
19;1;24;19003;
20;1;7;20005;
21;1;72;21043;
22;1;23;22007;
23;1;70;23042;
24;1;13;24002;
25;1;79;25043;
26;1;55;26042;
27;1;6;27000;
28;1;87;28009;
29;1;61;29010;
30;1;87;30030;
31;1;95;31068;
32;1;34;32018;
33;1;79;33035;
34;1;15;34007;
35;1;5;35000;
36;1;32;36007;
37;1;4;37001;
38;1;95;38070;
39;1;48;39027;
40;1;47;40042;
41;1;4;41001;
42;1;80;42049;
43;1;50;43017;
44;1;100;44061;
45;1;23;45012;
46;1;46;46014;
47;1;71;47022;
48;1;60;48029;
49;1;11;49010;
