****11****
100
702;730;1;2;0;
761;590;1;2;0;
615;23;1;2;0;
553;999;1;2;0;
747;481;1;2;0;
945;636;1;2;0;
247;801;1;2;0;
721;1000;1;2;0;
116;529;1;2;0;
437;958;1;2;0;
187;948;1;2;0;
705;451;1;2;0;
820;30;1;2;0;
536;210;1;2;0;
476;725;1;2;0;
719;177;1;2;0;
807;479;1;2;0;
766;421;1;2;0;
501;318;1;2;0;
419;248;1;2;0;
151;715;1;2;0;
235;397;1;2;0;
516;955;1;2;0;
397;983;1;2;0;
483;185;1;2;0;
940;669;1;2;0;
133;997;1;2;0;
471;304;1;2;0;
378;359;1;2;0;
514;853;1;2;0;
435;584;1;2;0;
30;241;1;2;0;
62;795;1;2;0;
13;914;1;2;0;
465;431;1;2;0;
513;967;1;2;0;
146;747;1;2;0;
715;13;1;2;0;
54;463;1;2;0;
995;536;1;2;0;
648;286;1;2;0;
557;132;1;2;0;
634;379;1;2;0;
787;11;1;2;0;
89;652;1;2;0;
216;524;1;2;0;
235;245;1;2;0;
116;648;1;2;0;
391;129;1;2;0;
562;207;1;2;0;
911;74;1;2;15815;
408;173;1;2;21624;
772;226;1;2;4391;
118;761;1;2;18611;
404;669;1;2;3158;
389;400;1;2;10519;
752;488;1;2;11011;
967;363;1;2;18400;
563;479;1;2;8047;
305;959;1;2;12141;
512;221;1;2;7247;
36;629;1;2;20168;
275;400;1;2;5740;
329;518;1;2;6437;
677;273;1;2;19239;
861;661;1;2;22669;
479;764;1;2;17664;
100;730;1;2;20435;
956;644;1;2;19236;
460;949;1;2;6245;
876;812;1;2;12373;
718;199;1;2;7800;
380;826;1;2;7193;
619;154;1;2;8127;
971;182;1;2;23154;
991;42;1;2;13060;
762;520;1;2;20563;
372;972;1;2;7415;
345;927;1;2;2369;
148;738;1;2;718;
909;966;1;2;22720;
243;683;1;2;9187;
204;415;1;2;11241;
917;33;1;2;3776;
499;3;1;2;9900;
353;345;1;2;10017;
572;106;1;2;12400;
554;478;1;2;5306;
265;174;1;2;9383;
972;322;1;2;5431;
979;230;1;2;12334;
797;824;1;2;7842;
814;28;1;2;18868;
7;296;1;2;21655;
706;795;1;2;4382;
586;499;1;2;11291;
507;422;1;2;15047;
300;975;1;2;8315;
416;240;1;2;16026;
459;563;1;2;7413;
0;1;91;55;
1;1;40;1007;
2;1;38;2017;
3;1;19;3014;
4;1;95;4039;
5;1;62;5043;
6;1;95;6043;
7;1;36;7034;
8;1;4;8002;
9;1;8;9001;
10;1;8;10006;
11;1;14;11002;
12;1;10;12008;
13;1;26;13018;
14;1;39;14026;
15;1;9;15001;
16;1;81;16026;
17;1;68;17050;
18;1;16;18006;
19;1;73;19062;
20;1;3;20002;
21;1;99;21050;
22;1;4;22002;
23;1;75;23058;
24;1;73;24041;
25;1;21;25001;
26;1;77;26046;
27;1;66;27047;
28;1;66;28052;
29;1;37;29006;
30;1;31;30019;
31;1;85;31010;
32;1;45;32027;
33;1;81;33043;
34;1;91;34019;
35;1;21;35001;
36;1;91;36088;
37;1;41;37015;
38;1;58;38018;
39;1;57;39049;
40;1;49;40020;
41;1;65;41051;
42;1;14;42012;
43;1;15;43009;
44;1;73;44064;
45;1;84;45058;
46;1;95;46069;
47;1;66;47053;
48;1;24;48005;
49;1;3;49001;
