****10****
100
131;96;1;2;0;
331;810;1;2;0;
835;309;1;2;0;
910;118;1;2;0;
736;750;1;2;0;
547;450;1;2;0;
77;694;1;2;0;
534;771;1;2;0;
124;7;1;2;0;
686;491;1;2;0;
732;689;1;2;0;
119;819;1;2;0;
487;257;1;2;0;
77;351;1;2;0;
667;150;1;2;0;
383;798;1;2;0;
246;714;1;2;0;
959;80;1;2;0;
22;220;1;2;0;
549;109;1;2;0;
970;95;1;2;0;
558;46;1;2;0;
141;444;1;2;0;
817;264;1;2;0;
802;854;1;2;0;
106;533;1;2;0;
895;577;1;2;0;
704;381;1;2;0;
185;132;1;2;0;
84;203;1;2;0;
281;466;1;2;0;
352;878;1;2;0;
531;310;1;2;0;
957;552;1;2;0;
882;857;1;2;0;
660;851;1;2;0;
304;570;1;2;0;
248;796;1;2;0;
13;416;1;2;0;
411;166;1;2;0;
622;868;1;2;0;
50;868;1;2;0;
444;753;1;2;0;
600;628;1;2;0;
236;683;1;2;0;
831;517;1;2;0;
501;182;1;2;0;
394;31;1;2;0;
844;703;1;2;0;
935;77;1;2;0;
911;946;1;2;22830;
214;515;1;2;10166;
361;879;1;2;6259;
771;396;1;2;12039;
639;446;1;2;15948;
434;198;1;2;6182;
62;786;1;2;11320;
244;302;1;2;8265;
777;47;1;2;17379;
972;101;1;2;19679;
48;12;1;2;2492;
326;577;1;2;19540;
204;938;1;2;16648;
497;60;1;2;13830;
115;50;1;2;11478;
248;484;1;2;13609;
332;897;1;2;24793;
451;492;1;2;7965;
70;268;1;2;11331;
72;592;1;2;23270;
359;639;1;2;6049;
592;317;1;2;8710;
692;520;1;2;7043;
22;16;1;2;6884;
747;482;1;2;13333;
918;81;1;2;14361;
286;412;1;2;9453;
143;215;1;2;8070;
949;284;1;2;17606;
505;707;1;2;15657;
162;66;1;2;19795;
830;657;1;2;9593;
75;700;1;2;22466;
960;721;1;2;12423;
905;468;1;2;18752;
252;385;1;2;9647;
81;22;1;2;18540;
511;164;1;2;6748;
431;464;1;2;9785;
971;320;1;2;17783;
102;482;1;2;4914;
224;311;1;2;21424;
661;737;1;2;11852;
618;697;1;2;22341;
941;953;1;2;14473;
746;204;1;2;6470;
982;637;1;2;9693;
630;147;1;2;3429;
844;577;1;2;20644;
342;548;1;2;22668;
0;1;98;52;
1;1;57;1015;
2;1;24;2010;
3;1;48;3028;
4;1;56;4012;
5;1;2;5001;
6;1;79;6045;
7;1;56;7050;
8;1;39;8014;
9;1;4;9000;
10;1;48;10008;
11;1;2;11001;
12;1;74;12003;
13;1;74;13024;
14;1;39;14020;
15;1;56;15023;
16;1;74;16053;
17;1;6;17000;
18;1;83;18079;
19;1;81;19030;
20;1;82;20015;
21;1;93;21003;
22;1;76;22027;
23;1;10;23003;
24;1;11;24006;
25;1;86;25013;
26;1;98;26017;
27;1;7;27003;
28;1;85;28075;
29;1;51;29024;
30;1;53;30044;
31;1;10;31005;
32;1;70;32026;
33;1;23;33004;
34;1;19;34013;
35;1;41;35027;
36;1;89;36045;
37;1;63;37061;
38;1;85;38057;
39;1;29;39010;
40;1;89;40008;
41;1;57;41046;
42;1;2;42000;
43;1;56;43045;
44;1;43;44034;
45;1;12;45003;
46;1;65;46042;
47;1;73;47001;
48;1;39;48038;
49;1;38;49022;
