****9****
100
62;83;1;2;0;
67;81;1;2;0;
85;42;1;2;0;
73;52;1;2;0;
3;95;1;2;0;
53;68;1;2;0;
56;42;1;2;0;
71;65;1;2;0;
82;62;1;2;0;
69;55;1;2;0;
83;36;1;2;0;
21;76;1;2;0;
50;54;1;2;0;
60;95;1;2;0;
32;83;1;2;0;
15;93;1;2;0;
66;33;1;2;0;
74;2;1;2;0;
74;98;1;2;0;
53;28;1;2;0;
92;58;1;2;0;
96;99;1;2;0;
99;66;1;2;0;
16;80;1;2;0;
79;36;1;2;0;
35;61;1;2;0;
71;7;1;2;0;
36;72;1;2;0;
12;96;1;2;0;
66;43;1;2;0;
78;32;1;2;0;
36;95;1;2;0;
64;61;1;2;0;
96;89;1;2;0;
58;1;1;2;0;
17;49;1;2;0;
58;12;1;2;0;
99;56;1;2;0;
29;14;1;2;0;
87;8;1;2;0;
49;73;1;2;0;
68;72;1;2;0;
31;56;1;2;0;
43;42;1;2;0;
3;61;1;2;0;
37;80;1;2;0;
92;24;1;2;0;
27;8;1;2;0;
84;74;1;2;0;
48;41;1;2;0;
74;64;1;2;1902;
83;27;1;2;1260;
90;56;1;2;1579;
77;15;1;2;2159;
1;34;1;2;312;
32;89;1;2;1786;
25;91;1;2;2020;
61;23;1;2;2122;
84;1;1;2;1176;
67;26;1;2;988;
7;52;1;2;501;
47;34;1;2;998;
38;24;1;2;1128;
42;52;1;2;1482;
46;52;1;2;516;
22;83;1;2;1190;
92;8;1;2;1214;
22;20;1;2;1820;
95;4;1;2;1263;
28;22;1;2;1458;
56;81;1;2;656;
99;79;1;2;1748;
69;16;1;2;1359;
46;57;1;2;1194;
89;3;1;2;185;
66;24;1;2;1493;
83;67;1;2;2142;
42;40;1;2;721;
76;34;1;2;572;
9;61;1;2;780;
20;68;1;2;698;
82;67;1;2;2230;
78;87;1;2;1633;
48;85;1;2;492;
70;73;1;2;963;
43;38;1;2;862;
50;72;1;2;1973;
17;14;1;2;1316;
3;89;1;2;1015;
44;97;1;2;2248;
58;69;1;2;1001;
1;50;1;2;276;
74;27;1;2;1077;
10;75;1;2;2026;
55;44;1;2;2106;
54;38;1;2;1837;
76;87;1;2;2409;
64;55;1;2;34;
43;9;1;2;1538;
8;52;1;2;684;
0;1;85;1;
1;1;89;117;
2;1;62;219;
3;1;40;314;
4;1;65;445;
5;1;96;514;
6;1;74;630;
7;1;34;732;
8;1;56;846;
9;1;78;903;
10;1;61;1045;
11;1;47;1102;
12;1;28;1217;
13;1;24;1315;
14;1;1;1400;
15;1;20;1504;
16;1;89;1601;
17;1;13;1706;
18;1;97;1871;
19;1;88;1944;
20;1;44;2006;
21;1;3;2101;
22;1;37;2204;
23;1;100;2392;
24;1;10;2406;
25;1;76;2530;
26;1;25;2623;
27;1;38;2710;
28;1;67;2860;
29;1;56;2914;
30;1;40;3034;
31;1;51;3127;
32;1;34;3217;
33;1;33;3327;
34;1;19;3409;
35;1;43;3502;
36;1;55;3631;
37;1;31;3724;
38;1;85;3844;
39;1;35;3918;
40;1;59;4039;
41;1;16;4102;
42;1;88;4252;
43;1;87;4325;
44;1;66;4449;
45;1;73;4509;
46;1;68;4646;
47;1;37;4725;
48;1;90;4878;
49;1;35;4903;
