****6****
100
341;1000;1;2;0;
192;737;1;2;0;
454;698;1;2;0;
88;657;1;2;0;
576;631;1;2;0;
68;95;1;2;0;
499;715;1;2;0;
539;593;1;2;0;
957;489;1;2;0;
567;617;1;2;0;
331;62;1;2;0;
337;656;1;2;0;
426;21;1;2;0;
537;342;1;2;0;
310;127;1;2;0;
771;651;1;2;0;
126;315;1;2;0;
739;932;1;2;0;
364;178;1;2;0;
940;939;1;2;0;
160;7;1;2;0;
385;659;1;2;0;
74;276;1;2;0;
251;30;1;2;0;
764;169;1;2;0;
998;447;1;2;0;
230;686;1;2;0;
102;656;1;2;0;
707;990;1;2;0;
349;16;1;2;0;
468;471;1;2;0;
18;945;1;2;0;
785;109;1;2;0;
876;149;1;2;0;
286;815;1;2;0;
439;798;1;2;0;
174;824;1;2;0;
456;247;1;2;0;
99;58;1;2;0;
628;214;1;2;0;
578;625;1;2;0;
660;807;1;2;0;
310;113;1;2;0;
814;368;1;2;0;
454;514;1;2;0;
384;921;1;2;0;
985;753;1;2;0;
218;769;1;2;0;
213;93;1;2;0;
269;851;1;2;0;
260;708;1;2;12761;
785;531;1;2;8288;
31;981;1;2;17533;
658;194;1;2;11598;
634;206;1;2;20430;
943;670;1;2;5652;
311;124;1;2;6562;
46;396;1;2;4185;
150;613;1;2;1754;
363;58;1;2;15054;
213;669;1;2;21601;
860;453;1;2;15300;
314;835;1;2;14751;
177;844;1;2;4395;
265;829;1;2;21032;
863;771;1;2;6460;
275;433;1;2;24192;
201;830;1;2;7421;
462;332;1;2;17186;
844;694;1;2;24227;
495;906;1;2;8191;
852;117;1;2;16457;
740;782;1;2;21880;
607;958;1;2;3644;
20;574;1;2;12047;
990;788;1;2;1743;
278;63;1;2;10467;
40;615;1;2;6666;
198;428;1;2;1900;
321;624;1;2;21591;
852;118;1;2;18734;
52;969;1;2;6090;
55;708;1;2;23692;
893;667;1;2;11822;
277;38;1;2;9327;
138;28;1;2;11636;
121;657;1;2;1649;
888;696;1;2;8681;
837;246;1;2;18661;
765;566;1;2;6093;
738;769;1;2;15529;
968;820;1;2;16320;
666;227;1;2;3263;
497;119;1;2;16109;
285;747;1;2;9251;
350;884;1;2;8218;
851;4;1;2;17222;
117;244;1;2;12702;
646;80;1;2;6574;
306;845;1;2;11529;
0;1;89;15;
1;1;97;1025;
2;1;54;2014;
3;1;57;3001;
4;1;95;4086;
5;1;68;5052;
6;1;83;6006;
7;1;11;7005;
8;1;54;8016;
9;1;81;9068;
10;1;50;10001;
11;1;72;11016;
12;1;18;12014;
13;1;73;13066;
14;1;74;14056;
15;1;57;15046;
16;1;54;16040;
17;1;2;17000;
18;1;73;18004;
19;1;30;19006;
20;1;47;20027;
21;1;83;21043;
22;1;52;22017;
23;1;48;23024;
24;1;40;24019;
25;1;12;25000;
26;1;31;26018;
27;1;34;27029;
28;1;4;28001;
29;1;76;29069;
30;1;78;30023;
31;1;43;31028;
32;1;37;32028;
33;1;90;33018;
34;1;7;34001;
35;1;28;35020;
36;1;67;36044;
37;1;34;37017;
38;1;3;38001;
39;1;27;39024;
40;1;13;40002;
41;1;35;41009;
42;1;73;42055;
43;1;95;43043;
44;1;77;44036;
45;1;58;45011;
46;1;54;46005;
47;1;36;47033;
48;1;48;48004;
49;1;2;49001;
