****1****
100
84;13;1;2;0;
81;43;1;2;0;
25;12;1;2;0;
70;36;1;2;0;
86;31;1;2;0;
55;49;1;2;0;
90;60;1;2;0;
17;67;1;2;0;
47;21;1;2;0;
24;87;1;2;0;
83;97;1;2;0;
17;89;1;2;0;
16;65;1;2;0;
91;45;1;2;0;
11;88;1;2;0;
65;94;1;2;0;
52;45;1;2;0;
88;77;1;2;0;
9;9;1;2;0;
64;46;1;2;0;
40;18;1;2;0;
94;81;1;2;0;
29;63;1;2;0;
47;76;1;2;0;
83;23;1;2;0;
14;17;1;2;0;
71;83;1;2;0;
6;86;1;2;0;
99;48;1;2;0;
31;9;1;2;0;
87;47;1;2;0;
54;39;1;2;0;
43;94;1;2;0;
67;51;1;2;0;
2;30;1;2;0;
97;93;1;2;0;
47;42;1;2;0;
26;76;1;2;0;
56;24;1;2;0;
3;90;1;2;0;
98;68;1;2;0;
7;69;1;2;0;
50;12;1;2;0;
6;49;1;2;0;
11;88;1;2;0;
9;97;1;2;0;
34;15;1;2;0;
87;77;1;2;0;
8;5;1;2;0;
79;61;1;2;0;
34;27;1;2;777;
33;69;1;2;672;
60;24;1;2;1235;
14;14;1;2;657;
33;72;1;2;1035;
83;35;1;2;2420;
83;45;1;2;1251;
91;41;1;2;1409;
57;80;1;2;1019;
64;84;1;2;841;
77;70;1;2;1261;
34;54;1;2;291;
64;13;1;2;622;
69;78;1;2;1248;
24;10;1;2;334;
47;44;1;2;1115;
28;26;1;2;671;
96;69;1;2;1830;
49;25;1;2;1412;
79;41;1;2;947;
39;69;1;2;823;
25;2;1;2;466;
80;17;1;2;2095;
62;37;1;2;597;
57;61;1;2;1772;
23;59;1;2;910;
23;86;1;2;2428;
19;81;1;2;404;
55;30;1;2;897;
23;8;1;2;264;
74;98;1;2;484;
94;22;1;2;2338;
67;1;1;2;1494;
4;14;1;2;1692;
70;70;1;2;1085;
97;92;1;2;712;
68;66;1;2;491;
17;36;1;2;1677;
85;91;1;2;674;
30;65;1;2;1007;
15;38;1;2;1016;
20;83;1;2;1966;
78;49;1;2;1647;
52;4;1;2;681;
63;25;1;2;318;
33;73;1;2;892;
14;41;1;2;1019;
81;9;1;2;1368;
28;45;1;2;1272;
56;75;1;2;2143;
0;1;43;37;
1;1;33;111;
2;1;13;207;
3;1;32;305;
4;1;15;404;
5;1;42;519;
6;1;62;655;
7;1;94;700;
8;1;88;858;
9;1;39;912;
10;1;59;1005;
11;1;34;1126;
12;1;79;1224;
13;1;63;1339;
14;1;20;1416;
15;1;54;1531;
16;1;30;1615;
17;1;40;1721;
18;1;1;1800;
19;1;31;1901;
20;1;13;2010;
21;1;85;2120;
22;1;27;2221;
23;1;80;2366;
24;1;96;2413;
25;1;20;2505;
26;1;11;2609;
27;1;24;2716;
28;1;17;2810;
29;1;50;2935;
30;1;75;3052;
31;1;49;3130;
32;1;89;3244;
33;1;97;3345;
34;1;10;3407;
35;1;7;3500;
36;1;51;3624;
37;1;99;3725;
38;1;25;3802;
39;1;96;3967;
40;1;48;4022;
41;1;78;4139;
42;1;19;4210;
43;1;50;4334;
44;1;39;4427;
45;1;22;4513;
46;1;2;4601;
47;1;69;4744;
48;1;9;4802;
49;1;34;4909;
