****5****
100
28;59;1;2;0;
13;17;1;2;0;
44;64;1;2;0;
60;77;1;2;0;
65;65;1;2;0;
17;59;1;2;0;
41;90;1;2;0;
10;88;1;2;0;
85;56;1;2;0;
58;20;1;2;0;
68;58;1;2;0;
9;87;1;2;0;
61;65;1;2;0;
30;5;1;2;0;
13;88;1;2;0;
86;92;1;2;0;
46;99;1;2;0;
8;41;1;2;0;
14;19;1;2;0;
17;79;1;2;0;
84;34;1;2;0;
89;24;1;2;0;
75;98;1;2;0;
64;59;1;2;0;
6;73;1;2;0;
79;25;1;2;0;
30;87;1;2;0;
11;43;1;2;0;
3;93;1;2;0;
99;67;1;2;0;
32;84;1;2;0;
58;29;1;2;0;
82;17;1;2;0;
70;96;1;2;0;
35;86;1;2;0;
26;70;1;2;0;
19;14;1;2;0;
94;93;1;2;0;
12;57;1;2;0;
4;69;1;2;0;
29;82;1;2;0;
93;11;1;2;0;
20;56;1;2;0;
53;22;1;2;0;
48;51;1;2;0;
88;79;1;2;0;
34;97;1;2;0;
7;68;1;2;0;
13;28;1;2;0;
63;99;1;2;0;
14;88;1;2;1595;
84;53;1;2;1765;
29;16;1;2;2309;
32;84;1;2;1572;
13;29;1;2;2191;
32;84;1;2;2255;
5;83;1;2;1048;
44;13;1;2;1802;
40;71;1;2;1887;
4;99;1;2;731;
2;64;1;2;1632;
22;47;1;2;1674;
35;75;1;2;857;
8;58;1;2;632;
10;70;1;2;2175;
73;53;1;2;1341;
89;9;1;2;392;
54;52;1;2;1292;
57;91;1;2;782;
75;94;1;2;689;
59;48;1;2;432;
30;69;1;2;1620;
6;56;1;2;1146;
97;63;1;2;2103;
71;24;1;2;1516;
74;97;1;2;1279;
11;85;1;2;725;
83;90;1;2;1134;
18;47;1;2;828;
24;73;1;2;2376;
80;32;1;2;2274;
99;13;1;2;2121;
17;70;1;2;1180;
61;66;1;2;1758;
10;37;1;2;431;
81;62;1;2;1892;
57;24;1;2;890;
41;58;1;2;980;
28;76;1;2;1460;
54;51;1;2;1720;
78;83;1;2;2492;
96;33;1;2;406;
87;49;1;2;2142;
33;9;1;2;1052;
94;71;1;2;269;
78;3;1;2;1974;
58;11;1;2;2;
74;3;1;2;2251;
79;31;1;2;13;
31;36;1;2;1571;
0;1;7;5;
1;1;53;127;
2;1;61;241;
3;1;89;341;
4;1;34;411;
5;1;32;513;
6;1;45;644;
7;1;16;706;
8;1;54;820;
9;1;3;900;
10;1;81;1065;
11;1;36;1127;
12;1;78;1243;
13;1;66;1301;
14;1;96;1460;
15;1;16;1509;
16;1;14;1613;
17;1;19;1715;
18;1;4;1803;
19;1;20;1916;
20;1;93;2089;
21;1;83;2171;
22;1;79;2267;
23;1;80;2331;
24;1;20;2413;
25;1;94;2556;
26;1;19;2602;
27;1;36;2707;
28;1;43;2834;
29;1;45;2904;
30;1;1;3000;
31;1;44;3105;
32;1;31;3205;
33;1;87;3337;
34;1;73;3427;
35;1;23;3520;
36;1;13;3608;
37;1;6;3701;
38;1;7;3801;
39;1;23;3906;
40;1;70;4056;
41;1;78;4111;
42;1;45;4217;
43;1;40;4338;
44;1;13;4406;
45;1;29;4519;
46;1;48;4619;
47;1;79;4766;
48;1;37;4830;
49;1;64;4921;
