****7****
100
7;27;1;2;0;
3;38;1;2;0;
61;32;1;2;0;
69;38;1;2;0;
21;90;1;2;0;
41;73;1;2;0;
15;100;1;2;0;
73;51;1;2;0;
16;50;1;2;0;
4;23;1;2;0;
20;22;1;2;0;
31;53;1;2;0;
76;92;1;2;0;
11;46;1;2;0;
5;87;1;2;0;
3;12;1;2;0;
65;5;1;2;0;
1;25;1;2;0;
36;21;1;2;0;
62;8;1;2;0;
62;54;1;2;0;
80;77;1;2;0;
6;5;1;2;0;
27;21;1;2;0;
54;83;1;2;0;
95;73;1;2;0;
56;77;1;2;0;
77;31;1;2;0;
21;39;1;2;0;
29;25;1;2;0;
78;31;1;2;0;
36;94;1;2;0;
35;88;1;2;0;
19;22;1;2;0;
9;32;1;2;0;
29;22;1;2;0;
38;60;1;2;0;
98;95;1;2;0;
64;77;1;2;0;
67;18;1;2;0;
11;61;1;2;0;
42;66;1;2;0;
89;71;1;2;0;
49;9;1;2;0;
9;77;1;2;0;
34;38;1;2;0;
59;21;1;2;0;
32;45;1;2;0;
61;2;1;2;0;
18;21;1;2;0;
85;46;1;2;1669;
74;5;1;2;752;
68;21;1;2;2051;
86;38;1;2;1018;
98;79;1;2;2377;
87;1;1;2;719;
47;62;1;2;1667;
80;99;1;2;1243;
53;30;1;2;1256;
13;83;1;2;259;
33;68;1;2;1222;
26;93;1;2;573;
17;13;1;2;24;
36;98;1;2;565;
65;96;1;2;1699;
60;82;1;2;176;
54;28;1;2;1923;
25;60;1;2;2155;
5;64;1;2;1539;
30;28;1;2;1547;
23;12;1;2;850;
62;37;1;2;990;
57;54;1;2;1620;
72;89;1;2;672;
24;54;1;2;1663;
58;65;1;2;1739;
93;18;1;2;149;
89;42;1;2;1244;
84;99;1;2;1299;
12;80;1;2;1564;
70;2;1;2;649;
100;63;1;2;225;
22;19;1;2;1047;
56;90;1;2;164;
39;65;1;2;1094;
66;75;1;2;1217;
77;67;1;2;1254;
16;8;1;2;369;
18;91;1;2;2311;
31;2;1;2;834;
75;23;1;2;1201;
78;74;1;2;2131;
70;47;1;2;1700;
14;54;1;2;2433;
99;93;1;2;2392;
89;58;1;2;783;
43;86;1;2;279;
15;2;1;2;307;
80;19;1;2;522;
43;2;1;2;2463;
0;1;85;65;
1;1;100;127;
2;1;6;203;
3;1;86;364;
4;1;72;422;
5;1;40;525;
6;1;33;608;
7;1;18;710;
8;1;31;826;
9;1;76;901;
10;1;12;1006;
11;1;92;1164;
12;1;85;1232;
13;1;36;1312;
14;1;65;1438;
15;1;38;1524;
16;1;16;1608;
17;1;80;1752;
18;1;66;1865;
19;1;99;1942;
20;1;32;2022;
21;1;15;2113;
22;1;33;2228;
23;1;30;2322;
24;1;10;2404;
25;1;40;2532;
26;1;7;2604;
27;1;90;2762;
28;1;5;2801;
29;1;55;2908;
30;1;65;3016;
31;1;21;3105;
32;1;33;3221;
33;1;5;3302;
34;1;70;3412;
35;1;87;3577;
36;1;93;3646;
37;1;64;3740;
38;1;84;3812;
39;1;40;3924;
40;1;2;4000;
41;1;70;4117;
42;1;62;4222;
43;1;3;4301;
44;1;87;4474;
45;1;87;4513;
46;1;1;4600;
47;1;34;4714;
48;1;11;4803;
49;1;82;4927;
