****17****
100
54;75;1;2;0;
59;39;1;2;0;
87;61;1;2;0;
50;76;1;2;0;
80;16;1;2;0;
5;88;1;2;0;
25;38;1;2;0;
97;37;1;2;0;
39;27;1;2;0;
18;41;1;2;0;
72;24;1;2;0;
26;3;1;2;0;
59;66;1;2;0;
24;81;1;2;0;
81;45;1;2;0;
83;86;1;2;0;
71;93;1;2;0;
24;58;1;2;0;
5;74;1;2;0;
85;84;1;2;0;
89;90;1;2;0;
72;65;1;2;0;
79;20;1;2;0;
2;17;1;2;0;
46;71;1;2;0;
9;18;1;2;0;
94;87;1;2;0;
72;4;1;2;0;
52;95;1;2;0;
36;85;1;2;0;
92;70;1;2;0;
70;14;1;2;0;
62;94;1;2;0;
23;66;1;2;0;
67;8;1;2;0;
2;7;1;2;0;
97;25;1;2;0;
72;75;1;2;0;
44;25;1;2;0;
43;42;1;2;0;
95;51;1;2;0;
11;40;1;2;0;
37;82;1;2;0;
43;41;1;2;0;
76;30;1;2;0;
25;19;1;2;0;
99;94;1;2;0;
33;60;1;2;0;
87;55;1;2;0;
77;5;1;2;0;
14;30;1;2;361;
10;54;1;2;411;
36;98;1;2;1365;
78;39;1;2;2250;
29;49;1;2;1191;
17;82;1;2;1245;
57;9;1;2;1550;
33;28;1;2;964;
27;12;1;2;1160;
65;18;1;2;2498;
22;32;1;2;1132;
85;93;1;2;1327;
19;29;1;2;1734;
29;6;1;2;1864;
33;86;1;2;1539;
28;3;1;2;1614;
65;11;1;2;535;
83;44;1;2;2377;
99;70;1;2;2316;
74;86;1;2;1471;
29;7;1;2;1989;
14;43;1;2;190;
53;13;1;2;2074;
40;41;1;2;736;
18;25;1;2;1028;
43;52;1;2;1305;
2;16;1;2;1798;
69;98;1;2;747;
63;96;1;2;1732;
20;21;1;2;131;
94;2;1;2;2004;
100;67;1;2;209;
50;19;1;2;159;
76;11;1;2;720;
11;28;1;2;1643;
32;22;1;2;1616;
55;75;1;2;1886;
41;43;1;2;1504;
69;5;1;2;1432;
19;76;1;2;337;
6;70;1;2;716;
99;69;1;2;1200;
87;70;1;2;619;
36;97;1;2;706;
77;7;1;2;829;
42;39;1;2;26;
11;45;1;2;2416;
96;85;1;2;1027;
30;54;1;2;743;
11;24;1;2;1377;
0;1;65;43;
1;1;25;119;
2;1;79;272;
3;1;42;303;
4;1;14;403;
5;1;1;500;
6;1;88;620;
7;1;69;766;
8;1;70;838;
9;1;27;911;
10;1;3;1001;
11;1;28;1119;
12;1;32;1220;
13;1;93;1335;
14;1;19;1402;
15;1;19;1509;
16;1;96;1683;
17;1;3;1702;
18;1;40;1815;
19;1;91;1905;
20;1;81;2023;
21;1;67;2120;
22;1;71;2213;
23;1;40;2312;
24;1;93;2455;
25;1;25;2520;
26;1;26;2621;
27;1;35;2733;
28;1;60;2846;
29;1;72;2909;
30;1;94;3012;
31;1;61;3148;
32;1;38;3229;
33;1;66;3364;
34;1;11;3401;
35;1;34;3521;
36;1;99;3695;
37;1;11;3703;
38;1;87;3805;
39;1;14;3909;
40;1;21;4013;
41;1;27;4110;
42;1;41;4236;
43;1;55;4311;
44;1;91;4456;
45;1;81;4523;
46;1;20;4613;
47;1;76;4772;
48;1;9;4803;
49;1;34;4926;
