****8****
100
41;21;1;2;0;
80;85;1;2;0;
21;95;1;2;0;
10;57;1;2;0;
92;1;1;2;0;
1;93;1;2;0;
31;22;1;2;0;
52;92;1;2;0;
32;6;1;2;0;
10;70;1;2;0;
63;48;1;2;0;
72;15;1;2;0;
6;58;1;2;0;
99;17;1;2;0;
95;32;1;2;0;
48;87;1;2;0;
52;80;1;2;0;
24;73;1;2;0;
26;85;1;2;0;
81;17;1;2;0;
85;81;1;2;0;
9;15;1;2;0;
55;61;1;2;0;
59;38;1;2;0;
18;20;1;2;0;
8;80;1;2;0;
67;31;1;2;0;
46;24;1;2;0;
88;44;1;2;0;
92;35;1;2;0;
28;40;1;2;0;
73;79;1;2;0;
71;96;1;2;0;
3;96;1;2;0;
80;83;1;2;0;
13;16;1;2;0;
16;21;1;2;0;
83;22;1;2;0;
33;41;1;2;0;
59;51;1;2;0;
12;66;1;2;0;
82;78;1;2;0;
97;80;1;2;0;
53;36;1;2;0;
23;45;1;2;0;
70;2;1;2;0;
36;95;1;2;0;
81;6;1;2;0;
90;35;1;2;0;
1;22;1;2;0;
70;65;1;2;858;
85;38;1;2;1448;
6;22;1;2;1472;
16;24;1;2;1301;
82;6;1;2;1329;
30;37;1;2;1519;
17;11;1;2;2139;
87;13;1;2;790;
33;45;1;2;2453;
22;79;1;2;1814;
95;48;1;2;1957;
84;84;1;2;1793;
54;41;1;2;2424;
65;57;1;2;386;
38;90;1;2;1311;
41;71;1;2;2422;
96;87;1;2;39;
47;25;1;2;237;
85;57;1;2;2267;
28;31;1;2;2050;
23;25;1;2;1775;
35;60;1;2;586;
84;14;1;2;1234;
55;30;1;2;1929;
49;19;1;2;1151;
52;59;1;2;1809;
39;6;1;2;7;
88;52;1;2;1044;
98;36;1;2;1967;
3;15;1;2;555;
87;38;1;2;2363;
71;24;1;2;748;
90;60;1;2;2161;
49;14;1;2;574;
17;14;1;2;2294;
25;65;1;2;1145;
4;55;1;2;1149;
69;42;1;2;1948;
10;91;1;2;1827;
8;94;1;2;744;
36;32;1;2;512;
41;54;1;2;589;
57;43;1;2;268;
34;44;1;2;1973;
92;12;1;2;1092;
68;36;1;2;1435;
55;39;1;2;422;
96;59;1;2;598;
40;69;1;2;2197;
71;76;1;2;2490;
0;1;65;8;
1;1;27;122;
2;1;56;247;
3;1;59;341;
4;1;23;400;
5;1;45;512;
6;1;59;621;
7;1;29;707;
8;1;55;843;
9;1;18;907;
10;1;55;1054;
11;1;57;1115;
12;1;46;1201;
13;1;33;1312;
14;1;18;1414;
15;1;90;1514;
16;1;72;1643;
17;1;34;1708;
18;1;48;1811;
19;1;90;1981;
20;1;20;2005;
21;1;39;2122;
22;1;73;2245;
23;1;35;2313;
24;1;82;2409;
25;1;40;2507;
26;1;39;2603;
27;1;1;2700;
28;1;95;2837;
29;1;31;2904;
30;1;93;3000;
31;1;47;3112;
32;1;40;3231;
33;1;94;3388;
34;1;76;3406;
35;1;60;3554;
36;1;20;3609;
37;1;76;3719;
38;1;68;3829;
39;1;71;3934;
40;1;14;4003;
41;1;37;4124;
42;1;10;4208;
43;1;39;4334;
44;1;74;4427;
45;1;16;4509;
46;1;94;4683;
47;1;82;4730;
48;1;46;4838;
49;1;24;4920;
