****14****
100
791;533;1;2;0;
820;555;1;2;0;
543;930;1;2;0;
463;474;1;2;0;
731;758;1;2;0;
201;955;1;2;0;
807;21;1;2;0;
311;317;1;2;0;
262;107;1;2;0;
953;550;1;2;0;
957;842;1;2;0;
376;641;1;2;0;
211;152;1;2;0;
478;621;1;2;0;
930;235;1;2;0;
343;720;1;2;0;
768;162;1;2;0;
274;662;1;2;0;
444;88;1;2;0;
135;174;1;2;0;
198;688;1;2;0;
480;356;1;2;0;
708;143;1;2;0;
672;321;1;2;0;
249;976;1;2;0;
871;558;1;2;0;
818;246;1;2;0;
198;28;1;2;0;
750;27;1;2;0;
1000;679;1;2;0;
261;342;1;2;0;
398;380;1;2;0;
503;23;1;2;0;
42;298;1;2;0;
111;176;1;2;0;
472;660;1;2;0;
863;303;1;2;0;
15;923;1;2;0;
445;687;1;2;0;
243;694;1;2;0;
662;465;1;2;0;
603;831;1;2;0;
711;152;1;2;0;
210;812;1;2;0;
178;209;1;2;0;
490;790;1;2;0;
550;239;1;2;0;
170;405;1;2;0;
261;211;1;2;0;
54;723;1;2;0;
738;525;1;2;14206;
953;180;1;2;9436;
875;624;1;2;531;
469;669;1;2;20727;
934;271;1;2;19901;
996;774;1;2;22388;
807;951;1;2;4424;
648;93;1;2;18494;
886;262;1;2;15798;
498;472;1;2;10397;
573;561;1;2;21970;
954;513;1;2;22160;
702;739;1;2;20324;
136;560;1;2;11011;
584;493;1;2;11217;
862;840;1;2;10846;
349;998;1;2;16507;
397;645;1;2;22128;
995;882;1;2;6473;
348;731;1;2;5565;
755;303;1;2;6144;
687;609;1;2;16021;
501;310;1;2;8226;
587;798;1;2;18310;
694;733;1;2;1281;
423;594;1;2;2526;
925;294;1;2;15124;
730;691;1;2;10895;
627;37;1;2;8270;
785;384;1;2;8787;
118;139;1;2;14920;
660;177;1;2;13628;
418;677;1;2;16595;
914;616;1;2;3846;
970;309;1;2;18862;
869;731;1;2;8789;
960;7;1;2;18768;
47;737;1;2;7718;
779;363;1;2;19134;
743;500;1;2;16565;
438;617;1;2;17151;
436;276;1;2;15614;
393;45;1;2;13609;
308;959;1;2;4212;
724;280;1;2;682;
520;148;1;2;18732;
261;459;1;2;16959;
648;506;1;2;14117;
76;636;1;2;11829;
541;730;1;2;14321;
0;1;41;38;
1;1;21;1010;
2;1;7;2002;
3;1;93;3086;
4;1;93;4079;
5;1;59;5032;
6;1;45;6031;
7;1;82;7005;
8;1;2;8000;
9;1;10;9001;
10;1;40;10003;
11;1;61;11041;
12;1;6;12000;
13;1;84;13065;
14;1;29;14003;
15;1;66;15048;
16;1;32;16025;
17;1;47;17011;
18;1;85;18045;
19;1;37;19031;
20;1;77;20014;
21;1;31;21014;
22;1;28;22003;
23;1;83;23032;
24;1;93;24076;
25;1;43;25039;
26;1;55;26027;
27;1;80;27071;
28;1;91;28066;
29;1;73;29040;
30;1;75;30062;
31;1;87;31084;
32;1;75;32034;
33;1;48;33023;
34;1;75;34060;
35;1;88;35059;
36;1;82;36046;
37;1;24;37009;
38;1;30;38017;
39;1;38;39021;
40;1;49;40018;
41;1;57;41054;
42;1;35;42015;
43;1;66;43024;
44;1;98;44068;
45;1;44;45016;
46;1;28;46009;
47;1;83;47063;
48;1;67;48006;
49;1;62;49000;
