****4****
100
55;71;1;2;0;
26;37;1;2;0;
54;10;1;2;0;
31;57;1;2;0;
34;71;1;2;0;
70;9;1;2;0;
47;73;1;2;0;
22;47;1;2;0;
51;96;1;2;0;
47;83;1;2;0;
88;17;1;2;0;
37;67;1;2;0;
34;64;1;2;0;
38;8;1;2;0;
87;38;1;2;0;
8;93;1;2;0;
60;33;1;2;0;
30;13;1;2;0;
94;60;1;2;0;
70;27;1;2;0;
82;91;1;2;0;
88;28;1;2;0;
63;9;1;2;0;
74;66;1;2;0;
57;72;1;2;0;
48;44;1;2;0;
88;84;1;2;0;
62;22;1;2;0;
48;51;1;2;0;
81;86;1;2;0;
40;40;1;2;0;
78;99;1;2;0;
24;59;1;2;0;
64;17;1;2;0;
70;85;1;2;0;
95;51;1;2;0;
75;82;1;2;0;
78;37;1;2;0;
43;3;1;2;0;
54;99;1;2;0;
75;1;1;2;0;
94;14;1;2;0;
37;55;1;2;0;
87;36;1;2;0;
5;19;1;2;0;
21;45;1;2;0;
58;50;1;2;0;
95;81;1;2;0;
9;58;1;2;0;
49;78;1;2;0;
94;96;1;2;753;
68;29;1;2;1287;
57;23;1;2;1896;
10;21;1;2;1514;
63;66;1;2;1546;
99;20;1;2;460;
86;77;1;2;895;
58;73;1;2;1262;
7;67;1;2;1823;
67;77;1;2;2145;
45;70;1;2;206;
25;90;1;2;1936;
34;98;1;2;1912;
46;7;1;2;759;
84;69;1;2;1093;
88;19;1;2;1336;
78;4;1;2;1167;
86;61;1;2;634;
4;20;1;2;1714;
55;86;1;2;1923;
6;82;1;2;61;
100;58;1;2;1732;
74;44;1;2;134;
23;89;1;2;829;
93;25;1;2;1218;
28;12;1;2;177;
34;89;1;2;1545;
21;26;1;2;1636;
27;82;1;2;1737;
4;36;1;2;2379;
57;41;1;2;1715;
32;92;1;2;498;
47;17;1;2;17;
60;40;1;2;2170;
79;32;1;2;965;
18;11;1;2;454;
28;96;1;2;1095;
42;16;1;2;1282;
20;95;1;2;2282;
17;98;1;2;918;
99;55;1;2;1836;
67;38;1;2;242;
45;84;1;2;572;
13;43;1;2;2240;
74;21;1;2;1002;
7;91;1;2;454;
3;18;1;2;1930;
91;11;1;2;1601;
53;30;1;2;98;
47;46;1;2;1640;
0;1;29;17;
1;1;78;119;
2;1;15;211;
3;1;67;307;
4;1;51;427;
5;1;24;508;
6;1;72;660;
7;1;66;732;
8;1;56;811;
9;1;96;961;
10;1;77;1018;
11;1;1;1100;
12;1;92;1268;
13;1;17;1313;
14;1;51;1426;
15;1;42;1538;
16;1;11;1604;
17;1;81;1714;
18;1;38;1812;
19;1;36;1919;
20;1;46;2032;
21;1;32;2128;
22;1;55;2223;
23;1;99;2354;
24;1;56;2445;
25;1;20;2512;
26;1;5;2604;
27;1;72;2744;
28;1;24;2823;
29;1;14;2903;
30;1;54;3016;
31;1;57;3155;
32;1;26;3222;
33;1;93;3327;
34;1;87;3480;
35;1;2;3501;
36;1;38;3618;
37;1;52;3711;
38;1;34;3805;
39;1;6;3900;
40;1;95;4029;
41;1;73;4146;
42;1;96;4291;
43;1;47;4319;
44;1;84;4460;
45;1;48;4524;
46;1;67;4639;
47;1;5;4703;
48;1;92;4848;
49;1;58;4957;
