****5****
100
11;24;1;2;0;
70;61;1;2;0;
26;37;1;2;0;
80;37;1;2;0;
48;75;1;2;0;
70;53;1;2;0;
26;26;1;2;0;
0;2;1;2;0;
87;57;1;2;0;
50;38;1;2;0;
66;44;1;2;0;
0;20;1;2;0;
14;9;1;2;0;
57;63;1;2;0;
21;66;1;2;0;
37;33;1;2;0;
90;7;1;2;0;
46;68;1;2;0;
44;26;1;2;0;
57;92;1;2;0;
53;27;1;2;0;
98;79;1;2;0;
6;50;1;2;0;
33;93;1;2;0;
59;83;1;2;0;
83;25;1;2;0;
79;83;1;2;0;
98;45;1;2;0;
92;55;1;2;0;
8;66;1;2;0;
73;45;1;2;0;
99;63;1;2;0;
5;45;1;2;0;
83;49;1;2;0;
23;41;1;2;0;
94;76;1;2;0;
20;44;1;2;0;
55;26;1;2;0;
94;40;1;2;0;
19;53;1;2;0;
23;2;1;2;0;
31;54;1;2;0;
38;29;1;2;0;
99;30;1;2;0;
36;7;1;2;0;
48;10;1;2;0;
5;47;1;2;0;
25;10;1;2;0;
44;9;1;2;0;
11;67;1;2;0;
2;5;1;2;108;
22;1;1;2;902;
49;95;1;2;26;
68;1;1;2;524;
23;32;1;2;1216;
61;13;1;2;151;
43;49;1;2;766;
92;11;1;2;361;
39;37;1;2;579;
36;46;1;2;606;
55;0;1;2;1048;
51;22;1;2;229;
53;71;1;2;1039;
96;92;1;2;1138;
13;15;1;2;987;
85;28;1;2;495;
55;71;1;2;1211;
85;63;1;2;521;
72;55;1;2;1099;
69;91;1;2;17;
30;46;1;2;1095;
48;97;1;2;439;
67;51;1;2;610;
34;99;1;2;257;
2;64;1;2;1048;
54;1;1;2;1217;
71;57;1;2;548;
38;94;1;2;1088;
68;19;1;2;269;
35;40;1;2;823;
0;22;1;2;1170;
65;70;1;2;488;
52;90;1;2;610;
63;76;1;2;312;
18;31;1;2;118;
40;37;1;2;927;
90;9;1;2;240;
12;99;1;2;687;
49;19;1;2;913;
89;54;1;2;712;
72;54;1;2;370;
53;71;1;2;5;
32;23;1;2;1243;
62;87;1;2;119;
95;5;1;2;1059;
93;98;1;2;512;
92;88;1;2;223;
0;52;1;2;1085;
2;1;1;2;651;
76;42;1;2;952;
0;1;16;16;
1;1;17;67;
2;1;13;113;
3;1;2;152;
4;1;21;221;
5;1;9;259;
6;1;11;311;
7;1;3;353;
8;1;7;407;
9;1;12;462;
10;1;18;518;
11;1;19;569;
12;1;15;615;
13;1;15;665;
14;1;2;702;
15;1;23;773;
16;1;8;808;
17;1;2;852;
18;1;21;921;
19;1;25;975;
