****0****
100
36;84;1;2;0;
22;66;1;2;0;
9;49;1;2;0;
17;55;1;2;0;
34;18;1;2;0;
76;11;1;2;0;
37;23;1;2;0;
97;3;1;2;0;
46;7;1;2;0;
0;0;1;2;0;
63;12;1;2;0;
82;3;1;2;0;
58;43;1;2;0;
67;96;1;2;0;
11;42;1;2;0;
87;99;1;2;0;
78;62;1;2;0;
65;87;1;2;0;
11;35;1;2;0;
94;45;1;2;0;
5;71;1;2;0;
9;42;1;2;0;
46;58;1;2;0;
97;92;1;2;0;
65;49;1;2;0;
44;80;1;2;0;
61;78;1;2;0;
35;71;1;2;0;
22;3;1;2;0;
19;85;1;2;0;
45;6;1;2;0;
85;75;1;2;0;
68;2;1;2;0;
62;80;1;2;0;
37;57;1;2;0;
77;42;1;2;0;
80;38;1;2;0;
36;26;1;2;0;
97;33;1;2;0;
71;14;1;2;0;
82;15;1;2;0;
95;43;1;2;0;
94;30;1;2;0;
66;68;1;2;0;
85;85;1;2;0;
53;82;1;2;0;
92;90;1;2;0;
57;12;1;2;0;
93;20;1;2;0;
92;30;1;2;0;
29;22;1;2;1146;
61;60;1;2;877;
87;9;1;2;646;
10;24;1;2;793;
78;19;1;2;133;
72;49;1;2;465;
92;35;1;2;879;
97;69;1;2;676;
88;27;1;2;1067;
81;99;1;2;10;
63;28;1;2;543;
40;41;1;2;1234;
2;80;1;2;1181;
49;91;1;2;394;
78;69;1;2;843;
3;93;1;2;450;
47;85;1;2;497;
24;34;1;2;1202;
97;22;1;2;534;
30;55;1;2;43;
60;19;1;2;788;
12;59;1;2;48;
77;13;1;2;382;
99;14;1;2;599;
97;93;1;2;83;
66;48;1;2;393;
84;47;1;2;603;
90;71;1;2;125;
65;20;1;2;947;
19;3;1;2;1057;
20;63;1;2;698;
53;28;1;2;1016;
27;5;1;2;854;
81;56;1;2;856;
79;53;1;2;1032;
45;19;1;2;264;
57;3;1;2;267;
5;45;1;2;671;
88;10;1;2;1046;
46;29;1;2;278;
7;1;1;2;560;
91;6;1;2;1183;
86;33;1;2;95;
95;67;1;2;194;
19;46;1;2;1089;
87;43;1;2;1121;
56;0;1;2;740;
73;58;1;2;445;
13;46;1;2;185;
73;92;1;2;177;
0;1;15;15;
1;1;2;52;
2;1;16;116;
3;1;19;169;
4;1;20;220;
5;1;23;273;
6;1;3;303;
7;1;7;357;
8;1;8;408;
9;1;17;467;
10;1;2;502;
11;1;25;575;
12;1;10;610;
13;1;23;673;
14;1;23;723;
15;1;10;760;
16;1;11;811;
17;1;17;867;
18;1;4;904;
19;1;19;969;
