****1****
100
43;27;1;2;0;
68;53;1;2;0;
72;33;1;2;0;
52;80;1;2;0;
59;96;1;2;0;
69;48;1;2;0;
48;59;1;2;0;
68;94;1;2;0;
8;95;1;2;0;
75;91;1;2;0;
86;4;1;2;0;
92;97;1;2;0;
51;40;1;2;0;
81;38;1;2;0;
83;61;1;2;0;
34;78;1;2;0;
88;2;1;2;0;
84;13;1;2;0;
36;36;1;2;0;
45;95;1;2;0;
32;66;1;2;0;
95;32;1;2;0;
25;63;1;2;0;
27;86;1;2;0;
10;2;1;2;0;
77;48;1;2;0;
58;21;1;2;0;
45;62;1;2;0;
61;78;1;2;0;
0;96;1;2;0;
39;86;1;2;0;
27;79;1;2;0;
89;11;1;2;0;
92;77;1;2;0;
47;89;1;2;0;
24;31;1;2;0;
55;19;1;2;0;
64;81;1;2;0;
34;91;1;2;0;
19;44;1;2;0;
45;96;1;2;0;
44;4;1;2;0;
17;41;1;2;0;
66;31;1;2;0;
19;18;1;2;0;
79;10;1;2;0;
5;6;1;2;0;
89;46;1;2;0;
69;82;1;2;0;
75;68;1;2;0;
23;99;1;2;104;
79;70;1;2;771;
12;4;1;2;800;
31;0;1;2;256;
27;96;1;2;547;
96;37;1;2;486;
79;56;1;2;87;
59;18;1;2;598;
17;7;1;2;857;
87;41;1;2;1060;
55;65;1;2;366;
7;44;1;2;275;
71;56;1;2;716;
26;39;1;2;630;
79;18;1;2;659;
35;14;1;2;559;
10;94;1;2;204;
3;5;1;2;1245;
5;22;1;2;899;
53;61;1;2;732;
28;69;1;2;1074;
2;76;1;2;944;
46;0;1;2;760;
98;26;1;2;308;
50;57;1;2;916;
98;93;1;2;878;
35;55;1;2;802;
28;10;1;2;552;
91;15;1;2;368;
61;20;1;2;824;
73;48;1;2;533;
50;50;1;2;1169;
23;48;1;2;681;
4;46;1;2;1120;
24;48;1;2;708;
62;98;1;2;310;
67;33;1;2;1026;
17;13;1;2;760;
73;56;1;2;1042;
3;17;1;2;1012;
94;91;1;2;945;
59;41;1;2;1207;
48;17;1;2;503;
89;21;1;2;334;
8;98;1;2;79;
85;60;1;2;863;
7;27;1;2;1209;
84;45;1;2;70;
23;70;1;2;1193;
77;73;1;2;154;
0;1;4;4;
1;1;20;70;
2;1;8;108;
3;1;1;151;
4;1;4;204;
5;1;2;252;
6;1;25;325;
7;1;4;354;
8;1;19;419;
9;1;22;472;
10;1;20;520;
11;1;17;567;
12;1;17;617;
13;1;4;654;
14;1;15;715;
15;1;10;760;
16;1;16;816;
17;1;1;851;
18;1;3;903;
19;1;1;951;
