****17****
100
49;79;1;2;0;
29;67;1;2;0;
79;98;1;2;0;
7;31;1;2;0;
42;42;1;2;0;
97;74;1;2;0;
40;74;1;2;0;
11;6;1;2;0;
46;14;1;2;0;
80;14;1;2;0;
14;70;1;2;0;
16;3;1;2;0;
48;35;1;2;0;
69;88;1;2;0;
99;57;1;2;0;
81;48;1;2;0;
36;11;1;2;0;
15;67;1;2;0;
9;22;1;2;0;
99;51;1;2;0;
16;48;1;2;0;
77;57;1;2;0;
22;88;1;2;0;
15;68;1;2;0;
3;95;1;2;0;
83;17;1;2;0;
18;99;1;2;0;
73;66;1;2;0;
87;94;1;2;0;
6;86;1;2;0;
51;88;1;2;0;
34;39;1;2;0;
99;1;1;2;0;
7;8;1;2;0;
23;58;1;2;0;
11;92;1;2;0;
6;88;1;2;0;
49;29;1;2;0;
28;64;1;2;0;
49;83;1;2;0;
12;84;1;2;0;
53;30;1;2;0;
36;26;1;2;0;
48;23;1;2;0;
20;54;1;2;0;
61;23;1;2;0;
42;47;1;2;0;
62;93;1;2;0;
48;21;1;2;0;
53;23;1;2;0;
31;64;1;2;59;
90;4;1;2;646;
71;33;1;2;830;
20;16;1;2;754;
5;69;1;2;800;
93;47;1;2;120;
16;67;1;2;270;
29;42;1;2;612;
76;57;1;2;954;
24;78;1;2;517;
99;62;1;2;1246;
15;52;1;2;675;
31;23;1;2;471;
64;43;1;2;374;
61;0;1;2;995;
88;93;1;2;1140;
63;61;1;2;646;
97;90;1;2;1052;
73;18;1;2;388;
42;42;1;2;952;
17;42;1;2;1022;
57;9;1;2;604;
53;92;1;2;253;
34;57;1;2;435;
79;18;1;2;459;
98;59;1;2;315;
65;74;1;2;416;
51;71;1;2;895;
79;44;1;2;509;
65;39;1;2;652;
81;56;1;2;683;
59;65;1;2;661;
41;70;1;2;448;
46;4;1;2;873;
46;36;1;2;188;
47;34;1;2;445;
94;51;1;2;979;
54;2;1;2;23;
4;34;1;2;1012;
25;99;1;2;827;
89;80;1;2;451;
46;91;1;2;666;
65;32;1;2;575;
24;78;1;2;651;
92;24;1;2;948;
30;24;1;2;278;
80;70;1;2;396;
52;24;1;2;229;
47;80;1;2;46;
39;6;1;2;235;
0;1;19;19;
1;1;23;73;
2;1;24;124;
3;1;7;157;
4;1;19;219;
5;1;15;265;
6;1;12;312;
7;1;9;359;
8;1;24;424;
9;1;12;462;
10;1;10;510;
11;1;4;554;
12;1;15;615;
13;1;4;654;
14;1;6;706;
15;1;6;756;
16;1;12;812;
17;1;5;855;
18;1;9;909;
19;1;17;967;
