****18****
100
49;39;1;2;0;
45;25;1;2;0;
47;44;1;2;0;
5;90;1;2;0;
36;63;1;2;0;
83;54;1;2;0;
10;57;1;2;0;
12;4;1;2;0;
73;75;1;2;0;
14;74;1;2;0;
62;1;1;2;0;
52;28;1;2;0;
79;59;1;2;0;
11;92;1;2;0;
90;96;1;2;0;
33;39;1;2;0;
35;30;1;2;0;
16;82;1;2;0;
27;22;1;2;0;
24;63;1;2;0;
85;60;1;2;0;
69;48;1;2;0;
17;34;1;2;0;
4;42;1;2;0;
9;70;1;2;0;
68;71;1;2;0;
71;21;1;2;0;
52;3;1;2;0;
32;63;1;2;0;
95;23;1;2;0;
59;81;1;2;0;
14;94;1;2;0;
63;31;1;2;0;
28;90;1;2;0;
5;5;1;2;0;
5;42;1;2;0;
65;75;1;2;0;
90;34;1;2;0;
9;94;1;2;0;
76;70;1;2;0;
65;45;1;2;0;
94;88;1;2;0;
18;46;1;2;0;
91;50;1;2;0;
9;39;1;2;0;
25;68;1;2;0;
72;40;1;2;0;
14;35;1;2;0;
71;42;1;2;0;
78;76;1;2;0;
47;83;1;2;688;
64;58;1;2;898;
98;19;1;2;357;
75;90;1;2;744;
72;36;1;2;238;
42;82;1;2;690;
44;91;1;2;148;
70;11;1;2;45;
10;25;1;2;717;
33;19;1;2;495;
61;19;1;2;721;
31;83;1;2;893;
92;34;1;2;1027;
0;9;1;2;919;
72;33;1;2;1221;
33;75;1;2;957;
38;19;1;2;669;
81;41;1;2;1157;
97;3;1;2;1045;
0;36;1;2;1126;
81;49;1;2;191;
97;33;1;2;909;
72;77;1;2;577;
71;77;1;2;598;
59;2;1;2;220;
84;87;1;2;926;
42;25;1;2;739;
92;7;1;2;796;
4;56;1;2;1155;
94;56;1;2;72;
55;89;1;2;324;
35;86;1;2;562;
2;11;1;2;433;
52;82;1;2;762;
62;41;1;2;575;
58;77;1;2;576;
28;20;1;2;672;
70;64;1;2;1010;
6;20;1;2;385;
93;14;1;2;1231;
68;69;1;2;756;
93;56;1;2;147;
3;59;1;2;1083;
91;63;1;2;53;
56;77;1;2;945;
75;35;1;2;1226;
81;16;1;2;604;
13;38;1;2;999;
56;44;1;2;282;
3;89;1;2;1214;
0;1;9;9;
1;1;9;59;
2;1;17;117;
3;1;3;153;
4;1;4;204;
5;1;23;273;
6;1;9;309;
7;1;10;360;
8;1;9;409;
9;1;25;475;
10;1;1;501;
11;1;22;572;
12;1;1;601;
13;1;9;659;
14;1;25;725;
15;1;20;770;
16;1;9;809;
17;1;12;862;
18;1;16;916;
19;1;17;967;
