****8****
100
87;84;1;2;0;
65;4;1;2;0;
51;19;1;2;0;
76;2;1;2;0;
15;97;1;2;0;
90;65;1;2;0;
80;77;1;2;0;
31;22;1;2;0;
53;23;1;2;0;
25;63;1;2;0;
5;13;1;2;0;
91;66;1;2;0;
89;6;1;2;0;
50;35;1;2;0;
38;79;1;2;0;
35;25;1;2;0;
15;0;1;2;0;
82;18;1;2;0;
71;10;1;2;0;
20;38;1;2;0;
59;63;1;2;0;
3;40;1;2;0;
92;86;1;2;0;
14;45;1;2;0;
10;39;1;2;0;
8;15;1;2;0;
4;0;1;2;0;
81;45;1;2;0;
58;83;1;2;0;
32;97;1;2;0;
14;19;1;2;0;
74;81;1;2;0;
71;8;1;2;0;
51;42;1;2;0;
71;72;1;2;0;
80;30;1;2;0;
87;36;1;2;0;
22;79;1;2;0;
22;37;1;2;0;
25;32;1;2;0;
28;33;1;2;0;
99;85;1;2;0;
85;33;1;2;0;
82;44;1;2;0;
16;15;1;2;0;
93;83;1;2;0;
86;19;1;2;0;
64;58;1;2;0;
80;16;1;2;0;
52;51;1;2;0;
40;33;1;2;738;
27;21;1;2;974;
6;43;1;2;1122;
31;76;1;2;582;
17;27;1;2;768;
54;60;1;2;869;
50;77;1;2;232;
95;60;1;2;1137;
67;76;1;2;928;
47;92;1;2;337;
50;32;1;2;837;
83;59;1;2;45;
91;18;1;2;616;
36;1;1;2;324;
10;18;1;2;500;
20;25;1;2;114;
13;75;1;2;104;
73;23;1;2;1110;
20;90;1;2;184;
24;89;1;2;28;
33;39;1;2;516;
75;74;1;2;600;
90;66;1;2;694;
49;54;1;2;1022;
35;64;1;2;48;
49;37;1;2;599;
24;2;1;2;1230;
75;76;1;2;979;
91;96;1;2;367;
83;72;1;2;755;
67;6;1;2;666;
36;33;1;2;985;
65;76;1;2;970;
63;25;1;2;492;
11;60;1;2;598;
82;10;1;2;807;
25;34;1;2;884;
48;61;1;2;128;
94;4;1;2;1075;
82;87;1;2;434;
59;7;1;2;726;
27;43;1;2;1071;
22;8;1;2;1194;
82;24;1;2;927;
97;35;1;2;128;
29;69;1;2;696;
49;47;1;2;562;
72;95;1;2;1229;
23;42;1;2;838;
70;76;1;2;41;
0;1;18;18;
1;1;12;62;
2;1;9;109;
3;1;20;170;
4;1;16;216;
5;1;4;254;
6;1;8;308;
7;1;13;363;
8;1;15;415;
9;1;22;472;
10;1;21;521;
11;1;14;564;
12;1;11;611;
13;1;20;670;
14;1;1;701;
15;1;13;763;
16;1;24;824;
17;1;21;871;
18;1;24;924;
19;1;1;951;
