****16****
100
47;8;1;2;0;
88;70;1;2;0;
46;65;1;2;0;
75;12;1;2;0;
95;13;1;2;0;
36;11;1;2;0;
10;34;1;2;0;
11;94;1;2;0;
93;27;1;2;0;
6;63;1;2;0;
2;46;1;2;0;
82;75;1;2;0;
73;47;1;2;0;
5;95;1;2;0;
20;68;1;2;0;
3;19;1;2;0;
28;91;1;2;0;
89;75;1;2;0;
57;16;1;2;0;
39;4;1;2;0;
82;27;1;2;0;
67;92;1;2;0;
61;30;1;2;0;
38;55;1;2;0;
57;44;1;2;0;
70;60;1;2;0;
91;52;1;2;0;
87;16;1;2;0;
51;92;1;2;0;
11;71;1;2;0;
12;66;1;2;0;
90;41;1;2;0;
58;31;1;2;0;
68;67;1;2;0;
48;7;1;2;0;
23;82;1;2;0;
86;90;1;2;0;
74;47;1;2;0;
20;64;1;2;0;
54;78;1;2;0;
8;24;1;2;0;
38;99;1;2;0;
29;77;1;2;0;
67;80;1;2;0;
70;79;1;2;0;
4;82;1;2;0;
97;46;1;2;0;
75;55;1;2;0;
78;95;1;2;0;
74;78;1;2;0;
2;97;1;2;198;
88;39;1;2;317;
88;12;1;2;1189;
94;90;1;2;1064;
19;80;1;2;678;
48;57;1;2;623;
80;79;1;2;522;
84;14;1;2;185;
31;89;1;2;958;
61;85;1;2;216;
39;39;1;2;57;
99;80;1;2;198;
85;20;1;2;697;
87;14;1;2;1206;
45;33;1;2;793;
55;33;1;2;741;
85;66;1;2;859;
93;50;1;2;745;
51;33;1;2;118;
65;94;1;2;836;
5;33;1;2;860;
42;84;1;2;1023;
19;21;1;2;585;
60;8;1;2;1023;
91;54;1;2;429;
6;61;1;2;786;
79;98;1;2;748;
31;92;1;2;732;
49;95;1;2;1182;
56;60;1;2;760;
49;65;1;2;360;
33;60;1;2;182;
49;31;1;2;1007;
85;92;1;2;273;
35;35;1;2;760;
71;42;1;2;644;
93;73;1;2;550;
80;4;1;2;214;
70;53;1;2;1072;
94;9;1;2;331;
12;10;1;2;388;
67;95;1;2;836;
55;44;1;2;1088;
17;81;1;2;1055;
87;69;1;2;692;
11;40;1;2;327;
0;85;1;2;848;
36;18;1;2;465;
16;88;1;2;70;
44;34;1;2;1033;
0;1;8;8;
1;1;24;74;
2;1;25;125;
3;1;11;161;
4;1;17;217;
5;1;23;273;
6;1;2;302;
7;1;22;372;
8;1;19;419;
9;1;24;474;
10;1;16;516;
11;1;1;551;
12;1;15;615;
13;1;3;653;
14;1;20;720;
15;1;16;766;
16;1;16;816;
17;1;12;862;
18;1;12;912;
19;1;17;967;
