****12****
100
80;63;1;2;0;
63;94;1;2;0;
0;43;1;2;0;
58;28;1;2;0;
33;23;1;2;0;
61;91;1;2;0;
45;46;1;2;0;
11;88;1;2;0;
0;92;1;2;0;
97;77;1;2;0;
69;2;1;2;0;
13;27;1;2;0;
48;77;1;2;0;
88;9;1;2;0;
2;52;1;2;0;
97;82;1;2;0;
67;12;1;2;0;
29;68;1;2;0;
55;87;1;2;0;
96;41;1;2;0;
62;9;1;2;0;
32;7;1;2;0;
55;95;1;2;0;
47;55;1;2;0;
88;44;1;2;0;
32;57;1;2;0;
46;98;1;2;0;
84;46;1;2;0;
27;25;1;2;0;
56;30;1;2;0;
29;5;1;2;0;
64;97;1;2;0;
17;93;1;2;0;
65;24;1;2;0;
80;13;1;2;0;
17;95;1;2;0;
22;50;1;2;0;
2;29;1;2;0;
45;2;1;2;0;
85;85;1;2;0;
46;69;1;2;0;
95;45;1;2;0;
19;31;1;2;0;
91;47;1;2;0;
56;99;1;2;0;
77;38;1;2;0;
4;93;1;2;0;
35;73;1;2;0;
87;52;1;2;0;
50;19;1;2;0;
65;67;1;2;1232;
39;69;1;2;290;
68;67;1;2;887;
5;52;1;2;1113;
27;47;1;2;989;
46;79;1;2;1022;
93;87;1;2;857;
22;25;1;2;1209;
16;12;1;2;596;
3;64;1;2;104;
74;81;1;2;465;
89;20;1;2;801;
58;41;1;2;1037;
29;46;1;2;265;
98;73;1;2;72;
13;72;1;2;224;
71;65;1;2;908;
28;40;1;2;500;
42;56;1;2;529;
30;11;1;2;211;
19;37;1;2;730;
28;26;1;2;929;
7;36;1;2;206;
52;17;1;2;591;
2;16;1;2;322;
0;81;1;2;430;
28;4;1;2;935;
96;32;1;2;251;
42;75;1;2;88;
0;57;1;2;410;
22;28;1;2;852;
78;57;1;2;465;
7;16;1;2;935;
28;68;1;2;968;
96;23;1;2;106;
38;75;1;2;590;
3;55;1;2;940;
86;52;1;2;443;
9;94;1;2;1094;
40;94;1;2;1134;
34;68;1;2;987;
66;99;1;2;798;
76;58;1;2;903;
22;86;1;2;303;
38;83;1;2;515;
22;73;1;2;826;
87;76;1;2;210;
8;15;1;2;40;
62;24;1;2;817;
42;17;1;2;1034;
0;1;6;6;
1;1;2;52;
2;1;7;107;
3;1;24;174;
4;1;18;218;
5;1;6;256;
6;1;24;324;
7;1;19;369;
8;1;14;414;
9;1;15;465;
10;1;19;519;
11;1;1;551;
12;1;1;601;
13;1;7;657;
14;1;9;709;
15;1;13;763;
16;1;7;807;
17;1;7;857;
18;1;22;922;
19;1;21;971;
