****14****
100
87;29;1;2;0;
34;59;1;2;0;
12;3;1;2;0;
40;11;1;2;0;
80;81;1;2;0;
73;63;1;2;0;
54;87;1;2;0;
71;74;1;2;0;
28;16;1;2;0;
90;57;1;2;0;
37;58;1;2;0;
6;95;1;2;0;
16;72;1;2;0;
92;91;1;2;0;
15;43;1;2;0;
26;2;1;2;0;
24;60;1;2;0;
61;88;1;2;0;
15;54;1;2;0;
0;96;1;2;0;
35;25;1;2;0;
11;41;1;2;0;
12;83;1;2;0;
67;93;1;2;0;
51;57;1;2;0;
2;88;1;2;0;
15;9;1;2;0;
35;83;1;2;0;
33;27;1;2;0;
26;48;1;2;0;
22;52;1;2;0;
3;47;1;2;0;
64;16;1;2;0;
35;80;1;2;0;
70;87;1;2;0;
28;57;1;2;0;
65;39;1;2;0;
50;29;1;2;0;
22;17;1;2;0;
22;73;1;2;0;
26;25;1;2;0;
14;41;1;2;0;
86;49;1;2;0;
76;71;1;2;0;
77;2;1;2;0;
72;99;1;2;0;
54;75;1;2;0;
98;71;1;2;0;
91;86;1;2;0;
51;14;1;2;0;
73;79;1;2;902;
38;70;1;2;847;
68;45;1;2;1098;
42;70;1;2;11;
19;84;1;2;174;
5;34;1;2;1249;
77;63;1;2;123;
49;62;1;2;578;
76;13;1;2;114;
19;99;1;2;4;
85;72;1;2;100;
9;63;1;2;487;
35;83;1;2;753;
30;77;1;2;975;
52;97;1;2;1197;
68;54;1;2;256;
60;83;1;2;175;
54;84;1;2;107;
7;12;1;2;1147;
79;32;1;2;554;
54;69;1;2;290;
8;30;1;2;21;
85;17;1;2;517;
6;48;1;2;937;
46;52;1;2;284;
23;72;1;2;934;
85;32;1;2;736;
59;39;1;2;561;
99;46;1;2;209;
0;78;1;2;919;
52;32;1;2;261;
76;93;1;2;856;
16;30;1;2;262;
90;36;1;2;45;
90;35;1;2;1001;
91;10;1;2;482;
95;95;1;2;990;
34;6;1;2;930;
9;5;1;2;561;
97;57;1;2;1249;
17;9;1;2;30;
7;38;1;2;903;
79;54;1;2;603;
16;44;1;2;668;
54;87;1;2;970;
96;78;1;2;989;
10;25;1;2;663;
57;11;1;2;166;
95;21;1;2;392;
80;18;1;2;131;
0;1;22;22;
1;1;12;62;
2;1;14;114;
3;1;19;169;
4;1;21;221;
5;1;2;252;
6;1;13;313;
7;1;25;375;
8;1;8;408;
9;1;12;462;
10;1;18;518;
11;1;2;552;
12;1;25;625;
13;1;22;672;
14;1;16;716;
15;1;22;772;
16;1;20;820;
17;1;20;870;
18;1;7;907;
19;1;6;956;
