****4****
100
3;72;1;2;0;
63;3;1;2;0;
88;40;1;2;0;
40;98;1;2;0;
54;56;1;2;0;
22;4;1;2;0;
90;79;1;2;0;
19;91;1;2;0;
13;91;1;2;0;
63;21;1;2;0;
60;0;1;2;0;
53;16;1;2;0;
67;76;1;2;0;
2;14;1;2;0;
41;16;1;2;0;
3;44;1;2;0;
88;18;1;2;0;
48;77;1;2;0;
59;40;1;2;0;
27;65;1;2;0;
96;2;1;2;0;
69;86;1;2;0;
81;41;1;2;0;
29;94;1;2;0;
32;44;1;2;0;
67;44;1;2;0;
45;20;1;2;0;
60;64;1;2;0;
49;14;1;2;0;
78;90;1;2;0;
30;33;1;2;0;
35;71;1;2;0;
52;35;1;2;0;
48;63;1;2;0;
75;27;1;2;0;
28;72;1;2;0;
81;50;1;2;0;
10;62;1;2;0;
91;92;1;2;0;
8;75;1;2;0;
36;76;1;2;0;
19;33;1;2;0;
48;31;1;2;0;
98;97;1;2;0;
45;76;1;2;0;
88;76;1;2;0;
62;75;1;2;0;
47;14;1;2;0;
10;47;1;2;0;
29;85;1;2;0;
26;9;1;2;1222;
8;59;1;2;333;
22;2;1;2;855;
31;77;1;2;187;
59;48;1;2;1067;
7;79;1;2;1073;
5;77;1;2;546;
45;5;1;2;28;
72;4;1;2;385;
82;51;1;2;731;
19;29;1;2;796;
81;89;1;2;103;
5;12;1;2;158;
21;43;1;2;88;
73;2;1;2;1073;
59;61;1;2;757;
95;18;1;2;875;
8;63;1;2;744;
82;87;1;2;820;
23;69;1;2;672;
44;41;1;2;726;
75;74;1;2;589;
66;79;1;2;845;
11;52;1;2;423;
33;25;1;2;44;
4;37;1;2;269;
7;32;1;2;813;
86;40;1;2;1183;
23;75;1;2;7;
11;50;1;2;656;
3;94;1;2;759;
76;70;1;2;435;
38;36;1;2;336;
65;99;1;2;679;
34;32;1;2;253;
58;37;1;2;273;
95;96;1;2;880;
98;34;1;2;1049;
17;57;1;2;344;
76;69;1;2;82;
4;24;1;2;63;
25;52;1;2;1229;
20;42;1;2;716;
46;7;1;2;399;
24;94;1;2;366;
79;4;1;2;906;
72;99;1;2;740;
97;49;1;2;278;
66;67;1;2;729;
11;95;1;2;879;
0;1;6;6;
1;1;25;75;
2;1;7;107;
3;1;20;170;
4;1;2;202;
5;1;9;259;
6;1;8;308;
7;1;22;372;
8;1;2;402;
9;1;7;457;
10;1;20;520;
11;1;11;561;
12;1;5;605;
13;1;19;669;
14;1;7;707;
15;1;13;763;
16;1;25;825;
17;1;11;861;
18;1;7;907;
19;1;22;972;
