****19****
100
2;36;1;2;0;
32;93;1;2;0;
18;88;1;2;0;
89;73;1;2;0;
92;79;1;2;0;
43;50;1;2;0;
89;34;1;2;0;
5;44;1;2;0;
81;38;1;2;0;
3;92;1;2;0;
64;53;1;2;0;
13;66;1;2;0;
11;64;1;2;0;
85;96;1;2;0;
51;3;1;2;0;
63;5;1;2;0;
39;95;1;2;0;
50;9;1;2;0;
83;40;1;2;0;
83;27;1;2;0;
71;26;1;2;0;
30;60;1;2;0;
60;35;1;2;0;
4;93;1;2;0;
73;8;1;2;0;
85;89;1;2;0;
13;51;1;2;0;
56;77;1;2;0;
67;93;1;2;0;
25;70;1;2;0;
96;40;1;2;0;
28;87;1;2;0;
35;78;1;2;0;
97;71;1;2;0;
18;32;1;2;0;
50;89;1;2;0;
58;80;1;2;0;
1;70;1;2;0;
15;6;1;2;0;
15;40;1;2;0;
66;53;1;2;0;
82;31;1;2;0;
56;38;1;2;0;
8;23;1;2;0;
31;86;1;2;0;
94;80;1;2;0;
26;22;1;2;0;
67;62;1;2;0;
52;16;1;2;0;
85;23;1;2;0;
48;35;1;2;430;
58;16;1;2;578;
80;83;1;2;862;
96;76;1;2;920;
1;58;1;2;870;
57;96;1;2;435;
80;79;1;2;230;
26;59;1;2;1108;
0;79;1;2;273;
53;95;1;2;126;
76;96;1;2;772;
40;6;1;2;768;
58;39;1;2;693;
82;87;1;2;117;
72;88;1;2;336;
46;97;1;2;935;
28;77;1;2;1169;
48;56;1;2;704;
94;56;1;2;357;
3;61;1;2;980;
48;89;1;2;939;
81;30;1;2;892;
30;40;1;2;1125;
67;23;1;2;354;
79;95;1;2;516;
50;41;1;2;269;
68;21;1;2;916;
18;69;1;2;1170;
28;64;1;2;498;
16;19;1;2;227;
52;19;1;2;412;
36;1;1;2;700;
79;83;1;2;418;
60;2;1;2;893;
81;82;1;2;1009;
89;32;1;2;1172;
95;52;1;2;711;
30;71;1;2;643;
73;99;1;2;39;
20;15;1;2;890;
33;20;1;2;354;
84;56;1;2;136;
16;35;1;2;1004;
89;48;1;2;1148;
85;29;1;2;1153;
29;18;1;2;570;
66;65;1;2;1120;
76;47;1;2;684;
56;20;1;2;1218;
4;93;1;2;1043;
0;1;22;22;
1;1;2;52;
2;1;4;104;
3;1;9;159;
4;1;11;211;
5;1;13;263;
6;1;25;325;
7;1;5;355;
8;1;25;425;
9;1;25;475;
10;1;21;521;
11;1;23;573;
12;1;5;605;
13;1;7;657;
14;1;4;704;
15;1;14;764;
16;1;13;813;
17;1;25;875;
18;1;8;908;
19;1;6;956;
