****6****
100
14;77;1;2;0;
99;19;1;2;0;
83;54;1;2;0;
72;8;1;2;0;
82;67;1;2;0;
91;24;1;2;0;
33;28;1;2;0;
50;5;1;2;0;
36;88;1;2;0;
10;68;1;2;0;
26;77;1;2;0;
38;90;1;2;0;
91;66;1;2;0;
15;99;1;2;0;
92;85;1;2;0;
50;59;1;2;0;
63;2;1;2;0;
30;98;1;2;0;
8;2;1;2;0;
59;90;1;2;0;
69;50;1;2;0;
14;3;1;2;0;
79;16;1;2;0;
60;15;1;2;0;
56;70;1;2;0;
35;83;1;2;0;
47;74;1;2;0;
73;91;1;2;0;
92;40;1;2;0;
42;85;1;2;0;
78;44;1;2;0;
96;93;1;2;0;
46;26;1;2;0;
91;54;1;2;0;
28;50;1;2;0;
96;50;1;2;0;
1;62;1;2;0;
5;80;1;2;0;
31;65;1;2;0;
47;87;1;2;0;
36;83;1;2;0;
70;35;1;2;0;
57;96;1;2;0;
78;1;1;2;0;
36;20;1;2;0;
86;66;1;2;0;
17;34;1;2;0;
59;63;1;2;0;
60;51;1;2;0;
70;41;1;2;0;
1;18;1;2;487;
54;81;1;2;989;
34;12;1;2;618;
34;99;1;2;28;
17;22;1;2;582;
26;18;1;2;852;
27;6;1;2;699;
66;73;1;2;1142;
0;32;1;2;701;
61;35;1;2;566;
2;89;1;2;817;
45;43;1;2;792;
41;30;1;2;613;
6;64;1;2;63;
56;81;1;2;1188;
45;59;1;2;858;
12;86;1;2;43;
52;52;1;2;742;
57;53;1;2;516;
30;66;1;2;270;
72;20;1;2;24;
33;65;1;2;183;
27;58;1;2;1054;
85;64;1;2;1158;
43;72;1;2;928;
22;17;1;2;1129;
72;82;1;2;910;
80;34;1;2;326;
61;92;1;2;894;
26;74;1;2;843;
79;46;1;2;702;
69;32;1;2;173;
7;11;1;2;1177;
74;97;1;2;899;
58;40;1;2;764;
74;14;1;2;890;
98;38;1;2;92;
12;70;1;2;786;
78;31;1;2;828;
98;10;1;2;919;
35;89;1;2;841;
45;11;1;2;944;
19;70;1;2;916;
52;44;1;2;439;
1;54;1;2;508;
22;29;1;2;1061;
13;27;1;2;1238;
86;91;1;2;1231;
94;69;1;2;382;
45;19;1;2;607;
0;1;24;24;
1;1;6;56;
2;1;20;120;
3;1;23;173;
4;1;3;203;
5;1;8;258;
6;1;6;306;
7;1;22;372;
8;1;3;403;
9;1;25;475;
10;1;24;524;
11;1;24;574;
12;1;17;617;
13;1;25;675;
14;1;4;704;
15;1;2;752;
16;1;23;823;
17;1;8;858;
18;1;2;902;
19;1;13;963;
