****11****
100
51;26;1;2;0;
14;83;1;2;0;
73;18;1;2;0;
71;29;1;2;0;
81;39;1;2;0;
4;16;1;2;0;
61;49;1;2;0;
31;84;1;2;0;
58;46;1;2;0;
64;41;1;2;0;
19;91;1;2;0;
75;67;1;2;0;
88;68;1;2;0;
21;15;1;2;0;
55;88;1;2;0;
9;59;1;2;0;
14;23;1;2;0;
42;87;1;2;0;
42;13;1;2;0;
68;75;1;2;0;
5;72;1;2;0;
92;18;1;2;0;
21;23;1;2;0;
54;79;1;2;0;
21;18;1;2;0;
73;93;1;2;0;
61;0;1;2;0;
60;49;1;2;0;
69;33;1;2;0;
16;76;1;2;0;
22;26;1;2;0;
87;88;1;2;0;
49;29;1;2;0;
28;43;1;2;0;
95;96;1;2;0;
71;52;1;2;0;
69;63;1;2;0;
70;90;1;2;0;
38;24;1;2;0;
22;60;1;2;0;
94;47;1;2;0;
53;55;1;2;0;
47;65;1;2;0;
56;68;1;2;0;
50;73;1;2;0;
97;72;1;2;0;
99;84;1;2;0;
13;0;1;2;0;
66;41;1;2;0;
44;13;1;2;0;
37;15;1;2;952;
58;30;1;2;215;
1;68;1;2;483;
23;80;1;2;646;
22;85;1;2;279;
21;2;1;2;211;
90;53;1;2;431;
39;77;1;2;487;
75;90;1;2;645;
41;31;1;2;17;
54;21;1;2;548;
19;31;1;2;748;
6;32;1;2;278;
69;55;1;2;940;
26;29;1;2;898;
42;51;1;2;316;
63;93;1;2;477;
8;32;1;2;998;
53;59;1;2;815;
98;1;1;2;575;
91;7;1;2;649;
99;79;1;2;1125;
37;37;1;2;306;
47;7;1;2;223;
90;85;1;2;229;
19;28;1;2;893;
2;43;1;2;510;
38;51;1;2;351;
3;56;1;2;596;
59;54;1;2;142;
99;45;1;2;251;
11;96;1;2;159;
7;85;1;2;228;
84;33;1;2;474;
68;23;1;2;292;
81;94;1;2;894;
46;96;1;2;774;
55;86;1;2;45;
49;90;1;2;1229;
50;1;1;2;435;
56;52;1;2;180;
69;16;1;2;1014;
14;23;1;2;396;
96;7;1;2;1108;
89;75;1;2;18;
15;9;1;2;525;
74;7;1;2;445;
75;62;1;2;253;
28;63;1;2;630;
90;13;1;2;1140;
0;1;7;7;
1;1;22;72;
2;1;11;111;
3;1;20;170;
4;1;17;217;
5;1;2;252;
6;1;5;305;
7;1;8;358;
8;1;3;403;
9;1;1;451;
10;1;6;506;
11;1;12;562;
12;1;6;606;
13;1;20;670;
14;1;15;715;
15;1;12;762;
16;1;12;812;
17;1;24;874;
18;1;15;915;
19;1;13;963;
