****7****
100
11;40;1;2;0;
99;2;1;2;0;
28;45;1;2;0;
71;95;1;2;0;
42;91;1;2;0;
77;65;1;2;0;
98;48;1;2;0;
64;50;1;2;0;
30;19;1;2;0;
21;82;1;2;0;
94;97;1;2;0;
30;37;1;2;0;
73;33;1;2;0;
88;72;1;2;0;
17;15;1;2;0;
85;28;1;2;0;
7;84;1;2;0;
30;35;1;2;0;
81;54;1;2;0;
82;23;1;2;0;
45;11;1;2;0;
41;95;1;2;0;
59;5;1;2;0;
97;89;1;2;0;
25;70;1;2;0;
23;71;1;2;0;
67;6;1;2;0;
60;41;1;2;0;
39;0;1;2;0;
13;57;1;2;0;
15;98;1;2;0;
37;74;1;2;0;
34;68;1;2;0;
61;67;1;2;0;
74;96;1;2;0;
91;71;1;2;0;
7;84;1;2;0;
66;67;1;2;0;
89;63;1;2;0;
56;66;1;2;0;
33;32;1;2;0;
89;53;1;2;0;
38;49;1;2;0;
94;29;1;2;0;
2;59;1;2;0;
38;69;1;2;0;
10;76;1;2;0;
44;96;1;2;0;
96;57;1;2;0;
64;70;1;2;0;
53;7;1;2;888;
61;91;1;2;682;
80;32;1;2;851;
88;99;1;2;4;
20;40;1;2;850;
58;42;1;2;480;
88;44;1;2;994;
78;13;1;2;359;
54;9;1;2;412;
50;19;1;2;1248;
72;72;1;2;212;
13;85;1;2;547;
24;65;1;2;718;
46;6;1;2;1088;
6;26;1;2;894;
18;37;1;2;345;
77;77;1;2;1018;
47;55;1;2;477;
27;10;1;2;585;
55;12;1;2;842;
0;85;1;2;337;
51;50;1;2;656;
98;75;1;2;938;
25;73;1;2;730;
55;31;1;2;237;
25;50;1;2;407;
90;27;1;2;366;
98;26;1;2;131;
20;53;1;2;526;
56;8;1;2;376;
58;60;1;2;941;
85;12;1;2;607;
50;62;1;2;840;
80;87;1;2;136;
68;94;1;2;537;
82;71;1;2;856;
34;61;1;2;4;
14;60;1;2;226;
50;32;1;2;1096;
48;88;1;2;524;
11;99;1;2;226;
58;84;1;2;879;
8;86;1;2;529;
85;66;1;2;360;
36;34;1;2;209;
18;17;1;2;185;
2;3;1;2;635;
65;17;1;2;540;
54;20;1;2;1162;
96;20;1;2;1052;
0;1;24;24;
1;1;7;57;
2;1;13;113;
3;1;14;164;
4;1;18;218;
5;1;24;274;
6;1;16;316;
7;1;1;351;
8;1;11;411;
9;1;7;457;
10;1;14;514;
11;1;4;554;
12;1;10;610;
13;1;2;652;
14;1;14;714;
15;1;9;759;
16;1;22;822;
17;1;8;858;
18;1;5;905;
19;1;24;974;
