****13****
100
9;88;1;2;0;
29;76;1;2;0;
9;43;1;2;0;
53;24;1;2;0;
85;70;1;2;0;
37;17;1;2;0;
21;19;1;2;0;
15;91;1;2;0;
51;88;1;2;0;
84;90;1;2;0;
4;4;1;2;0;
67;32;1;2;0;
63;75;1;2;0;
94;44;1;2;0;
8;17;1;2;0;
64;69;1;2;0;
58;45;1;2;0;
98;67;1;2;0;
88;51;1;2;0;
44;26;1;2;0;
21;81;1;2;0;
43;42;1;2;0;
52;11;1;2;0;
85;4;1;2;0;
99;70;1;2;0;
94;56;1;2;0;
26;13;1;2;0;
88;89;1;2;0;
88;82;1;2;0;
33;48;1;2;0;
99;50;1;2;0;
69;57;1;2;0;
47;67;1;2;0;
77;36;1;2;0;
18;21;1;2;0;
14;91;1;2;0;
54;57;1;2;0;
86;7;1;2;0;
20;71;1;2;0;
63;72;1;2;0;
93;57;1;2;0;
28;20;1;2;0;
70;16;1;2;0;
9;10;1;2;0;
50;95;1;2;0;
10;1;1;2;0;
97;31;1;2;0;
11;44;1;2;0;
51;88;1;2;0;
32;69;1;2;0;
61;46;1;2;499;
15;56;1;2;476;
74;28;1;2;719;
37;0;1;2;82;
46;28;1;2;65;
68;44;1;2;369;
30;46;1;2;144;
92;48;1;2;1126;
24;59;1;2;876;
75;47;1;2;415;
96;60;1;2;893;
9;75;1;2;448;
60;2;1;2;355;
31;39;1;2;390;
47;38;1;2;881;
83;6;1;2;1003;
80;89;1;2;1179;
25;81;1;2;362;
14;57;1;2;260;
52;32;1;2;189;
23;81;1;2;909;
44;90;1;2;394;
21;51;1;2;682;
26;34;1;2;845;
84;33;1;2;961;
19;68;1;2;248;
2;48;1;2;46;
31;73;1;2;597;
9;40;1;2;479;
97;44;1;2;137;
85;19;1;2;205;
80;63;1;2;397;
55;84;1;2;1188;
80;63;1;2;11;
49;47;1;2;701;
55;18;1;2;36;
20;20;1;2;102;
74;4;1;2;1045;
10;65;1;2;703;
55;62;1;2;1203;
84;47;1;2;926;
43;80;1;2;1229;
96;35;1;2;379;
0;68;1;2;128;
90;17;1;2;1185;
65;24;1;2;827;
8;45;1;2;374;
99;19;1;2;369;
68;81;1;2;242;
77;88;1;2;1186;
0;1;7;7;
1;1;24;74;
2;1;12;112;
3;1;7;157;
4;1;19;219;
5;1;17;267;
6;1;20;320;
7;1;15;365;
8;1;5;405;
9;1;20;470;
10;1;17;517;
11;1;23;573;
12;1;8;608;
13;1;9;659;
14;1;17;717;
15;1;21;771;
16;1;1;801;
17;1;16;866;
18;1;2;902;
19;1;9;959;
