****9****
100
17;69;1;2;0;
24;64;1;2;0;
3;0;1;2;0;
6;41;1;2;0;
70;83;1;2;0;
19;12;1;2;0;
71;4;1;2;0;
84;86;1;2;0;
85;66;1;2;0;
24;74;1;2;0;
88;44;1;2;0;
87;25;1;2;0;
65;39;1;2;0;
87;16;1;2;0;
9;36;1;2;0;
16;78;1;2;0;
57;92;1;2;0;
43;60;1;2;0;
92;49;1;2;0;
53;15;1;2;0;
84;25;1;2;0;
79;55;1;2;0;
81;63;1;2;0;
94;66;1;2;0;
30;18;1;2;0;
92;70;1;2;0;
14;79;1;2;0;
95;79;1;2;0;
71;35;1;2;0;
95;80;1;2;0;
71;63;1;2;0;
59;28;1;2;0;
8;2;1;2;0;
40;0;1;2;0;
3;45;1;2;0;
67;40;1;2;0;
70;47;1;2;0;
47;4;1;2;0;
62;41;1;2;0;
70;44;1;2;0;
11;63;1;2;0;
14;25;1;2;0;
94;62;1;2;0;
57;65;1;2;0;
97;4;1;2;0;
98;20;1;2;0;
68;9;1;2;0;
48;76;1;2;0;
63;88;1;2;0;
28;18;1;2;0;
85;96;1;2;74;
56;95;1;2;381;
60;57;1;2;107;
82;54;1;2;799;
97;68;1;2;363;
44;82;1;2;92;
9;31;1;2;727;
59;51;1;2;851;
68;51;1;2;119;
83;91;1;2;1163;
2;77;1;2;1049;
60;85;1;2;480;
18;45;1;2;608;
18;79;1;2;299;
29;29;1;2;42;
17;73;1;2;700;
15;34;1;2;348;
65;94;1;2;405;
35;14;1;2;613;
33;98;1;2;387;
59;0;1;2;1013;
86;12;1;2;222;
55;31;1;2;633;
86;1;1;2;56;
71;30;1;2;884;
25;99;1;2;255;
13;14;1;2;541;
84;31;1;2;372;
7;66;1;2;1005;
34;51;1;2;25;
52;11;1;2;240;
47;97;1;2;8;
27;4;1;2;175;
52;43;1;2;64;
60;14;1;2;474;
98;39;1;2;983;
56;4;1;2;1219;
1;41;1;2;337;
40;48;1;2;441;
94;34;1;2;397;
97;86;1;2;585;
1;33;1;2;803;
17;60;1;2;281;
16;64;1;2;558;
16;77;1;2;682;
98;75;1;2;1163;
79;31;1;2;197;
27;85;1;2;636;
55;25;1;2;849;
1;71;1;2;197;
0;1;1;1;
1;1;22;72;
2;1;10;110;
3;1;12;162;
4;1;23;223;
5;1;18;268;
6;1;21;321;
7;1;17;367;
8;1;6;406;
9;1;12;462;
10;1;10;510;
11;1;22;572;
12;1;19;619;
13;1;3;653;
14;1;24;724;
15;1;18;768;
16;1;1;801;
17;1;24;874;
18;1;8;908;
19;1;5;955;
