5306,5365
5290,5365
5280,5365
5275,5365
5275,5365
5275,5365
5275,5365
5275,5365
5275,5365
5275,5365
5275,5365
5275,5365
5275,5365
5275,5365
5274,5365
5274,5365
5274,5365
5274,5365
5274,5365
5274,5365
5274,5365
5274,5365
5274,5365
5274,5365
5274,5365
5274,5365
5274,5365
5274,5365
5274,5365
5274,5365
5274,5365
5274,5365
5274,5365
5274,5365
5274,5365
5274,5365
5274,5365
5274,5365
5274,5365
5274,5365
5274,5365
5274,5365
5274,5365
5274,5365
5274,5365
5274,5365
5274,5365
5274,5365
5274,5365
5274,5365
5274,5365
5274,5365
5274,5365
5274,5365
5274,5365
5274,5365
5274,5365
5274,5365
5274,5365
5274,5365
