6078
6033
6033
6031
6019
6015
6009
6009
6009
6009
6009
6009
6009
6008
6008
6008
6008
6008
6007
5991
5991
5991
5991
5989
5989
5989
5989
5989
5989
5989
5989
5989
5988
5988
5988
5988
5988
5988
5988
5988
5988
5988
5988
5988
5988
5988
5988
5988
5988
5988
5988
5988
5988
5988
5988
5988
5988
5988
5988
5988
5988
5988
5988
5988
5988
5988
5988
5988
5988
5988
5988
5988
5988
5988
5988
5988
5988
5988
5988
5988
5988
5988
5988
5988
5988
5988
5988
5988
5988
5988
5988
5988
5988
5988
5988
5988
5988
5988
5988
5988
5988
5988
5988
5988
5988
5988
5988
5988
5988
5988
5988
5988
5988
5988
5988
5988
5988
5988
5988
5988
5988
5988
5988
5988
5988
5988
5988
5988
5988
5988
5988
5988
5988
5988
5988
5988
5988
5988
5988
5988
5988
5988
5988
5988
5988
5988
5988
5988
5988
5988
5988
5988
5988
5988
