5417,5477
5407,5477
5406,5477
5405,5477
5405,5477
5404,5477
5399,5477
5398,5477
5396,5477
5396,5477
5396,5477
5396,5477
5394,5477
5394,5477
5394,5477
5394,5477
5394,5477
5393,5477
5393,5477
5393,5477
5393,5477
5393,5477
5393,5477
5393,5477
5393,5477
5393,5477
5393,5477
5393,5477
5393,5477
5393,5477
5393,5477
5393,5477
5393,5477
5392,5477
5392,5477
5392,5477
5392,5477
5392,5477
5392,5477
5392,5477
5391,5477
5391,5477
5390,5477
5390,5477
5390,5477
5390,5477
5390,5477
5390,5477
5390,5477
5390,5477
5390,5477
5390,5477
5390,5477
5390,5477
5390,5477
5390,5477
5390,5477
5390,5477
5390,5477
5390,5477
