****11****
100
74;6;1;2;0;
87;52;1;2;0;
54;86;1;2;0;
62;53;1;2;0;
94;73;1;2;0;
46;37;1;2;0;
16;83;1;2;0;
23;21;1;2;0;
66;18;1;2;0;
28;34;1;2;0;
11;82;1;2;0;
38;74;1;2;0;
41;45;1;2;0;
51;32;1;2;0;
42;60;1;2;0;
73;67;1;2;0;
17;11;1;2;0;
70;22;1;2;0;
97;31;1;2;0;
27;42;1;2;0;
3;72;1;2;0;
79;18;1;2;0;
7;53;1;2;0;
39;24;1;2;0;
71;66;1;2;0;
58;33;1;2;0;
99;47;1;2;0;
6;39;1;2;0;
91;57;1;2;0;
22;84;1;2;0;
68;94;1;2;0;
50;36;1;2;0;
5;20;1;2;0;
58;53;1;2;0;
2;84;1;2;0;
94;5;1;2;0;
7;24;1;2;0;
74;13;1;2;0;
29;64;1;2;0;
89;51;1;2;0;
81;98;1;2;0;
83;79;1;2;0;
44;88;1;2;0;
69;86;1;2;0;
96;91;1;2;0;
70;15;1;2;0;
84;71;1;2;0;
51;40;1;2;0;
42;60;1;2;0;
92;44;1;2;0;
95;38;1;2;1546;
1;13;1;2;859;
66;41;1;2;113;
54;91;1;2;136;
51;25;1;2;115;
46;65;1;2;2020;
31;60;1;2;1599;
52;27;1;2;1801;
23;29;1;2;1311;
16;88;1;2;1824;
59;82;1;2;639;
58;34;1;2;134;
83;99;1;2;2432;
71;52;1;2;606;
91;54;1;2;683;
90;99;1;2;2277;
10;82;1;2;440;
19;33;1;2;852;
64;7;1;2;1027;
49;23;1;2;752;
77;81;1;2;2335;
94;91;1;2;838;
23;73;1;2;12;
45;43;1;2;1545;
58;33;1;2;1957;
47;75;1;2;1072;
100;84;1;2;2494;
12;2;1;2;2197;
3;18;1;2;2448;
69;66;1;2;187;
27;94;1;2;2144;
65;39;1;2;2369;
37;13;1;2;1717;
8;58;1;2;303;
82;67;1;2;769;
61;65;1;2;728;
87;64;1;2;2199;
46;75;1;2;1783;
38;29;1;2;1282;
88;50;1;2;2007;
60;76;1;2;784;
64;40;1;2;751;
59;29;1;2;2047;
77;36;1;2;2097;
86;69;1;2;1514;
31;29;1;2;981;
50;68;1;2;272;
4;13;1;2;2332;
59;2;1;2;512;
84;41;1;2;842;
0;1;23;13;
1;1;21;119;
2;1;16;209;
3;1;28;317;
4;1;40;412;
5;1;2;500;
6;1;7;605;
7;1;45;723;
8;1;19;810;
9;1;45;919;
10;1;43;1029;
11;1;23;1119;
12;1;4;1203;
13;1;11;1310;
14;1;17;1415;
15;1;45;1523;
16;1;3;1601;
17;1;46;1745;
18;1;26;1809;
19;1;45;1920;
