****8****
100
72;80;1;2;0;
68;41;1;2;0;
19;32;1;2;0;
7;99;1;2;0;
99;30;1;2;0;
24;28;1;2;0;
67;41;1;2;0;
10;21;1;2;0;
35;67;1;2;0;
97;63;1;2;0;
73;5;1;2;0;
73;49;1;2;0;
7;66;1;2;0;
28;36;1;2;0;
19;2;1;2;0;
61;90;1;2;0;
82;80;1;2;0;
82;52;1;2;0;
11;89;1;2;0;
51;61;1;2;0;
70;26;1;2;0;
40;37;1;2;0;
66;2;1;2;0;
9;100;1;2;0;
68;5;1;2;0;
62;93;1;2;0;
9;86;1;2;0;
41;68;1;2;0;
3;68;1;2;0;
3;21;1;2;0;
22;15;1;2;0;
10;3;1;2;0;
46;92;1;2;0;
6;56;1;2;0;
32;56;1;2;0;
69;1;1;2;0;
81;8;1;2;0;
89;98;1;2;0;
9;97;1;2;0;
97;29;1;2;0;
2;10;1;2;0;
21;62;1;2;0;
95;13;1;2;0;
29;97;1;2;0;
33;31;1;2;0;
69;54;1;2;0;
97;79;1;2;0;
8;42;1;2;0;
22;13;1;2;0;
50;5;1;2;0;
21;18;1;2;2261;
53;25;1;2;1292;
51;34;1;2;657;
99;14;1;2;488;
9;86;1;2;878;
3;98;1;2;1941;
52;82;1;2;2195;
20;35;1;2;749;
50;42;1;2;981;
23;7;1;2;1227;
27;27;1;2;807;
84;31;1;2;681;
77;81;1;2;2409;
66;80;1;2;1659;
9;40;1;2;1549;
13;94;1;2;1649;
97;45;1;2;1651;
64;17;1;2;165;
28;18;1;2;466;
33;93;1;2;49;
87;71;1;2;781;
10;54;1;2;1239;
57;30;1;2;2379;
90;48;1;2;1963;
35;8;1;2;1561;
18;72;1;2;762;
50;68;1;2;1744;
63;32;1;2;435;
63;11;1;2;2073;
57;43;1;2;1417;
56;81;1;2;303;
34;42;1;2;994;
94;98;1;2;2281;
34;87;1;2;2320;
6;74;1;2;1605;
16;91;1;2;1010;
20;40;1;2;2481;
21;54;1;2;707;
89;17;1;2;1446;
75;73;1;2;671;
53;80;1;2;2116;
54;65;1;2;1584;
56;58;1;2;2259;
39;92;1;2;1554;
22;49;1;2;1125;
63;64;1;2;23;
24;36;1;2;2402;
4;56;1;2;2410;
67;44;1;2;211;
40;71;1;2;1279;
0;1;7;5;
1;1;6;103;
2;1;26;207;
3;1;44;318;
4;1;28;410;
5;1;24;508;
6;1;5;601;
7;1;19;709;
8;1;9;804;
9;1;41;933;
10;1;19;1011;
11;1;37;1124;
12;1;5;1202;
13;1;20;1315;
14;1;42;1417;
15;1;32;1529;
16;1;14;1600;
17;1;3;1702;
18;1;8;1803;
19;1;24;1910;
