****12****
100
86;96;1;2;0;
42;93;1;2;0;
87;39;1;2;0;
11;55;1;2;0;
64;58;1;2;0;
77;56;1;2;0;
43;1;1;2;0;
12;98;1;2;0;
84;22;1;2;0;
47;2;1;2;0;
25;91;1;2;0;
93;27;1;2;0;
57;38;1;2;0;
96;85;1;2;0;
11;90;1;2;0;
2;49;1;2;0;
37;95;1;2;0;
41;23;1;2;0;
33;3;1;2;0;
30;96;1;2;0;
12;58;1;2;0;
3;7;1;2;0;
58;67;1;2;0;
4;94;1;2;0;
40;3;1;2;0;
95;64;1;2;0;
45;87;1;2;0;
90;2;1;2;0;
25;37;1;2;0;
86;87;1;2;0;
78;39;1;2;0;
35;15;1;2;0;
33;27;1;2;0;
89;66;1;2;0;
82;18;1;2;0;
13;93;1;2;0;
75;16;1;2;0;
51;85;1;2;0;
82;55;1;2;0;
78;73;1;2;0;
9;24;1;2;0;
37;53;1;2;0;
63;78;1;2;0;
54;39;1;2;0;
15;91;1;2;0;
25;44;1;2;0;
81;12;1;2;0;
58;14;1;2;0;
38;47;1;2;0;
79;19;1;2;0;
16;91;1;2;535;
43;58;1;2;187;
27;91;1;2;1255;
4;64;1;2;1846;
27;100;1;2;516;
89;29;1;2;336;
27;95;1;2;1450;
4;39;1;2;665;
15;48;1;2;1689;
52;46;1;2;1126;
23;62;1;2;2370;
38;4;1;2;482;
3;82;1;2;1296;
23;85;1;2;46;
2;63;1;2;2352;
34;4;1;2;544;
72;30;1;2;483;
52;85;1;2;1331;
12;99;1;2;76;
86;3;1;2;271;
89;77;1;2;301;
35;14;1;2;2256;
39;16;1;2;2047;
85;90;1;2;862;
94;44;1;2;1692;
54;29;1;2;1768;
94;52;1;2;2468;
29;55;1;2;1549;
54;19;1;2;2088;
75;56;1;2;2113;
93;44;1;2;409;
24;31;1;2;16;
10;21;1;2;1119;
77;5;1;2;2480;
28;50;1;2;942;
93;55;1;2;2023;
62;100;1;2;1057;
12;29;1;2;1997;
46;82;1;2;510;
31;8;1;2;788;
18;52;1;2;1453;
33;27;1;2;2381;
61;36;1;2;1550;
57;64;1;2;260;
42;91;1;2;1058;
74;36;1;2;1292;
34;49;1;2;1510;
98;60;1;2;2196;
65;57;1;2;2178;
1;88;1;2;1537;
0;1;43;2;
1;1;21;108;
2;1;40;226;
3;1;49;326;
4;1;35;425;
5;1;6;505;
6;1;31;611;
7;1;41;716;
8;1;22;817;
9;1;25;907;
10;1;26;1001;
11;1;5;1104;
12;1;4;1202;
13;1;43;1327;
14;1;24;1417;
15;1;33;1509;
16;1;39;1622;
17;1;47;1711;
18;1;2;1800;
19;1;29;1921;
