****17****
100
65;87;1;2;0;
86;73;1;2;0;
5;14;1;2;0;
83;27;1;2;0;
16;10;1;2;0;
88;19;1;2;0;
10;72;1;2;0;
43;45;1;2;0;
75;94;1;2;0;
53;90;1;2;0;
88;40;1;2;0;
79;46;1;2;0;
87;23;1;2;0;
44;17;1;2;0;
90;14;1;2;0;
21;6;1;2;0;
52;6;1;2;0;
78;56;1;2;0;
71;13;1;2;0;
82;87;1;2;0;
22;70;1;2;0;
57;83;1;2;0;
93;52;1;2;0;
28;68;1;2;0;
45;32;1;2;0;
57;84;1;2;0;
23;87;1;2;0;
30;61;1;2;0;
9;25;1;2;0;
77;99;1;2;0;
90;97;1;2;0;
4;42;1;2;0;
54;34;1;2;0;
49;25;1;2;0;
46;83;1;2;0;
63;19;1;2;0;
4;19;1;2;0;
1;96;1;2;0;
22;80;1;2;0;
15;66;1;2;0;
11;71;1;2;0;
2;85;1;2;0;
58;83;1;2;0;
45;18;1;2;0;
7;73;1;2;0;
16;96;1;2;0;
21;72;1;2;0;
89;75;1;2;0;
5;38;1;2;0;
51;2;1;2;0;
20;13;1;2;1031;
75;83;1;2;466;
70;5;1;2;1341;
85;22;1;2;1639;
7;75;1;2;522;
16;57;1;2;1902;
34;15;1;2;893;
1;63;1;2;839;
72;51;1;2;2316;
28;40;1;2;652;
81;11;1;2;532;
52;85;1;2;1126;
24;7;1;2;1665;
75;91;1;2;1651;
40;49;1;2;2066;
38;65;1;2;560;
85;50;1;2;1832;
56;50;1;2;2292;
47;74;1;2;191;
65;53;1;2;780;
84;34;1;2;356;
16;37;1;2;1898;
82;60;1;2;796;
52;86;1;2;2322;
43;26;1;2;1187;
61;15;1;2;1503;
88;51;1;2;753;
29;6;1;2;2212;
84;5;1;2;843;
89;21;1;2;1794;
86;4;1;2;2456;
94;19;1;2;1359;
86;100;1;2;1469;
36;51;1;2;1630;
76;46;1;2;981;
16;58;1;2;42;
21;97;1;2;721;
26;25;1;2;1410;
81;60;1;2;447;
61;1;1;2;150;
94;86;1;2;1172;
63;31;1;2;1545;
17;68;1;2;2397;
83;3;1;2;387;
34;30;1;2;2176;
10;46;1;2;2327;
100;66;1;2;1399;
93;91;1;2;1228;
92;24;1;2;1603;
94;84;1;2;218;
0;1;19;10;
1;1;26;100;
2;1;42;215;
3;1;43;342;
4;1;24;418;
5;1;42;513;
6;1;42;606;
7;1;8;700;
8;1;36;814;
9;1;44;927;
10;1;18;1007;
11;1;30;1129;
12;1;24;1206;
13;1;33;1328;
14;1;17;1411;
15;1;1;1500;
16;1;47;1638;
17;1;31;1720;
18;1;33;1800;
19;1;2;1901;
