****19****
100
68;44;1;2;0;
10;20;1;2;0;
70;41;1;2;0;
32;58;1;2;0;
25;57;1;2;0;
92;80;1;2;0;
39;82;1;2;0;
27;36;1;2;0;
35;71;1;2;0;
56;47;1;2;0;
9;99;1;2;0;
60;42;1;2;0;
57;99;1;2;0;
46;4;1;2;0;
82;44;1;2;0;
57;49;1;2;0;
87;66;1;2;0;
20;8;1;2;0;
59;51;1;2;0;
17;83;1;2;0;
59;8;1;2;0;
62;98;1;2;0;
41;89;1;2;0;
85;75;1;2;0;
11;92;1;2;0;
21;71;1;2;0;
43;32;1;2;0;
12;51;1;2;0;
31;9;1;2;0;
54;12;1;2;0;
52;10;1;2;0;
12;90;1;2;0;
76;32;1;2;0;
49;34;1;2;0;
34;17;1;2;0;
68;93;1;2;0;
24;29;1;2;0;
42;64;1;2;0;
69;78;1;2;0;
90;31;1;2;0;
21;62;1;2;0;
1;63;1;2;0;
94;64;1;2;0;
13;76;1;2;0;
73;19;1;2;0;
39;76;1;2;0;
28;50;1;2;0;
66;3;1;2;0;
33;66;1;2;0;
88;67;1;2;0;
83;55;1;2;2019;
58;36;1;2;799;
74;56;1;2;2230;
63;87;1;2;1744;
77;87;1;2;1871;
22;51;1;2;1064;
49;75;1;2;457;
87;50;1;2;1583;
88;15;1;2;272;
73;33;1;2;1923;
91;15;1;2;205;
53;72;1;2;1540;
56;97;1;2;249;
40;12;1;2;1601;
92;88;1;2;1547;
59;61;1;2;1891;
91;9;1;2;1713;
92;47;1;2;294;
69;86;1;2;327;
53;58;1;2;553;
24;100;1;2;1704;
1;52;1;2;1748;
66;59;1;2;2351;
86;98;1;2;1377;
92;90;1;2;1104;
84;100;1;2;1956;
31;42;1;2;1738;
99;34;1;2;1311;
69;54;1;2;622;
54;58;1;2;2278;
22;81;1;2;1653;
5;34;1;2;768;
63;51;1;2;422;
65;36;1;2;344;
31;27;1;2;2282;
83;62;1;2;604;
48;44;1;2;1375;
20;43;1;2;50;
91;11;1;2;719;
99;16;1;2;1150;
16;38;1;2;769;
33;94;1;2;2281;
2;56;1;2;2225;
81;72;1;2;854;
57;2;1;2;2270;
23;85;1;2;519;
92;32;1;2;2496;
2;3;1;2;2410;
46;45;1;2;559;
47;95;1;2;2274;
0;1;5;0;
1;1;8;107;
2;1;45;235;
3;1;20;315;
4;1;8;401;
5;1;28;516;
6;1;7;601;
7;1;33;711;
8;1;9;802;
9;1;49;937;
10;1;50;1046;
11;1;1;1100;
12;1;37;1230;
13;1;47;1343;
14;1;46;1402;
15;1;7;1506;
16;1;3;1600;
17;1;46;1711;
18;1;16;1801;
19;1;45;1939;
