****15****
100
13;69;1;2;0;
24;25;1;2;0;
27;11;1;2;0;
44;25;1;2;0;
11;57;1;2;0;
11;52;1;2;0;
17;77;1;2;0;
72;94;1;2;0;
8;28;1;2;0;
86;93;1;2;0;
58;51;1;2;0;
21;24;1;2;0;
23;82;1;2;0;
44;35;1;2;0;
85;11;1;2;0;
58;98;1;2;0;
31;81;1;2;0;
74;9;1;2;0;
43;18;1;2;0;
33;5;1;2;0;
74;43;1;2;0;
56;42;1;2;0;
71;79;1;2;0;
35;79;1;2;0;
7;72;1;2;0;
23;16;1;2;0;
23;96;1;2;0;
39;45;1;2;0;
29;82;1;2;0;
31;14;1;2;0;
44;40;1;2;0;
63;74;1;2;0;
20;36;1;2;0;
34;14;1;2;0;
53;66;1;2;0;
18;79;1;2;0;
60;25;1;2;0;
20;82;1;2;0;
3;7;1;2;0;
12;9;1;2;0;
78;87;1;2;0;
24;100;1;2;0;
82;14;1;2;0;
96;10;1;2;0;
47;78;1;2;0;
23;90;1;2;0;
17;37;1;2;0;
15;88;1;2;0;
73;48;1;2;0;
1;77;1;2;0;
65;70;1;2;1507;
76;94;1;2;2422;
10;97;1;2;1279;
21;5;1;2;2079;
7;81;1;2;2418;
40;94;1;2;741;
50;41;1;2;104;
24;82;1;2;487;
61;97;1;2;2365;
85;96;1;2;1841;
61;61;1;2;2261;
68;88;1;2;2207;
46;97;1;2;1672;
30;70;1;2;954;
43;76;1;2;1148;
8;16;1;2;1246;
69;17;1;2;788;
7;92;1;2;547;
13;4;1;2;2180;
59;88;1;2;2219;
6;49;1;2;1499;
22;68;1;2;1016;
83;65;1;2;38;
41;46;1;2;812;
55;88;1;2;1545;
1;96;1;2;1148;
92;16;1;2;383;
24;74;1;2;963;
37;38;1;2;2249;
50;97;1;2;24;
6;2;1;2;469;
27;23;1;2;95;
35;57;1;2;1320;
39;97;1;2;423;
65;3;1;2;1987;
66;55;1;2;926;
34;47;1;2;483;
70;70;1;2;764;
49;58;1;2;2258;
32;7;1;2;2331;
3;64;1;2;319;
73;42;1;2;988;
11;76;1;2;1544;
64;67;1;2;1159;
11;83;1;2;787;
97;48;1;2;1580;
30;33;1;2;2281;
30;54;1;2;1181;
3;54;1;2;1328;
13;86;1;2;2401;
0;1;20;7;
1;1;46;122;
2;1;10;206;
3;1;9;305;
4;1;15;406;
5;1;36;532;
6;1;33;604;
7;1;13;705;
8;1;44;841;
9;1;20;904;
10;1;46;1026;
11;1;4;1102;
12;1;26;1223;
13;1;2;1300;
14;1;20;1416;
15;1;29;1523;
16;1;26;1619;
17;1;16;1715;
18;1;10;1805;
19;1;7;1905;
