****0****
100
21;98;1;2;0;
53;44;1;2;0;
3;26;1;2;0;
12;10;1;2;0;
30;58;1;2;0;
84;2;1;2;0;
35;6;1;2;0;
86;18;1;2;0;
29;86;1;2;0;
49;9;1;2;0;
46;51;1;2;0;
81;60;1;2;0;
59;2;1;2;0;
97;23;1;2;0;
14;52;1;2;0;
87;34;1;2;0;
1;39;1;2;0;
29;3;1;2;0;
16;40;1;2;0;
12;45;1;2;0;
97;48;1;2;0;
47;83;1;2;0;
5;84;1;2;0;
100;33;1;2;0;
70;100;1;2;0;
41;67;1;2;0;
3;21;1;2;0;
78;13;1;2;0;
74;75;1;2;0;
36;87;1;2;0;
78;22;1;2;0;
72;78;1;2;0;
12;1;1;2;0;
80;27;1;2;0;
40;44;1;2;0;
23;89;1;2;0;
91;21;1;2;0;
71;47;1;2;0;
57;23;1;2;0;
79;26;1;2;0;
22;71;1;2;0;
44;24;1;2;0;
91;21;1;2;0;
37;64;1;2;0;
47;24;1;2;0;
2;24;1;2;0;
45;73;1;2;0;
53;8;1;2;0;
73;85;1;2;0;
34;65;1;2;0;
28;8;1;2;1899;
70;81;1;2;2398;
16;37;1;2;2133;
46;14;1;2;995;
16;57;1;2;166;
58;77;1;2;352;
73;76;1;2;894;
74;51;1;2;1976;
98;4;1;2;521;
23;88;1;2;2024;
87;67;1;2;1455;
91;36;1;2;1809;
65;3;1;2;275;
14;48;1;2;1584;
36;15;1;2;2427;
81;72;1;2;493;
67;44;1;2;118;
23;69;1;2;2138;
76;66;1;2;414;
87;40;1;2;1214;
32;26;1;2;2263;
36;68;1;2;781;
20;85;1;2;855;
92;50;1;2;1549;
25;85;1;2;1468;
66;17;1;2;1939;
35;83;1;2;2272;
80;6;1;2;259;
27;33;1;2;2059;
77;19;1;2;1928;
66;2;1;2;1766;
21;89;1;2;975;
63;60;1;2;1950;
7;51;1;2;1827;
98;27;1;2;1603;
55;44;1;2;1442;
31;79;1;2;1702;
54;10;1;2;773;
45;88;1;2;632;
53;16;1;2;1804;
1;81;1;2;1313;
75;53;1;2;610;
20;15;1;2;1510;
97;73;1;2;1781;
75;70;1;2;514;
37;24;1;2;132;
67;6;1;2;1134;
80;59;1;2;1137;
50;55;1;2;2279;
4;7;1;2;2475;
0;1;29;18;
1;1;24;118;
2;1;34;205;
3;1;21;317;
4;1;44;414;
5;1;49;507;
6;1;26;610;
7;1;35;700;
8;1;11;805;
9;1;29;921;
10;1;15;1009;
11;1;7;1101;
12;1;49;1228;
13;1;29;1326;
14;1;12;1405;
15;1;21;1507;
16;1;45;1606;
17;1;46;1721;
18;1;24;1823;
19;1;30;1927;
