****2****
100
54;62;1;2;0;
34;100;1;2;0;
73;86;1;2;0;
43;44;1;2;0;
90;12;1;2;0;
86;75;1;2;0;
25;57;1;2;0;
40;95;1;2;0;
90;14;1;2;0;
40;62;1;2;0;
60;34;1;2;0;
78;29;1;2;0;
47;43;1;2;0;
51;57;1;2;0;
88;60;1;2;0;
9;94;1;2;0;
21;94;1;2;0;
93;93;1;2;0;
79;35;1;2;0;
89;68;1;2;0;
98;74;1;2;0;
42;22;1;2;0;
30;34;1;2;0;
16;19;1;2;0;
99;55;1;2;0;
33;59;1;2;0;
40;62;1;2;0;
39;38;1;2;0;
4;89;1;2;0;
95;43;1;2;0;
48;55;1;2;0;
36;20;1;2;0;
48;80;1;2;0;
13;78;1;2;0;
66;1;1;2;0;
45;63;1;2;0;
26;38;1;2;0;
84;55;1;2;0;
23;51;1;2;0;
26;22;1;2;0;
58;10;1;2;0;
32;49;1;2;0;
71;22;1;2;0;
87;26;1;2;0;
10;33;1;2;0;
20;9;1;2;0;
87;56;1;2;0;
80;86;1;2;0;
87;92;1;2;0;
63;53;1;2;0;
44;59;1;2;1099;
69;48;1;2;1631;
24;71;1;2;76;
1;44;1;2;1428;
10;27;1;2;1271;
32;48;1;2;2004;
9;9;1;2;234;
28;69;1;2;652;
35;48;1;2;78;
74;40;1;2;869;
78;35;1;2;1702;
44;4;1;2;469;
46;79;1;2;958;
51;31;1;2;841;
64;40;1;2;69;
26;23;1;2;1286;
74;83;1;2;2330;
6;62;1;2;451;
24;49;1;2;1901;
27;22;1;2;152;
92;99;1;2;99;
15;94;1;2;694;
38;92;1;2;2230;
30;94;1;2;1832;
18;57;1;2;2045;
83;35;1;2;379;
44;8;1;2;1666;
64;66;1;2;1121;
53;89;1;2;466;
41;16;1;2;765;
20;7;1;2;504;
33;74;1;2;782;
50;11;1;2;734;
96;92;1;2;434;
73;61;1;2;1315;
40;44;1;2;2146;
82;39;1;2;2432;
5;54;1;2;2408;
42;6;1;2;227;
75;98;1;2;972;
33;17;1;2;506;
89;50;1;2;538;
39;51;1;2;1533;
83;46;1;2;1955;
69;70;1;2;143;
63;62;1;2;1168;
43;43;1;2;1320;
30;99;1;2;427;
35;41;1;2;1442;
28;67;1;2;1266;
0;1;36;35;
1;1;16;109;
2;1;38;200;
3;1;42;329;
4;1;17;403;
5;1;11;506;
6;1;36;628;
7;1;36;721;
8;1;45;806;
9;1;42;904;
10;1;41;1014;
11;1;18;1111;
12;1;25;1201;
13;1;30;1323;
14;1;31;1407;
15;1;23;1503;
16;1;45;1625;
17;1;20;1704;
18;1;7;1800;
19;1;14;1911;
