****1****
100
15;30;1;2;0;
33;90;1;2;0;
4;20;1;2;0;
20;14;1;2;0;
81;100;1;2;0;
90;48;1;2;0;
61;46;1;2;0;
24;60;1;2;0;
4;3;1;2;0;
39;17;1;2;0;
40;9;1;2;0;
58;84;1;2;0;
7;53;1;2;0;
13;81;1;2;0;
20;42;1;2;0;
100;34;1;2;0;
71;84;1;2;0;
75;74;1;2;0;
55;94;1;2;0;
39;36;1;2;0;
46;28;1;2;0;
83;6;1;2;0;
26;58;1;2;0;
17;81;1;2;0;
60;55;1;2;0;
97;51;1;2;0;
16;6;1;2;0;
86;22;1;2;0;
58;98;1;2;0;
54;77;1;2;0;
91;53;1;2;0;
63;13;1;2;0;
37;37;1;2;0;
38;91;1;2;0;
83;76;1;2;0;
78;28;1;2;0;
4;12;1;2;0;
85;81;1;2;0;
70;2;1;2;0;
13;81;1;2;0;
8;9;1;2;0;
32;75;1;2;0;
14;69;1;2;0;
97;23;1;2;0;
19;2;1;2;0;
51;61;1;2;0;
55;13;1;2;0;
74;43;1;2;0;
50;11;1;2;0;
85;84;1;2;0;
39;63;1;2;936;
42;74;1;2;2318;
74;43;1;2;970;
86;76;1;2;2408;
46;59;1;2;170;
11;27;1;2;1259;
33;97;1;2;2081;
83;58;1;2;693;
48;31;1;2;2042;
49;93;1;2;1872;
32;31;1;2;1559;
94;24;1;2;428;
40;97;1;2;1988;
92;34;1;2;748;
51;79;1;2;820;
84;89;1;2;1960;
66;73;1;2;465;
49;8;1;2;842;
38;7;1;2;1029;
21;55;1;2;925;
36;86;1;2;405;
66;31;1;2;2132;
21;22;1;2;992;
18;13;1;2;418;
43;63;1;2;1377;
25;47;1;2;1672;
86;64;1;2;1997;
44;12;1;2;809;
58;1;1;2;1549;
55;21;1;2;104;
44;8;1;2;832;
63;73;1;2;2176;
58;93;1;2;1449;
2;63;1;2;2123;
27;57;1;2;1610;
82;81;1;2;77;
78;67;1;2;1285;
99;62;1;2;2313;
78;19;1;2;1359;
12;73;1;2;461;
51;68;1;2;1495;
28;83;1;2;1022;
86;40;1;2;1969;
14;41;1;2;1324;
7;19;1;2;2340;
14;53;1;2;838;
67;30;1;2;1278;
83;80;1;2;1627;
10;58;1;2;226;
41;21;1;2;611;
0;1;42;40;
1;1;16;113;
2;1;2;201;
3;1;31;303;
4;1;40;436;
5;1;3;500;
6;1;46;618;
7;1;1;700;
8;1;22;808;
9;1;18;917;
10;1;34;1011;
11;1;22;1101;
12;1;19;1212;
13;1;25;1318;
14;1;23;1421;
15;1;44;1515;
16;1;19;1603;
17;1;14;1700;
18;1;11;1800;
19;1;8;1903;
