****7****
100
41;46;1;2;0;
23;52;1;2;0;
14;48;1;2;0;
54;86;1;2;0;
79;4;1;2;0;
69;10;1;2;0;
42;51;1;2;0;
22;68;1;2;0;
87;40;1;2;0;
77;92;1;2;0;
91;4;1;2;0;
10;13;1;2;0;
79;32;1;2;0;
95;73;1;2;0;
62;37;1;2;0;
79;54;1;2;0;
34;2;1;2;0;
5;48;1;2;0;
1;10;1;2;0;
33;79;1;2;0;
14;53;1;2;0;
40;7;1;2;0;
4;61;1;2;0;
26;90;1;2;0;
52;3;1;2;0;
33;94;1;2;0;
6;94;1;2;0;
58;36;1;2;0;
26;53;1;2;0;
8;39;1;2;0;
41;86;1;2;0;
44;75;1;2;0;
39;48;1;2;0;
74;39;1;2;0;
10;6;1;2;0;
69;23;1;2;0;
10;9;1;2;0;
81;65;1;2;0;
21;6;1;2;0;
55;25;1;2;0;
8;39;1;2;0;
18;65;1;2;0;
33;76;1;2;0;
52;10;1;2;0;
80;59;1;2;0;
48;72;1;2;0;
97;91;1;2;0;
98;35;1;2;0;
90;71;1;2;0;
26;99;1;2;0;
28;94;1;2;2155;
38;2;1;2;1080;
2;75;1;2;1933;
8;99;1;2;12;
47;16;1;2;1440;
79;43;1;2;2130;
88;22;1;2;255;
87;46;1;2;1870;
29;43;1;2;1518;
18;14;1;2;1633;
69;93;1;2;2219;
93;30;1;2;1288;
46;84;1;2;1556;
8;43;1;2;1486;
25;41;1;2;1758;
11;71;1;2;951;
97;58;1;2;1667;
93;96;1;2;277;
37;24;1;2;1049;
63;42;1;2;1574;
19;62;1;2;906;
16;54;1;2;784;
18;51;1;2;2056;
43;58;1;2;445;
17;35;1;2;251;
59;45;1;2;977;
44;93;1;2;1880;
50;37;1;2;86;
53;73;1;2;1497;
98;88;1;2;585;
9;6;1;2;672;
12;73;1;2;1417;
96;90;1;2;1396;
16;32;1;2;47;
30;1;1;2;2381;
32;59;1;2;2339;
57;54;1;2;2051;
40;3;1;2;1774;
70;7;1;2;875;
75;57;1;2;877;
22;65;1;2;909;
81;28;1;2;693;
94;75;1;2;1517;
10;42;1;2;2440;
83;71;1;2;2446;
90;55;1;2;796;
45;11;1;2;946;
41;2;1;2;2056;
26;23;1;2;1912;
35;98;1;2;1558;
0;1;31;28;
1;1;46;129;
2;1;1;200;
3;1;7;303;
4;1;49;400;
5;1;6;502;
6;1;17;609;
7;1;13;710;
8;1;29;819;
9;1;24;920;
10;1;30;1005;
11;1;16;1114;
12;1;2;1200;
13;1;6;1304;
14;1;29;1408;
15;1;6;1500;
16;1;27;1617;
17;1;44;1730;
18;1;27;1802;
19;1;25;1900;
