****18****
100
64;93;1;2;0;
86;57;1;2;0;
20;95;1;2;0;
45;7;1;2;0;
97;39;1;2;0;
94;16;1;2;0;
86;74;1;2;0;
77;59;1;2;0;
96;10;1;2;0;
73;12;1;2;0;
30;73;1;2;0;
96;26;1;2;0;
52;26;1;2;0;
18;85;1;2;0;
99;69;1;2;0;
94;14;1;2;0;
13;31;1;2;0;
70;84;1;2;0;
25;14;1;2;0;
91;73;1;2;0;
4;36;1;2;0;
40;89;1;2;0;
9;17;1;2;0;
47;57;1;2;0;
78;20;1;2;0;
68;7;1;2;0;
44;64;1;2;0;
84;96;1;2;0;
89;53;1;2;0;
32;39;1;2;0;
21;25;1;2;0;
52;86;1;2;0;
8;73;1;2;0;
69;32;1;2;0;
87;11;1;2;0;
5;90;1;2;0;
99;96;1;2;0;
79;59;1;2;0;
12;77;1;2;0;
15;89;1;2;0;
48;83;1;2;0;
47;44;1;2;0;
46;31;1;2;0;
91;86;1;2;0;
83;22;1;2;0;
25;56;1;2;0;
98;28;1;2;0;
41;5;1;2;0;
1;61;1;2;0;
89;39;1;2;0;
24;93;1;2;1455;
22;40;1;2;1575;
80;52;1;2;828;
95;92;1;2;22;
29;39;1;2;294;
74;21;1;2;956;
11;3;1;2;1864;
35;10;1;2;1600;
15;2;1;2;994;
15;15;1;2;1422;
5;90;1;2;951;
84;11;1;2;414;
46;42;1;2;2260;
84;88;1;2;2226;
69;16;1;2;2254;
50;41;1;2;2291;
20;52;1;2;1182;
64;38;1;2;608;
5;52;1;2;88;
50;18;1;2;116;
84;22;1;2;1545;
13;58;1;2;1852;
30;3;1;2;2115;
50;86;1;2;2496;
14;54;1;2;1896;
15;55;1;2;209;
37;27;1;2;144;
65;90;1;2;2255;
50;94;1;2;1598;
89;95;1;2;2452;
42;30;1;2;2072;
84;43;1;2;1916;
88;24;1;2;1059;
86;26;1;2;331;
23;39;1;2;2253;
75;5;1;2;2121;
72;93;1;2;894;
20;57;1;2;433;
6;59;1;2;2344;
95;47;1;2;118;
1;41;1;2;179;
29;76;1;2;980;
66;16;1;2;434;
5;1;1;2;800;
29;75;1;2;1807;
11;1;1;2;708;
95;73;1;2;2292;
9;92;1;2;244;
12;97;1;2;171;
8;43;1;2;2165;
0;1;2;1;
1;1;13;109;
2;1;24;202;
3;1;42;335;
4;1;6;405;
5;1;46;539;
6;1;2;600;
7;1;32;704;
8;1;37;820;
9;1;26;900;
10;1;4;1002;
11;1;41;1134;
12;1;47;1244;
13;1;44;1336;
14;1;11;1403;
15;1;44;1525;
16;1;32;1609;
17;1;40;1704;
18;1;46;1800;
19;1;46;1932;
