****13****
100
32;35;1;2;0;
87;62;1;2;0;
33;79;1;2;0;
38;57;1;2;0;
6;14;1;2;0;
66;81;1;2;0;
89;20;1;2;0;
67;92;1;2;0;
43;10;1;2;0;
56;66;1;2;0;
91;89;1;2;0;
33;29;1;2;0;
93;79;1;2;0;
8;96;1;2;0;
25;37;1;2;0;
85;8;1;2;0;
23;72;1;2;0;
21;7;1;2;0;
2;58;1;2;0;
15;8;1;2;0;
71;80;1;2;0;
40;59;1;2;0;
52;7;1;2;0;
3;94;1;2;0;
68;58;1;2;0;
59;10;1;2;0;
98;91;1;2;0;
91;43;1;2;0;
21;98;1;2;0;
38;97;1;2;0;
86;75;1;2;0;
4;8;1;2;0;
98;24;1;2;0;
67;99;1;2;0;
33;81;1;2;0;
6;55;1;2;0;
61;46;1;2;0;
65;64;1;2;0;
4;67;1;2;0;
57;71;1;2;0;
25;67;1;2;0;
32;74;1;2;0;
9;22;1;2;0;
16;81;1;2;0;
72;6;1;2;0;
77;57;1;2;0;
80;32;1;2;0;
17;77;1;2;0;
7;83;1;2;0;
27;91;1;2;0;
15;33;1;2;2213;
27;30;1;2;96;
90;85;1;2;616;
46;55;1;2;659;
64;38;1;2;689;
72;60;1;2;286;
52;31;1;2;143;
80;39;1;2;221;
63;7;1;2;839;
21;89;1;2;1766;
11;56;1;2;1182;
7;82;1;2;544;
68;72;1;2;1429;
95;69;1;2;1946;
98;33;1;2;2400;
26;56;1;2;2009;
70;60;1;2;1392;
19;39;1;2;526;
99;54;1;2;562;
7;74;1;2;271;
42;85;1;2;1447;
8;91;1;2;2003;
8;58;1;2;1667;
39;4;1;2;2069;
77;53;1;2;1130;
52;79;1;2;2358;
38;100;1;2;1179;
6;71;1;2;299;
60;69;1;2;86;
73;28;1;2;311;
27;69;1;2;579;
35;28;1;2;602;
77;35;1;2;480;
90;74;1;2;829;
24;2;1;2;2308;
41;5;1;2;607;
14;42;1;2;1016;
46;47;1;2;1176;
69;58;1;2;1312;
96;83;1;2;2262;
97;61;1;2;793;
82;47;1;2;590;
62;24;1;2;2201;
51;13;1;2;2048;
43;88;1;2;2084;
40;29;1;2;2204;
15;94;1;2;1918;
42;92;1;2;121;
90;12;1;2;2341;
7;7;1;2;1638;
0;1;1;0;
1;1;47;145;
2;1;37;207;
3;1;7;301;
4;1;19;404;
5;1;50;532;
6;1;34;606;
7;1;21;700;
8;1;32;812;
9;1;44;900;
10;1;46;1012;
11;1;42;1124;
12;1;38;1208;
13;1;50;1341;
14;1;38;1420;
15;1;31;1500;
16;1;14;1600;
17;1;5;1704;
18;1;24;1804;
19;1;2;1901;
