****5****
100
89;96;1;2;0;
89;55;1;2;0;
73;23;1;2;0;
12;69;1;2;0;
93;35;1;2;0;
31;25;1;2;0;
30;82;1;2;0;
50;61;1;2;0;
6;36;1;2;0;
82;47;1;2;0;
99;48;1;2;0;
19;8;1;2;0;
5;9;1;2;0;
6;44;1;2;0;
4;4;1;2;0;
54;92;1;2;0;
100;94;1;2;0;
98;24;1;2;0;
68;61;1;2;0;
44;60;1;2;0;
96;74;1;2;0;
36;77;1;2;0;
7;86;1;2;0;
90;12;1;2;0;
21;71;1;2;0;
11;19;1;2;0;
18;29;1;2;0;
79;22;1;2;0;
89;36;1;2;0;
18;92;1;2;0;
39;23;1;2;0;
35;38;1;2;0;
16;85;1;2;0;
61;84;1;2;0;
45;56;1;2;0;
43;40;1;2;0;
30;31;1;2;0;
69;36;1;2;0;
16;58;1;2;0;
100;88;1;2;0;
28;10;1;2;0;
7;97;1;2;0;
38;37;1;2;0;
18;26;1;2;0;
72;87;1;2;0;
69;10;1;2;0;
9;55;1;2;0;
100;25;1;2;0;
39;12;1;2;0;
60;84;1;2;0;
68;54;1;2;848;
49;84;1;2;1377;
84;99;1;2;1934;
83;39;1;2;26;
92;97;1;2;1064;
81;33;1;2;2021;
6;56;1;2;666;
26;17;1;2;571;
81;16;1;2;311;
19;80;1;2;2253;
2;47;1;2;426;
29;95;1;2;2452;
23;30;1;2;1855;
75;65;1;2;1320;
53;8;1;2;532;
80;89;1;2;1187;
76;46;1;2;224;
58;72;1;2;2090;
1;4;1;2;1801;
68;22;1;2;465;
46;76;1;2;367;
30;56;1;2;1461;
45;78;1;2;2360;
62;52;1;2;167;
18;57;1;2;1068;
69;88;1;2;1105;
5;63;1;2;517;
47;72;1;2;1832;
54;73;1;2;1104;
29;92;1;2;772;
82;90;1;2;1671;
86;19;1;2;2146;
31;15;1;2;1076;
10;76;1;2;394;
53;45;1;2;132;
52;66;1;2;1352;
42;22;1;2;1075;
78;68;1;2;2473;
37;22;1;2;1112;
99;2;1;2;2305;
35;35;1;2;807;
97;20;1;2;2048;
63;3;1;2;975;
58;12;1;2;1947;
4;17;1;2;1285;
7;20;1;2;2020;
48;61;1;2;341;
100;91;1;2;1477;
27;27;1;2;12;
26;78;1;2;249;
0;1;16;7;
1;1;2;101;
2;1;10;201;
3;1;47;323;
4;1;26;424;
5;1;33;531;
6;1;2;600;
7;1;5;701;
8;1;45;823;
9;1;40;911;
10;1;35;1017;
11;1;43;1117;
12;1;4;1200;
13;1;3;1301;
14;1;46;1437;
15;1;35;1513;
16;1;45;1626;
17;1;13;1703;
18;1;10;1808;
19;1;32;1916;
