****14****
100
45;51;1;2;0;
75;80;1;2;0;
45;47;1;2;0;
67;79;1;2;0;
99;10;1;2;0;
79;44;1;2;0;
50;20;1;2;0;
33;89;1;2;0;
50;32;1;2;0;
32;39;1;2;0;
90;62;1;2;0;
79;3;1;2;0;
91;85;1;2;0;
5;64;1;2;0;
97;56;1;2;0;
58;93;1;2;0;
58;32;1;2;0;
72;3;1;2;0;
30;38;1;2;0;
33;28;1;2;0;
47;11;1;2;0;
23;48;1;2;0;
30;55;1;2;0;
88;31;1;2;0;
39;19;1;2;0;
22;80;1;2;0;
81;100;1;2;0;
35;23;1;2;0;
36;39;1;2;0;
38;32;1;2;0;
46;95;1;2;0;
76;55;1;2;0;
78;47;1;2;0;
9;7;1;2;0;
36;41;1;2;0;
86;82;1;2;0;
3;9;1;2;0;
81;84;1;2;0;
15;68;1;2;0;
15;53;1;2;0;
86;88;1;2;0;
33;18;1;2;0;
87;19;1;2;0;
40;74;1;2;0;
9;78;1;2;0;
57;6;1;2;0;
72;32;1;2;0;
60;50;1;2;0;
78;69;1;2;0;
8;13;1;2;0;
9;94;1;2;1144;
64;2;1;2;933;
47;16;1;2;662;
13;21;1;2;1778;
100;5;1;2;265;
38;23;1;2;2425;
11;31;1;2;1114;
67;36;1;2;752;
98;95;1;2;1019;
27;15;1;2;1353;
91;24;1;2;1854;
36;87;1;2;1168;
13;85;1;2;537;
57;98;1;2;1042;
39;97;1;2;1107;
86;35;1;2;1702;
76;45;1;2;2204;
92;64;1;2;545;
31;13;1;2;1669;
71;92;1;2;1758;
18;82;1;2;372;
59;70;1;2;900;
100;34;1;2;588;
9;91;1;2;177;
86;81;1;2;2007;
19;18;1;2;116;
74;93;1;2;1770;
11;36;1;2;339;
83;66;1;2;1755;
2;88;1;2;1199;
35;6;1;2;1405;
43;16;1;2;1021;
89;15;1;2;978;
19;24;1;2;1939;
47;61;1;2;681;
23;32;1;2;2475;
81;57;1;2;2239;
87;68;1;2;1093;
57;50;1;2;2288;
39;3;1;2;1843;
12;37;1;2;1114;
18;31;1;2;1956;
94;19;1;2;537;
55;90;1;2;2397;
6;88;1;2;1077;
89;10;1;2;184;
89;42;1;2;1422;
81;28;1;2;1996;
61;84;1;2;2449;
7;74;1;2;1950;
0;1;42;28;
1;1;9;103;
2;1;3;200;
3;1;41;331;
4;1;10;401;
5;1;2;500;
6;1;11;609;
7;1;38;707;
8;1;47;803;
9;1;12;902;
10;1;42;1033;
11;1;17;1104;
12;1;26;1219;
13;1;5;1302;
14;1;36;1429;
15;1;14;1504;
16;1;15;1606;
17;1;12;1700;
18;1;13;1806;
19;1;18;1903;
