****12****
100
803;553;1;2;0;
452;541;1;2;0;
67;860;1;2;0;
506;650;1;2;0;
35;976;1;2;0;
715;262;1;2;0;
412;537;1;2;0;
182;340;1;2;0;
775;289;1;2;0;
782;297;1;2;0;
851;393;1;2;0;
941;283;1;2;0;
571;855;1;2;0;
924;363;1;2;0;
602;10;1;2;0;
105;756;1;2;0;
915;557;1;2;0;
296;333;1;2;0;
416;153;1;2;0;
334;803;1;2;0;
129;401;1;2;0;
64;892;1;2;0;
289;245;1;2;0;
232;63;1;2;0;
885;365;1;2;0;
712;736;1;2;0;
757;4;1;2;0;
18;679;1;2;0;
211;294;1;2;0;
41;812;1;2;0;
655;498;1;2;0;
567;921;1;2;0;
54;215;1;2;0;
253;821;1;2;0;
367;939;1;2;0;
623;847;1;2;0;
691;38;1;2;0;
739;979;1;2;0;
635;322;1;2;0;
42;519;1;2;0;
686;105;1;2;0;
606;794;1;2;0;
460;976;1;2;0;
473;670;1;2;0;
269;865;1;2;0;
833;275;1;2;0;
362;400;1;2;0;
196;767;1;2;0;
966;800;1;2;0;
940;332;1;2;0;
738;914;1;2;16789;
428;952;1;2;7828;
407;938;1;2;6687;
800;808;1;2;3939;
256;414;1;2;18662;
715;741;1;2;2343;
385;361;1;2;23584;
569;635;1;2;15467;
320;182;1;2;20199;
285;982;1;2;16244;
617;719;1;2;6247;
147;499;1;2;8272;
415;257;1;2;19808;
4;408;1;2;1039;
630;663;1;2;8913;
401;729;1;2;5168;
997;465;1;2;23978;
809;34;1;2;23208;
334;353;1;2;5486;
626;638;1;2;9806;
857;606;1;2;17523;
2;752;1;2;23690;
97;166;1;2;16239;
482;521;1;2;6442;
26;502;1;2;2335;
983;254;1;2;21080;
32;250;1;2;22852;
441;410;1;2;3104;
188;744;1;2;16774;
765;369;1;2;20089;
675;226;1;2;8303;
656;227;1;2;453;
134;675;1;2;24872;
221;508;1;2;17740;
714;533;1;2;10245;
870;515;1;2;18801;
106;546;1;2;247;
454;338;1;2;3166;
188;526;1;2;22522;
274;642;1;2;1263;
349;669;1;2;10130;
29;676;1;2;3121;
460;809;1;2;13509;
408;381;1;2;17846;
876;95;1;2;14921;
845;316;1;2;11401;
67;773;1;2;19196;
891;226;1;2;12284;
477;765;1;2;13872;
805;390;1;2;6693;
0;1;800;353;
1;1;800;1837;
2;1;800;3462;
3;1;800;5279;
4;1;800;6517;
5;1;800;8437;
6;1;800;9931;
7;1;800;11276;
8;1;800;13046;
9;1;800;14610;
10;1;800;16335;
11;1;800;18078;
12;1;800;19296;
13;1;800;21010;
14;1;800;22472;
15;1;800;24366;
16;1;800;25654;
17;1;800;27439;
18;1;800;28803;
19;1;800;30873;
