6021
5985
5970
5970
5970
5968
5958
5955
5954
5954
5953
5949
5945
5944
5944
5944
5944
5944
5944
5944
5942
5942
5942
5942
5942
5942
5942
5942
5942
5942
5942
5942
5942
5942
5942
5942
5942
5942
5942
5942
5942
5942
5942
5942
5942
5942
5942
5942
5942
5942
5942
5942
5942
5942
5942
5942
5942
5942
5942
5942
5942
5942
5942
5942
5942
5942
5942
5942
5942
5942
5942
5942
5942
5942
5942
5942
5942
5942
5942
5942
5942
5942
5942
5942
5942
5942
5942
5942
5942
5942
5942
5942
5942
5942
5942
5942
5942
5942
5942
5942
5942
5942
5942
5942
5942
5942
5942
5942
5942
5942
5942
5942
5942
5942
5942
5942
5942
5942
5942
5942
5942
5942
5942
5942
5942
5942
5942
5942
5942
5942
5942
5942
5942
5942
5942
5942
5942
5942
5942
5942
5942
5942
5942
5942
5942
5942
5942
5942
5942
5942
5942
5942
5942
5942
