****8****
100
20;59;1;2;0;
3;82;1;2;0;
84;9;1;2;0;
71;12;1;2;0;
11;35;1;2;0;
25;45;1;2;0;
81;5;1;2;0;
33;9;1;2;0;
39;46;1;2;0;
77;29;1;2;0;
33;81;1;2;0;
66;37;1;2;0;
80;32;1;2;0;
68;6;1;2;0;
42;81;1;2;0;
66;62;1;2;0;
91;69;1;2;0;
95;74;1;2;0;
29;65;1;2;0;
37;91;1;2;0;
51;62;1;2;0;
35;83;1;2;0;
18;19;1;2;0;
92;57;1;2;0;
64;20;1;2;0;
37;96;1;2;0;
100;2;1;2;0;
33;31;1;2;0;
33;100;1;2;0;
36;27;1;2;0;
32;54;1;2;0;
40;75;1;2;0;
22;34;1;2;0;
100;2;1;2;0;
98;37;1;2;0;
93;48;1;2;0;
98;79;1;2;0;
30;15;1;2;0;
98;73;1;2;0;
23;13;1;2;0;
93;60;1;2;0;
61;44;1;2;0;
13;45;1;2;0;
75;98;1;2;0;
96;10;1;2;0;
24;28;1;2;0;
63;63;1;2;0;
2;36;1;2;0;
96;1;1;2;0;
38;45;1;2;0;
89;82;1;2;2449;
86;12;1;2;1474;
53;61;1;2;2088;
27;74;1;2;2054;
38;86;1;2;98;
51;30;1;2;2225;
48;25;1;2;1897;
23;4;1;2;73;
85;57;1;2;1982;
32;10;1;2;841;
76;98;1;2;117;
19;36;1;2;885;
43;40;1;2;130;
40;66;1;2;1711;
29;4;1;2;515;
62;54;1;2;2495;
20;53;1;2;1140;
40;75;1;2;1595;
23;11;1;2;811;
41;94;1;2;2103;
48;69;1;2;426;
88;39;1;2;3;
39;33;1;2;2446;
51;73;1;2;1937;
88;1;1;2;756;
10;14;1;2;335;
61;34;1;2;2154;
37;25;1;2;414;
20;47;1;2;1093;
7;87;1;2;2332;
56;86;1;2;698;
54;25;1;2;1143;
87;64;1;2;140;
59;66;1;2;2279;
48;6;1;2;2113;
89;15;1;2;2241;
34;76;1;2;2390;
84;64;1;2;1956;
59;83;1;2;1016;
93;41;1;2;1552;
71;48;1;2;1904;
70;1;1;2;2191;
58;39;1;2;799;
27;97;1;2;359;
20;45;1;2;80;
14;85;1;2;479;
73;70;1;2;1553;
65;53;1;2;1941;
81;12;1;2;735;
96;56;1;2;1254;
0;1;598;259;
1;1;528;320;
2;1;599;757;
3;1;548;480;
4;1;519;553;
5;1;535;600;
6;1;519;601;
7;1;512;755;
8;1;520;1075;
9;1;583;1296;
10;1;517;1136;
11;1;556;1565;
12;1;531;1725;
13;1;533;1829;
14;1;584;1435;
15;1;551;1947;
16;1;569;1715;
17;1;569;1927;
18;1;558;2279;
19;1;524;2088;
20;1;542;2471;
21;1;544;2563;
22;1;564;2362;
23;1;531;2791;
24;1;502;2685;
25;1;526;2779;
26;1;591;3005;
27;1;539;3215;
28;1;573;2905;
29;1;591;3367;
30;1;514;3350;
31;1;540;3482;
32;1;571;3456;
33;1;502;3351;
34;1;575;3426;
35;1;556;3644;
36;1;586;3914;
37;1;580;3821;
38;1;557;4122;
39;1;536;4133;
40;1;528;4333;
41;1;528;4537;
42;1;546;4657;
43;1;538;4791;
44;1;541;4455;
45;1;577;5058;
46;1;521;4687;
47;1;540;4982;
48;1;575;4915;
49;1;523;5238;
