****3****
100
38;19;1;2;0;
15;31;1;2;0;
51;68;1;2;0;
61;48;1;2;0;
90;22;1;2;0;
72;81;1;2;0;
37;34;1;2;0;
68;92;1;2;0;
55;86;1;2;0;
35;68;1;2;0;
18;14;1;2;0;
39;78;1;2;0;
89;6;1;2;0;
36;54;1;2;0;
4;63;1;2;0;
37;93;1;2;0;
81;3;1;2;0;
23;83;1;2;0;
71;35;1;2;0;
31;60;1;2;0;
8;2;1;2;0;
40;45;1;2;0;
35;60;1;2;0;
88;41;1;2;0;
45;22;1;2;0;
8;15;1;2;0;
87;99;1;2;0;
44;27;1;2;0;
4;79;1;2;0;
32;59;1;2;0;
93;20;1;2;0;
52;26;1;2;0;
23;26;1;2;0;
8;93;1;2;0;
61;38;1;2;0;
4;20;1;2;0;
91;95;1;2;0;
64;25;1;2;0;
54;52;1;2;0;
18;51;1;2;0;
73;25;1;2;0;
65;12;1;2;0;
75;60;1;2;0;
38;79;1;2;0;
90;70;1;2;0;
89;35;1;2;0;
89;92;1;2;0;
60;11;1;2;0;
18;19;1;2;0;
55;30;1;2;0;
57;58;1;2;890;
47;5;1;2;544;
24;58;1;2;610;
93;8;1;2;232;
17;24;1;2;1871;
44;35;1;2;331;
22;25;1;2;1750;
10;11;1;2;1246;
54;70;1;2;1481;
23;88;1;2;59;
52;96;1;2;1899;
52;95;1;2;648;
68;70;1;2;372;
83;62;1;2;1739;
75;30;1;2;1055;
25;73;1;2;1314;
65;46;1;2;2422;
26;8;1;2;1626;
28;61;1;2;401;
40;83;1;2;768;
58;86;1;2;1104;
86;89;1;2;1646;
18;57;1;2;782;
8;39;1;2;856;
57;65;1;2;17;
81;90;1;2;89;
40;6;1;2;788;
27;84;1;2;2237;
72;63;1;2;2433;
38;2;1;2;1601;
92;11;1;2;1347;
45;97;1;2;65;
92;14;1;2;795;
8;73;1;2;1650;
37;81;1;2;363;
95;14;1;2;1307;
78;5;1;2;2312;
7;32;1;2;127;
90;3;1;2;1004;
86;41;1;2;1422;
15;84;1;2;1441;
30;28;1;2;460;
33;71;1;2;1632;
44;78;1;2;327;
93;66;1;2;787;
7;12;1;2;1566;
14;90;1;2;1479;
27;96;1;2;446;
22;37;1;2;93;
32;74;1;2;824;
0;1;594;70;
1;1;514;270;
2;1;570;630;
3;1;584;765;
4;1;511;741;
5;1;597;549;
6;1;574;1056;
7;1;505;1057;
8;1;548;812;
9;1;514;1198;
10;1;558;1352;
11;1;539;1256;
12;1;555;1642;
13;1;541;1712;
14;1;544;1658;
15;1;576;1696;
16;1;507;1766;
17;1;504;2079;
18;1;530;1978;
19;1;529;1943;
20;1;557;2356;
21;1;532;2437;
22;1;517;2472;
23;1;595;2463;
24;1;508;2879;
25;1;577;2946;
26;1;526;2698;
27;1;521;2862;
28;1;527;3258;
29;1;576;3341;
30;1;580;3570;
31;1;511;3172;
32;1;540;3305;
33;1;513;3693;
34;1;504;3768;
35;1;564;3564;
36;1;569;3822;
37;1;542;4212;
38;1;535;4030;
39;1;501;4112;
40;1;595;4358;
41;1;511;4440;
42;1;543;4603;
43;1;503;4727;
44;1;544;4522;
45;1;595;5039;
46;1;581;4670;
47;1;560;4871;
48;1;522;5033;
49;1;544;5397;
