****6****
100
13;83;1;2;0;
72;38;1;2;0;
13;34;1;2;0;
71;84;1;2;0;
55;80;1;2;0;
90;56;1;2;0;
64;36;1;2;0;
46;100;1;2;0;
45;32;1;2;0;
7;63;1;2;0;
87;1;1;2;0;
21;87;1;2;0;
81;56;1;2;0;
49;38;1;2;0;
81;80;1;2;0;
59;45;1;2;0;
63;30;1;2;0;
82;27;1;2;0;
16;4;1;2;0;
62;70;1;2;0;
84;3;1;2;0;
25;47;1;2;0;
39;22;1;2;0;
98;35;1;2;0;
6;4;1;2;0;
50;92;1;2;0;
56;70;1;2;0;
30;89;1;2;0;
77;31;1;2;0;
26;9;1;2;0;
10;36;1;2;0;
53;24;1;2;0;
65;34;1;2;0;
2;80;1;2;0;
38;63;1;2;0;
1;21;1;2;0;
66;78;1;2;0;
19;56;1;2;0;
99;16;1;2;0;
90;56;1;2;0;
72;39;1;2;0;
99;27;1;2;0;
9;29;1;2;0;
67;37;1;2;0;
59;92;1;2;0;
46;20;1;2;0;
27;98;1;2;0;
96;44;1;2;0;
32;97;1;2;0;
75;21;1;2;0;
60;76;1;2;1446;
77;53;1;2;2419;
32;3;1;2;971;
73;59;1;2;403;
12;9;1;2;1565;
72;37;1;2;912;
8;47;1;2;2168;
5;19;1;2;685;
3;14;1;2;2415;
86;62;1;2;913;
6;73;1;2;1126;
98;49;1;2;736;
8;32;1;2;2059;
85;5;1;2;972;
34;68;1;2;169;
61;91;1;2;769;
54;50;1;2;507;
91;55;1;2;875;
55;57;1;2;1282;
61;94;1;2;1715;
42;99;1;2;1533;
2;48;1;2;1959;
62;55;1;2;58;
29;91;1;2;1128;
5;24;1;2;365;
38;36;1;2;389;
12;42;1;2;617;
32;32;1;2;1819;
22;86;1;2;2411;
77;99;1;2;217;
93;92;1;2;392;
82;94;1;2;1881;
72;7;1;2;2103;
41;35;1;2;2030;
18;40;1;2;2066;
62;29;1;2;1275;
48;92;1;2;572;
31;75;1;2;2123;
73;48;1;2;1615;
70;24;1;2;1462;
61;69;1;2;78;
1;50;1;2;1091;
41;21;1;2;239;
34;13;1;2;2077;
18;82;1;2;82;
78;43;1;2;1926;
25;90;1;2;874;
65;73;1;2;2439;
36;45;1;2;2494;
45;66;1;2;2325;
0;1;504;485;
1;1;514;566;
2;1;579;517;
3;1;546;440;
4;1;588;691;
5;1;504;695;
6;1;585;1176;
7;1;534;701;
8;1;551;1294;
9;1;568;1266;
10;1;570;1485;
11;1;543;1106;
12;1;590;1717;
13;1;538;1314;
14;1;575;1554;
15;1;556;1801;
16;1;533;1603;
17;1;532;1870;
18;1;536;1973;
19;1;533;2343;
20;1;577;2203;
21;1;526;2140;
22;1;509;2593;
23;1;573;2609;
24;1;539;2432;
25;1;537;2594;
26;1;559;2927;
27;1;501;2855;
28;1;509;3255;
29;1;511;2975;
30;1;544;3389;
31;1;512;3275;
32;1;539;3715;
33;1;590;3505;
34;1;525;3771;
35;1;600;4052;
36;1;558;3622;
37;1;566;3947;
38;1;536;3929;
39;1;577;4242;
40;1;581;4367;
41;1;533;4210;
42;1;596;4232;
43;1;539;4580;
44;1;574;4790;
45;1;538;4712;
46;1;567;5043;
47;1;597;4931;
48;1;596;4913;
49;1;530;5401;
