****9****
100
17;30;1;2;0;
70;55;1;2;0;
81;49;1;2;0;
56;37;1;2;0;
63;43;1;2;0;
47;90;1;2;0;
56;26;1;2;0;
7;54;1;2;0;
43;97;1;2;0;
23;35;1;2;0;
29;100;1;2;0;
93;1;1;2;0;
67;32;1;2;0;
44;42;1;2;0;
73;18;1;2;0;
43;41;1;2;0;
47;64;1;2;0;
95;27;1;2;0;
12;50;1;2;0;
16;27;1;2;0;
93;14;1;2;0;
16;100;1;2;0;
39;75;1;2;0;
5;33;1;2;0;
23;28;1;2;0;
20;51;1;2;0;
79;12;1;2;0;
3;45;1;2;0;
95;46;1;2;0;
38;67;1;2;0;
63;32;1;2;0;
60;62;1;2;0;
95;54;1;2;0;
88;59;1;2;0;
4;55;1;2;0;
85;48;1;2;0;
68;100;1;2;0;
99;58;1;2;0;
26;4;1;2;0;
43;48;1;2;0;
83;14;1;2;0;
50;13;1;2;0;
77;53;1;2;0;
9;71;1;2;0;
50;99;1;2;0;
90;13;1;2;0;
30;49;1;2;0;
26;77;1;2;0;
2;13;1;2;0;
35;57;1;2;0;
20;71;1;2;1200;
39;70;1;2;2322;
97;48;1;2;2428;
91;47;1;2;1918;
4;97;1;2;1135;
80;1;1;2;2097;
2;50;1;2;1082;
91;14;1;2;2401;
91;39;1;2;2066;
93;4;1;2;324;
1;23;1;2;2179;
57;61;1;2;473;
63;9;1;2;167;
24;51;1;2;1875;
19;54;1;2;974;
78;85;1;2;2361;
45;39;1;2;1497;
11;29;1;2;1595;
6;20;1;2;1334;
29;64;1;2;1546;
86;16;1;2;1620;
65;72;1;2;1158;
13;86;1;2;2123;
9;61;1;2;514;
3;31;1;2;1970;
45;8;1;2;908;
87;53;1;2;1172;
78;15;1;2;1540;
35;72;1;2;1951;
31;100;1;2;1169;
81;37;1;2;1280;
6;1;1;2;982;
91;13;1;2;98;
36;73;1;2;1056;
84;27;1;2;776;
86;71;1;2;391;
76;9;1;2;2002;
52;87;1;2;1689;
8;21;1;2;1855;
36;3;1;2;2065;
78;36;1;2;146;
36;41;1;2;774;
18;83;1;2;1926;
85;18;1;2;1267;
16;54;1;2;676;
78;91;1;2;1125;
100;66;1;2;2478;
25;17;1;2;1229;
17;76;1;2;1478;
27;11;1;2;2060;
0;1;589;393;
1;1;545;265;
2;1;576;664;
3;1;536;684;
4;1;519;529;
5;1;529;694;
6;1;588;608;
7;1;541;1192;
8;1;574;986;
9;1;541;1180;
10;1;596;1264;
11;1;502;1421;
12;1;519;1648;
13;1;540;1664;
14;1;596;1741;
15;1;534;2023;
16;1;590;2089;
17;1;522;1947;
18;1;566;1802;
19;1;510;2153;
20;1;558;2254;
21;1;572;2148;
22;1;535;2428;
23;1;550;2457;
24;1;547;2744;
25;1;533;2526;
26;1;526;3125;
27;1;558;3103;
28;1;503;2868;
29;1;572;3361;
30;1;550;3305;
31;1;582;3231;
32;1;587;3706;
33;1;509;3513;
34;1;563;3595;
35;1;588;3875;
36;1;508;3930;
37;1;568;3953;
38;1;527;4270;
39;1;550;4322;
40;1;506;4291;
41;1;566;4552;
42;1;519;4203;
43;1;530;4572;
44;1;571;4847;
45;1;570;4892;
46;1;559;4938;
47;1;564;4976;
48;1;557;5068;
49;1;549;5394;
