****4****
100
64;8;1;2;0;
86;84;1;2;0;
54;27;1;2;0;
69;40;1;2;0;
15;69;1;2;0;
34;9;1;2;0;
49;44;1;2;0;
81;91;1;2;0;
26;83;1;2;0;
64;70;1;2;0;
13;11;1;2;0;
44;46;1;2;0;
67;56;1;2;0;
69;89;1;2;0;
79;13;1;2;0;
14;43;1;2;0;
72;99;1;2;0;
78;25;1;2;0;
77;46;1;2;0;
65;43;1;2;0;
66;50;1;2;0;
52;14;1;2;0;
45;32;1;2;0;
57;70;1;2;0;
66;72;1;2;0;
91;31;1;2;0;
82;35;1;2;0;
28;49;1;2;0;
42;96;1;2;0;
89;20;1;2;0;
60;2;1;2;0;
14;31;1;2;0;
52;92;1;2;0;
8;80;1;2;0;
37;24;1;2;0;
23;55;1;2;0;
73;26;1;2;0;
20;17;1;2;0;
9;76;1;2;0;
86;74;1;2;0;
100;29;1;2;0;
4;33;1;2;0;
63;83;1;2;0;
33;56;1;2;0;
31;21;1;2;0;
75;90;1;2;0;
74;89;1;2;0;
73;77;1;2;0;
80;80;1;2;0;
57;68;1;2;0;
3;31;1;2;424;
27;56;1;2;2350;
43;64;1;2;2194;
80;89;1;2;672;
8;45;1;2;651;
22;27;1;2;1290;
29;57;1;2;1493;
4;99;1;2;849;
44;71;1;2;463;
75;2;1;2;1290;
42;56;1;2;1002;
16;82;1;2;1865;
61;76;1;2;1177;
81;7;1;2;1211;
53;67;1;2;684;
5;40;1;2;689;
41;69;1;2;1320;
98;72;1;2;1758;
29;15;1;2;658;
36;41;1;2;780;
51;82;1;2;754;
48;49;1;2;1257;
100;9;1;2;1741;
67;42;1;2;1650;
22;94;1;2;1370;
22;98;1;2;2046;
100;90;1;2;1045;
34;88;1;2;800;
19;68;1;2;455;
73;3;1;2;296;
29;5;1;2;567;
39;52;1;2;1689;
83;3;1;2;1016;
1;69;1;2;739;
78;90;1;2;1535;
69;11;1;2;1550;
52;62;1;2;2082;
2;96;1;2;2118;
24;14;1;2;10;
11;86;1;2;1223;
91;66;1;2;2047;
52;57;1;2;983;
13;91;1;2;2397;
35;91;1;2;2466;
98;69;1;2;2404;
54;89;1;2;391;
7;92;1;2;2122;
54;94;1;2;1413;
35;17;1;2;27;
36;79;1;2;1121;
0;1;590;100;
1;1;561;324;
2;1;572;436;
3;1;562;724;
4;1;559;855;
5;1;571;929;
6;1;561;963;
7;1;521;1146;
8;1;522;965;
9;1;570;1070;
10;1;501;1211;
11;1;534;1161;
12;1;511;1463;
13;1;562;1777;
14;1;507;1518;
15;1;514;1550;
16;1;513;1861;
17;1;597;1713;
18;1;546;1841;
19;1;573;2127;
20;1;587;2002;
21;1;505;2209;
22;1;563;2224;
23;1;533;2324;
24;1;586;2735;
25;1;569;2527;
26;1;572;2745;
27;1;584;2945;
28;1;573;3254;
29;1;553;3413;
30;1;590;3508;
31;1;528;3133;
32;1;596;3619;
33;1;590;3451;
34;1;537;3842;
35;1;545;3850;
36;1;509;4026;
37;1;575;3772;
38;1;578;4142;
39;1;511;4038;
40;1;513;4307;
41;1;553;4589;
42;1;532;4508;
43;1;570;4354;
44;1;586;4431;
45;1;536;4790;
46;1;592;5050;
47;1;580;5179;
48;1;590;5291;
49;1;581;5083;
