****0****
100
74;13;1;2;0;
66;90;1;2;0;
49;74;1;2;0;
22;56;1;2;0;
26;11;1;2;0;
1;29;1;2;0;
9;38;1;2;0;
64;69;1;2;0;
17;6;1;2;0;
34;34;1;2;0;
80;30;1;2;0;
52;18;1;2;0;
90;77;1;2;0;
98;28;1;2;0;
94;56;1;2;0;
24;68;1;2;0;
20;41;1;2;0;
9;69;1;2;0;
15;30;1;2;0;
76;92;1;2;0;
92;28;1;2;0;
20;53;1;2;0;
66;35;1;2;0;
21;82;1;2;0;
40;6;1;2;0;
67;71;1;2;0;
35;70;1;2;0;
88;77;1;2;0;
46;37;1;2;0;
56;92;1;2;0;
92;79;1;2;0;
11;12;1;2;0;
20;19;1;2;0;
32;86;1;2;0;
48;7;1;2;0;
29;92;1;2;0;
35;48;1;2;0;
44;100;1;2;0;
34;16;1;2;0;
33;25;1;2;0;
21;99;1;2;0;
95;7;1;2;0;
20;34;1;2;0;
35;65;1;2;0;
71;90;1;2;0;
56;62;1;2;0;
21;66;1;2;0;
73;40;1;2;0;
84;4;1;2;0;
77;84;1;2;0;
63;5;1;2;1836;
97;4;1;2;2274;
48;89;1;2;500;
80;13;1;2;1445;
30;7;1;2;356;
49;40;1;2;568;
13;62;1;2;761;
21;24;1;2;2258;
38;48;1;2;854;
74;4;1;2;2365;
57;66;1;2;559;
83;14;1;2;955;
4;61;1;2;1902;
88;40;1;2;418;
44;69;1;2;805;
58;69;1;2;343;
59;81;1;2;663;
98;53;1;2;1193;
8;91;1;2;168;
10;64;1;2;1808;
39;72;1;2;23;
73;6;1;2;364;
61;9;1;2;1398;
38;96;1;2;1116;
26;91;1;2;125;
25;100;1;2;1936;
63;59;1;2;1791;
62;8;1;2;1700;
37;67;1;2;988;
59;28;1;2;809;
36;67;1;2;1252;
78;91;1;2;1652;
33;3;1;2;1784;
100;40;1;2;2150;
6;18;1;2;1692;
32;42;1;2;770;
26;4;1;2;2456;
52;17;1;2;6;
83;53;1;2;683;
4;63;1;2;340;
88;98;1;2;1346;
47;27;1;2;1757;
59;11;1;2;32;
79;10;1;2;575;
98;67;1;2;1303;
55;50;1;2;524;
64;27;1;2;1080;
82;79;1;2;1136;
56;13;1;2;1884;
48;17;1;2;993;
0;1;567;244;
1;1;520;252;
2;1;503;248;
3;1;580;560;
4;1;509;561;
5;1;592;750;
6;1;580;1068;
7;1;589;1259;
8;1;596;1114;
9;1;550;910;
10;1;565;1235;
11;1;592;1506;
12;1;539;1411;
13;1;508;1554;
14;1;546;1527;
15;1;517;1781;
16;1;579;1897;
17;1;517;2092;
18;1;538;2213;
19;1;594;1948;
20;1;558;2522;
21;1;569;2562;
22;1;525;2281;
23;1;558;2459;
24;1;547;2408;
25;1;582;2783;
26;1;543;2640;
27;1;558;3110;
28;1;524;3152;
29;1;579;3212;
30;1;592;3274;
31;1;586;3268;
32;1;535;3241;
33;1;503;3633;
34;1;549;3772;
35;1;570;3775;
36;1;532;3841;
37;1;594;4056;
38;1;547;3866;
39;1;580;3944;
40;1;510;4381;
41;1;508;4287;
42;1;587;4253;
43;1;537;4721;
44;1;534;4562;
45;1;583;4749;
46;1;562;4715;
47;1;548;4795;
48;1;569;5364;
49;1;519;5303;
