****16****
100
59;1;1;2;0;
19;82;1;2;0;
80;97;1;2;0;
41;31;1;2;0;
40;36;1;2;0;
62;83;1;2;0;
56;41;1;2;0;
5;76;1;2;0;
32;61;1;2;0;
36;10;1;2;0;
62;34;1;2;0;
19;85;1;2;0;
73;79;1;2;0;
91;17;1;2;0;
10;39;1;2;0;
52;20;1;2;0;
91;22;1;2;0;
1;70;1;2;0;
18;42;1;2;0;
100;9;1;2;0;
29;61;1;2;0;
44;36;1;2;0;
53;48;1;2;0;
11;84;1;2;0;
60;99;1;2;0;
45;21;1;2;0;
84;63;1;2;0;
57;56;1;2;0;
93;99;1;2;0;
24;54;1;2;0;
89;27;1;2;0;
73;79;1;2;0;
48;74;1;2;0;
48;18;1;2;0;
67;99;1;2;0;
26;95;1;2;0;
60;69;1;2;0;
82;64;1;2;0;
69;93;1;2;0;
100;28;1;2;0;
43;44;1;2;0;
1;26;1;2;0;
59;9;1;2;0;
81;51;1;2;0;
8;4;1;2;0;
5;96;1;2;0;
82;77;1;2;0;
27;29;1;2;0;
2;74;1;2;0;
46;20;1;2;0;
73;24;1;2;2248;
84;92;1;2;74;
47;12;1;2;1701;
46;40;1;2;449;
42;92;1;2;1243;
100;52;1;2;1329;
50;11;1;2;527;
6;59;1;2;767;
35;85;1;2;229;
36;10;1;2;1971;
56;34;1;2;1416;
21;69;1;2;514;
68;16;1;2;377;
59;13;1;2;475;
44;54;1;2;288;
2;5;1;2;856;
44;7;1;2;1821;
89;12;1;2;908;
67;46;1;2;2431;
74;82;1;2;1718;
78;89;1;2;932;
5;9;1;2;1271;
23;29;1;2;1739;
5;39;1;2;659;
26;83;1;2;587;
42;84;1;2;272;
58;80;1;2;1158;
36;20;1;2;236;
72;87;1;2;2250;
44;12;1;2;779;
73;89;1;2;616;
40;45;1;2;1508;
24;67;1;2;1029;
74;24;1;2;882;
37;49;1;2;1515;
58;43;1;2;1672;
83;100;1;2;184;
62;87;1;2;77;
56;10;1;2;2119;
44;53;1;2;1542;
17;77;1;2;313;
78;17;1;2;2355;
100;40;1;2;679;
1;65;1;2;665;
41;54;1;2;289;
63;11;1;2;2339;
69;93;1;2;171;
57;6;1;2;610;
13;61;1;2;2061;
7;57;1;2;1955;
0;1;512;484;
1;1;548;132;
2;1;555;480;
3;1;594;647;
4;1;507;476;
5;1;506;949;
6;1;532;682;
7;1;525;1212;
8;1;509;1204;
9;1;536;1092;
10;1;531;1187;
11;1;586;1551;
12;1;570;1459;
13;1;548;1572;
14;1;557;1743;
15;1;512;1771;
16;1;529;2071;
17;1;525;2207;
18;1;579;2311;
19;1;588;1965;
20;1;523;2003;
21;1;509;2536;
22;1;543;2268;
23;1;569;2388;
24;1;571;2449;
25;1;532;2912;
26;1;564;2912;
27;1;536;3197;
28;1;519;3163;
29;1;526;3136;
30;1;539;3513;
31;1;594;3312;
32;1;501;3279;
33;1;501;3635;
34;1;540;3639;
35;1;516;3741;
36;1;584;4011;
37;1;568;3886;
38;1;508;4212;
39;1;530;4407;
40;1;593;4486;
41;1;530;4247;
42;1;582;4428;
43;1;545;4614;
44;1;552;4822;
45;1;526;5009;
46;1;560;4658;
47;1;508;4891;
48;1;537;5102;
49;1;542;5325;
