****19****
100
97;17;1;2;0;
27;62;1;2;0;
74;84;1;2;0;
13;90;1;2;0;
50;47;1;2;0;
25;81;1;2;0;
46;52;1;2;0;
34;83;1;2;0;
2;52;1;2;0;
62;92;1;2;0;
75;67;1;2;0;
15;52;1;2;0;
14;18;1;2;0;
80;86;1;2;0;
69;74;1;2;0;
43;65;1;2;0;
42;21;1;2;0;
27;16;1;2;0;
4;39;1;2;0;
57;54;1;2;0;
37;81;1;2;0;
86;34;1;2;0;
84;71;1;2;0;
69;86;1;2;0;
22;30;1;2;0;
29;96;1;2;0;
48;95;1;2;0;
99;61;1;2;0;
64;79;1;2;0;
99;32;1;2;0;
4;93;1;2;0;
49;98;1;2;0;
13;75;1;2;0;
13;69;1;2;0;
65;21;1;2;0;
74;54;1;2;0;
53;11;1;2;0;
87;37;1;2;0;
81;7;1;2;0;
22;2;1;2;0;
36;2;1;2;0;
49;83;1;2;0;
96;48;1;2;0;
96;59;1;2;0;
78;46;1;2;0;
43;81;1;2;0;
90;91;1;2;0;
78;54;1;2;0;
17;42;1;2;0;
22;81;1;2;0;
14;47;1;2;2273;
67;57;1;2;1505;
3;37;1;2;364;
76;90;1;2;2063;
29;39;1;2;1307;
24;38;1;2;80;
34;15;1;2;1035;
76;47;1;2;2108;
66;77;1;2;2400;
82;18;1;2;1595;
15;84;1;2;1879;
100;50;1;2;47;
24;4;1;2;1091;
55;31;1;2;790;
73;59;1;2;648;
73;82;1;2;617;
21;67;1;2;2063;
65;43;1;2;2407;
99;60;1;2;2319;
86;94;1;2;1023;
46;8;1;2;1799;
53;59;1;2;1673;
17;35;1;2;442;
69;89;1;2;336;
10;13;1;2;2373;
90;37;1;2;1279;
58;9;1;2;2172;
41;74;1;2;40;
70;24;1;2;1126;
27;61;1;2;666;
53;6;1;2;298;
11;11;1;2;2302;
21;79;1;2;677;
35;99;1;2;792;
78;8;1;2;2209;
80;97;1;2;1235;
14;7;1;2;453;
67;47;1;2;899;
62;68;1;2;2183;
69;46;1;2;1701;
68;98;1;2;1052;
27;60;1;2;2118;
96;81;1;2;2443;
99;15;1;2;621;
90;92;1;2;2445;
45;23;1;2;1061;
36;89;1;2;2092;
36;55;1;2;94;
61;69;1;2;2482;
9;89;1;2;1569;
0;1;517;464;
1;1;578;264;
2;1;586;684;
3;1;510;710;
4;1;517;847;
5;1;579;821;
6;1;523;1024;
7;1;575;1085;
8;1;516;1092;
9;1;546;1019;
10;1;537;1103;
11;1;539;1512;
12;1;579;1696;
13;1;512;1788;
14;1;508;1683;
15;1;593;2026;
16;1;507;1616;
17;1;511;1724;
18;1;506;2201;
19;1;573;2459;
20;1;539;2359;
21;1;557;2239;
22;1;575;2207;
23;1;547;2548;
24;1;532;2447;
25;1;542;2761;
26;1;559;2863;
27;1;511;2859;
28;1;531;3000;
29;1;501;3303;
30;1;573;3244;
31;1;515;3149;
32;1;562;3450;
33;1;524;3379;
34;1;596;3531;
35;1;594;3806;
36;1;503;3792;
37;1;600;3977;
38;1;533;3800;
39;1;568;3935;
40;1;542;4234;
41;1;535;4449;
42;1;540;4257;
43;1;588;4550;
44;1;571;4822;
45;1;561;4817;
46;1;533;5066;
47;1;575;5143;
48;1;551;4988;
49;1;513;5372;
