****14****
100
99;88;1;2;0;
19;25;1;2;0;
12;78;1;2;0;
66;22;1;2;0;
83;5;1;2;0;
84;68;1;2;0;
39;5;1;2;0;
30;8;1;2;0;
65;49;1;2;0;
25;21;1;2;0;
36;99;1;2;0;
74;57;1;2;0;
8;69;1;2;0;
55;64;1;2;0;
40;5;1;2;0;
94;38;1;2;0;
93;12;1;2;0;
15;56;1;2;0;
41;80;1;2;0;
30;24;1;2;0;
84;13;1;2;0;
43;22;1;2;0;
69;72;1;2;0;
82;34;1;2;0;
20;58;1;2;0;
6;8;1;2;0;
57;79;1;2;0;
64;64;1;2;0;
99;18;1;2;0;
80;38;1;2;0;
75;73;1;2;0;
28;19;1;2;0;
37;42;1;2;0;
26;77;1;2;0;
21;55;1;2;0;
100;5;1;2;0;
68;42;1;2;0;
78;36;1;2;0;
66;59;1;2;0;
21;37;1;2;0;
69;26;1;2;0;
96;25;1;2;0;
56;60;1;2;0;
40;6;1;2;0;
29;19;1;2;0;
44;55;1;2;0;
44;23;1;2;0;
73;80;1;2;0;
64;99;1;2;0;
56;36;1;2;0;
5;8;1;2;1633;
72;1;1;2;1892;
60;18;1;2;1595;
32;7;1;2;1497;
58;2;1;2;1599;
65;13;1;2;2211;
71;42;1;2;2451;
66;96;1;2;932;
88;21;1;2;2124;
3;71;1;2;612;
38;75;1;2;803;
30;47;1;2;90;
99;58;1;2;391;
78;89;1;2;1843;
78;98;1;2;836;
1;63;1;2;1416;
64;85;1;2;2422;
46;50;1;2;1738;
22;89;1;2;618;
26;43;1;2;778;
89;32;1;2;1664;
59;61;1;2;2147;
29;11;1;2;852;
69;41;1;2;552;
63;18;1;2;1391;
11;18;1;2;42;
71;82;1;2;524;
24;79;1;2;1373;
72;100;1;2;557;
93;77;1;2;2248;
83;65;1;2;2375;
48;75;1;2;76;
11;4;1;2;2241;
31;72;1;2;467;
92;87;1;2;1249;
50;97;1;2;1191;
22;19;1;2;2499;
78;42;1;2;128;
35;13;1;2;8;
80;57;1;2;1770;
71;40;1;2;1020;
41;87;1;2;1066;
24;50;1;2;1997;
70;32;1;2;1707;
55;23;1;2;2038;
10;24;1;2;1329;
82;45;1;2;996;
87;22;1;2;962;
70;56;1;2;467;
52;87;1;2;128;
0;1;515;241;
1;1;582;322;
2;1;598;494;
3;1;545;667;
4;1;570;881;
5;1;542;566;
6;1;530;608;
7;1;576;708;
8;1;558;1022;
9;1;507;1182;
10;1;596;1007;
11;1;525;1191;
12;1;561;1421;
13;1;573;1354;
14;1;597;1975;
15;1;542;2029;
16;1;568;1642;
17;1;506;1732;
18;1;595;1984;
19;1;589;2405;
20;1;551;2166;
21;1;517;2388;
22;1;583;2366;
23;1;576;2623;
24;1;542;2658;
25;1;530;2676;
26;1;574;2891;
27;1;506;2889;
28;1;599;2969;
29;1;585;3246;
30;1;540;3265;
31;1;562;3442;
32;1;548;3318;
33;1;575;3567;
34;1;516;3879;
35;1;558;3835;
36;1;550;3675;
37;1;550;4081;
38;1;569;4117;
39;1;571;4127;
40;1;511;4276;
41;1;551;4245;
42;1;505;4442;
43;1;522;4688;
44;1;537;4492;
45;1;553;4810;
46;1;531;5028;
47;1;587;4704;
48;1;581;4951;
49;1;524;5196;
