****11****
100
19;52;1;2;0;
90;53;1;2;0;
26;7;1;2;0;
42;20;1;2;0;
47;68;1;2;0;
97;74;1;2;0;
36;27;1;2;0;
36;42;1;2;0;
2;52;1;2;0;
5;47;1;2;0;
97;58;1;2;0;
84;55;1;2;0;
99;15;1;2;0;
45;75;1;2;0;
45;3;1;2;0;
55;63;1;2;0;
54;44;1;2;0;
15;31;1;2;0;
3;9;1;2;0;
3;1;1;2;0;
76;99;1;2;0;
26;64;1;2;0;
78;62;1;2;0;
57;79;1;2;0;
13;61;1;2;0;
78;61;1;2;0;
18;61;1;2;0;
15;68;1;2;0;
27;12;1;2;0;
95;71;1;2;0;
14;49;1;2;0;
85;19;1;2;0;
44;51;1;2;0;
49;98;1;2;0;
59;51;1;2;0;
99;87;1;2;0;
2;76;1;2;0;
50;31;1;2;0;
37;6;1;2;0;
9;1;1;2;0;
19;38;1;2;0;
62;36;1;2;0;
98;28;1;2;0;
56;76;1;2;0;
39;50;1;2;0;
98;4;1;2;0;
50;82;1;2;0;
22;93;1;2;0;
85;71;1;2;0;
43;43;1;2;0;
21;93;1;2;1175;
74;68;1;2;672;
4;57;1;2;1516;
65;57;1;2;373;
2;70;1;2;1917;
52;98;1;2;379;
27;88;1;2;427;
77;92;1;2;1226;
10;13;1;2;2379;
94;35;1;2;1503;
37;8;1;2;1471;
69;81;1;2;1302;
99;85;1;2;299;
38;49;1;2;1026;
95;50;1;2;2246;
87;1;1;2;1519;
87;80;1;2;2352;
35;56;1;2;940;
85;65;1;2;1565;
27;59;1;2;1155;
63;47;1;2;1270;
91;15;1;2;676;
90;65;1;2;2048;
94;2;1;2;223;
6;48;1;2;591;
39;87;1;2;503;
70;73;1;2;2469;
88;59;1;2;2134;
49;95;1;2;636;
22;21;1;2;505;
82;83;1;2;818;
97;25;1;2;247;
45;15;1;2;1967;
76;60;1;2;2494;
8;17;1;2;2203;
41;55;1;2;511;
74;76;1;2;301;
39;63;1;2;2000;
10;63;1;2;1834;
46;85;1;2;2180;
92;66;1;2;2046;
84;15;1;2;400;
43;59;1;2;1045;
66;86;1;2;1785;
94;45;1;2;1141;
18;85;1;2;1364;
80;59;1;2;1469;
14;49;1;2;1309;
59;58;1;2;1826;
50;4;1;2;2086;
0;1;561;315;
1;1;573;556;
2;1;579;688;
3;1;526;366;
4;1;549;719;
5;1;590;1073;
6;1;558;678;
7;1;579;1194;
8;1;553;1005;
9;1;587;981;
10;1;573;1518;
11;1;598;1308;
12;1;589;1752;
13;1;579;1315;
14;1;557;1894;
15;1;566;1830;
16;1;528;1889;
17;1;524;1845;
18;1;576;2152;
19;1;582;1933;
20;1;562;2356;
21;1;509;2556;
22;1;506;2254;
23;1;540;2357;
24;1;554;2593;
25;1;589;2613;
26;1;510;2747;
27;1;599;3053;
28;1;545;3168;
29;1;509;3216;
30;1;562;3129;
31;1;570;3380;
32;1;563;3762;
33;1;551;3560;
34;1;593;3856;
35;1;513;3984;
36;1;503;3825;
37;1;525;3932;
38;1;512;3995;
39;1;517;4227;
40;1;541;4094;
41;1;542;4556;
42;1;595;4759;
43;1;600;4638;
44;1;520;4687;
45;1;592;4652;
46;1;533;4916;
47;1;574;4814;
48;1;553;5228;
49;1;584;5308;
