****2****
100
94;44;1;2;0;
51;92;1;2;0;
24;79;1;2;0;
43;93;1;2;0;
1;9;1;2;0;
64;85;1;2;0;
92;36;1;2;0;
2;41;1;2;0;
69;98;1;2;0;
56;20;1;2;0;
27;12;1;2;0;
41;14;1;2;0;
84;79;1;2;0;
21;99;1;2;0;
71;64;1;2;0;
29;16;1;2;0;
59;32;1;2;0;
7;35;1;2;0;
62;1;1;2;0;
27;62;1;2;0;
10;42;1;2;0;
46;1;1;2;0;
77;99;1;2;0;
94;97;1;2;0;
96;49;1;2;0;
16;23;1;2;0;
12;8;1;2;0;
36;95;1;2;0;
39;8;1;2;0;
94;61;1;2;0;
24;74;1;2;0;
77;82;1;2;0;
57;35;1;2;0;
16;18;1;2;0;
36;94;1;2;0;
31;45;1;2;0;
35;28;1;2;0;
97;63;1;2;0;
26;42;1;2;0;
60;22;1;2;0;
42;27;1;2;0;
96;53;1;2;0;
87;31;1;2;0;
100;25;1;2;0;
91;93;1;2;0;
37;14;1;2;0;
18;13;1;2;0;
95;75;1;2;0;
48;63;1;2;0;
92;83;1;2;0;
56;23;1;2;2012;
91;2;1;2;1505;
5;28;1;2;1874;
64;1;1;2;1916;
91;96;1;2;2472;
77;78;1;2;852;
53;68;1;2;1320;
89;81;1;2;1267;
54;28;1;2;2215;
53;90;1;2;383;
35;97;1;2;387;
65;39;1;2;600;
39;44;1;2;2185;
7;7;1;2;1181;
17;49;1;2;1568;
79;25;1;2;2107;
40;29;1;2;291;
45;70;1;2;226;
67;23;1;2;1131;
16;75;1;2;2003;
56;61;1;2;490;
70;25;1;2;97;
37;15;1;2;1053;
32;22;1;2;2235;
26;38;1;2;611;
68;16;1;2;463;
87;7;1;2;480;
77;3;1;2;159;
48;69;1;2;1864;
98;36;1;2;966;
37;91;1;2;482;
25;12;1;2;2428;
99;49;1;2;804;
68;80;1;2;2491;
95;57;1;2;1902;
19;24;1;2;1509;
72;62;1;2;2164;
53;39;1;2;189;
3;86;1;2;1854;
27;36;1;2;1870;
77;72;1;2;624;
87;48;1;2;1000;
21;98;1;2;1103;
21;65;1;2;617;
43;12;1;2;724;
53;82;1;2;494;
31;53;1;2;2034;
66;57;1;2;636;
4;11;1;2;1524;
10;89;1;2;834;
0;1;503;419;
1;1;555;161;
2;1;551;238;
3;1;535;565;
4;1;600;881;
5;1;544;775;
6;1;561;1075;
7;1;527;779;
8;1;590;1358;
9;1;554;1187;
10;1;513;1376;
11;1;590;1589;
12;1;584;1612;
13;1;580;1611;
14;1;554;1702;
15;1;514;1791;
16;1;585;1724;
17;1;595;1895;
18;1;522;1850;
19;1;558;2384;
20;1;562;2280;
21;1;588;2669;
22;1;538;2354;
23;1;517;2706;
24;1;575;2645;
25;1;503;2784;
26;1;596;2767;
27;1;508;3023;
28;1;584;3171;
29;1;563;3162;
30;1;560;3167;
31;1;545;3543;
32;1;548;3534;
33;1;531;3622;
34;1;519;3840;
35;1;593;3905;
36;1;541;3612;
37;1;554;4044;
38;1;598;3915;
39;1;562;4229;
40;1;592;4255;
41;1;563;4212;
42;1;556;4537;
43;1;519;4579;
44;1;561;4695;
45;1;580;4871;
46;1;560;5055;
47;1;568;4974;
48;1;514;5187;
49;1;527;5394;
