****5****
100
35;77;1;2;0;
53;95;1;2;0;
30;27;1;2;0;
18;7;1;2;0;
86;28;1;2;0;
21;50;1;2;0;
59;26;1;2;0;
85;90;1;2;0;
66;54;1;2;0;
46;51;1;2;0;
80;33;1;2;0;
29;71;1;2;0;
47;60;1;2;0;
10;88;1;2;0;
81;42;1;2;0;
66;16;1;2;0;
19;18;1;2;0;
62;100;1;2;0;
97;79;1;2;0;
6;82;1;2;0;
59;78;1;2;0;
83;69;1;2;0;
55;67;1;2;0;
58;20;1;2;0;
73;56;1;2;0;
70;52;1;2;0;
88;50;1;2;0;
74;87;1;2;0;
10;36;1;2;0;
26;90;1;2;0;
77;91;1;2;0;
57;47;1;2;0;
61;19;1;2;0;
46;57;1;2;0;
49;3;1;2;0;
90;59;1;2;0;
81;72;1;2;0;
27;35;1;2;0;
90;37;1;2;0;
7;62;1;2;0;
92;76;1;2;0;
65;31;1;2;0;
78;39;1;2;0;
69;87;1;2;0;
26;95;1;2;0;
28;54;1;2;0;
85;85;1;2;0;
53;97;1;2;0;
55;98;1;2;0;
5;3;1;2;0;
53;94;1;2;2389;
85;17;1;2;1059;
71;7;1;2;902;
77;20;1;2;501;
5;85;1;2;1425;
82;75;1;2;816;
68;100;1;2;2283;
95;53;1;2;301;
31;5;1;2;856;
85;55;1;2;851;
40;59;1;2;1390;
53;43;1;2;306;
44;13;1;2;1460;
72;42;1;2;2317;
42;46;1;2;1206;
43;27;1;2;1940;
65;46;1;2;1295;
80;92;1;2;1349;
32;23;1;2;1048;
81;59;1;2;2078;
86;50;1;2;1596;
84;2;1;2;1209;
99;98;1;2;2337;
72;69;1;2;1021;
65;10;1;2;1522;
93;5;1;2;2349;
96;69;1;2;200;
49;100;1;2;1867;
7;32;1;2;1183;
22;64;1;2;144;
90;49;1;2;1963;
69;32;1;2;1530;
89;83;1;2;2404;
74;54;1;2;490;
100;70;1;2;1289;
71;63;1;2;1231;
20;10;1;2;1128;
14;10;1;2;769;
100;69;1;2;452;
11;90;1;2;1034;
81;31;1;2;869;
1;51;1;2;1347;
26;40;1;2;274;
96;65;1;2;1615;
86;65;1;2;181;
37;87;1;2;2186;
93;7;1;2;2067;
68;20;1;2;1118;
43;71;1;2;691;
1;82;1;2;1837;
0;1;574;561;
1;1;538;236;
2;1;566;708;
3;1;552;826;
4;1;580;937;
5;1;586;505;
6;1;582;704;
7;1;560;935;
8;1;512;1286;
9;1;571;1125;
10;1;553;1233;
11;1;523;1296;
12;1;506;1589;
13;1;595;1721;
14;1;570;1607;
15;1;579;1732;
16;1;593;1933;
17;1;590;1728;
18;1;504;1876;
19;1;549;2024;
20;1;531;2405;
21;1;579;2177;
22;1;561;2429;
23;1;559;2425;
24;1;536;2681;
25;1;527;2912;
26;1;589;2601;
27;1;564;2861;
28;1;519;2869;
29;1;517;3007;
30;1;537;3424;
31;1;583;3172;
32;1;562;3344;
33;1;587;3646;
34;1;517;3749;
35;1;552;3518;
36;1;574;3759;
37;1;563;4218;
38;1;520;4100;
39;1;558;4406;
40;1;550;4433;
41;1;595;4174;
42;1;585;4654;
43;1;535;4329;
44;1;519;4434;
45;1;595;4826;
46;1;549;5019;
47;1;535;4857;
48;1;505;5013;
49;1;580;4961;
