****18****
100
12;5;1;2;0;
33;6;1;2;0;
53;44;1;2;0;
8;9;1;2;0;
95;71;1;2;0;
10;6;1;2;0;
11;58;1;2;0;
89;94;1;2;0;
53;72;1;2;0;
46;10;1;2;0;
94;59;1;2;0;
40;33;1;2;0;
21;81;1;2;0;
12;52;1;2;0;
30;4;1;2;0;
57;42;1;2;0;
60;41;1;2;0;
99;64;1;2;0;
85;6;1;2;0;
24;79;1;2;0;
76;86;1;2;0;
36;39;1;2;0;
95;76;1;2;0;
84;47;1;2;0;
48;29;1;2;0;
8;41;1;2;0;
39;47;1;2;0;
74;12;1;2;0;
79;37;1;2;0;
63;9;1;2;0;
92;19;1;2;0;
50;4;1;2;0;
11;48;1;2;0;
67;95;1;2;0;
5;91;1;2;0;
25;81;1;2;0;
28;12;1;2;0;
71;22;1;2;0;
88;54;1;2;0;
69;35;1;2;0;
34;76;1;2;0;
27;73;1;2;0;
23;52;1;2;0;
84;53;1;2;0;
88;46;1;2;0;
13;32;1;2;0;
16;14;1;2;0;
35;26;1;2;0;
61;53;1;2;0;
73;18;1;2;0;
43;97;1;2;2496;
70;9;1;2;43;
44;48;1;2;99;
12;34;1;2;2264;
87;60;1;2;306;
61;12;1;2;2384;
14;51;1;2;1743;
26;82;1;2;1147;
92;68;1;2;659;
52;21;1;2;1051;
21;15;1;2;2322;
70;37;1;2;893;
89;80;1;2;2059;
13;91;1;2;1862;
19;29;1;2;1543;
48;90;1;2;2187;
13;55;1;2;900;
22;32;1;2;649;
99;23;1;2;506;
53;27;1;2;1510;
79;47;1;2;1215;
53;17;1;2;1050;
88;57;1;2;1840;
69;70;1;2;1183;
84;40;1;2;13;
10;39;1;2;2410;
47;51;1;2;2126;
86;25;1;2;301;
7;75;1;2;1130;
48;79;1;2;41;
8;57;1;2;801;
83;9;1;2;905;
46;48;1;2;394;
88;17;1;2;1873;
20;52;1;2;101;
33;13;1;2;389;
34;11;1;2;118;
90;96;1;2;1037;
29;55;1;2;1792;
90;2;1;2;541;
78;61;1;2;838;
64;96;1;2;8;
18;41;1;2;1444;
76;29;1;2;2207;
8;100;1;2;1658;
26;32;1;2;1340;
83;66;1;2;941;
43;7;1;2;1364;
78;35;1;2;754;
88;76;1;2;2123;
0;1;575;279;
1;1;560;178;
2;1;568;402;
3;1;575;534;
4;1;548;869;
5;1;513;702;
6;1;550;1019;
7;1;575;871;
8;1;597;1093;
9;1;507;1351;
10;1;524;1498;
11;1;574;1269;
12;1;595;1245;
13;1;516;1452;
14;1;538;1586;
15;1;592;1520;
16;1;548;1627;
17;1;583;2154;
18;1;510;2258;
19;1;552;2080;
20;1;586;2219;
21;1;584;2258;
22;1;587;2625;
23;1;559;2306;
24;1;517;2750;
25;1;514;2617;
26;1;519;2855;
27;1;573;2956;
28;1;590;2959;
29;1;558;3382;
30;1;582;3565;
31;1;591;3627;
32;1;505;3519;
33;1;596;3785;
34;1;533;3410;
35;1;523;3580;
36;1;514;3827;
37;1;557;4057;
38;1;516;3910;
39;1;534;3995;
40;1;531;4291;
41;1;527;4479;
42;1;538;4592;
43;1;567;4819;
44;1;590;4893;
45;1;506;4773;
46;1;525;4872;
47;1;552;5088;
48;1;573;4935;
49;1;595;5124;
