****10****
100
41;89;1;2;0;
42;49;1;2;0;
99;62;1;2;0;
90;25;1;2;0;
78;91;1;2;0;
49;36;1;2;0;
76;15;1;2;0;
70;46;1;2;0;
89;100;1;2;0;
18;12;1;2;0;
53;88;1;2;0;
84;11;1;2;0;
90;47;1;2;0;
55;99;1;2;0;
70;56;1;2;0;
69;10;1;2;0;
44;63;1;2;0;
10;42;1;2;0;
24;52;1;2;0;
19;53;1;2;0;
42;67;1;2;0;
88;70;1;2;0;
33;10;1;2;0;
15;22;1;2;0;
9;33;1;2;0;
33;61;1;2;0;
20;68;1;2;0;
23;61;1;2;0;
14;77;1;2;0;
11;35;1;2;0;
32;32;1;2;0;
96;75;1;2;0;
94;6;1;2;0;
69;69;1;2;0;
57;39;1;2;0;
21;50;1;2;0;
5;61;1;2;0;
19;90;1;2;0;
22;34;1;2;0;
11;30;1;2;0;
18;95;1;2;0;
42;37;1;2;0;
62;64;1;2;0;
49;27;1;2;0;
92;60;1;2;0;
61;76;1;2;0;
43;56;1;2;0;
2;36;1;2;0;
61;22;1;2;0;
56;69;1;2;0;
60;28;1;2;428;
17;88;1;2;326;
6;9;1;2;22;
68;90;1;2;2494;
62;83;1;2;1383;
23;98;1;2;1653;
49;42;1;2;723;
61;69;1;2;1756;
16;22;1;2;124;
29;44;1;2;411;
49;55;1;2;1941;
67;23;1;2;1969;
56;28;1;2;639;
29;47;1;2;561;
20;8;1;2;292;
98;30;1;2;637;
25;30;1;2;2139;
15;90;1;2;129;
95;58;1;2;2349;
62;38;1;2;53;
36;86;1;2;1807;
86;53;1;2;1263;
27;60;1;2;1544;
76;40;1;2;593;
19;59;1;2;2068;
45;57;1;2;2128;
20;33;1;2;133;
36;48;1;2;285;
72;42;1;2;185;
29;56;1;2;1718;
30;43;1;2;1908;
37;80;1;2;1184;
14;6;1;2;2372;
23;34;1;2;496;
27;52;1;2;555;
90;96;1;2;1428;
34;67;1;2;2271;
8;2;1;2;1309;
24;25;1;2;296;
96;54;1;2;1856;
6;83;1;2;1402;
1;19;1;2;877;
100;84;1;2;2250;
10;7;1;2;1158;
59;85;1;2;667;
67;26;1;2;1066;
83;59;1;2;495;
32;67;1;2;1093;
27;90;1;2;490;
16;85;1;2;1036;
0;1;512;57;
1;1;540;490;
2;1;542;619;
3;1;569;841;
4;1;545;676;
5;1;502;926;
6;1;501;735;
7;1;587;943;
8;1;527;922;
9;1;568;949;
10;1;571;1401;
11;1;541;1359;
12;1;522;1270;
13;1;530;1493;
14;1;535;1425;
15;1;531;1768;
16;1;508;1977;
17;1;548;2152;
18;1;583;1965;
19;1;542;2144;
20;1;508;2398;
21;1;582;2535;
22;1;555;2592;
23;1;520;2713;
24;1;532;2610;
25;1;595;2813;
26;1;533;2600;
27;1;594;2893;
28;1;505;3292;
29;1;579;3322;
30;1;588;3264;
31;1;589;3653;
32;1;534;3693;
33;1;596;3727;
34;1;552;3424;
35;1;594;4020;
36;1;583;3710;
37;1;518;3777;
38;1;595;3833;
39;1;575;4250;
40;1;527;4058;
41;1;531;4371;
42;1;507;4532;
43;1;516;4426;
44;1;546;4933;
45;1;502;4662;
46;1;506;5021;
47;1;532;4750;
48;1;577;5298;
49;1;506;5395;
