****7****
100
60;81;1;2;0;
77;17;1;2;0;
5;94;1;2;0;
34;40;1;2;0;
83;10;1;2;0;
65;15;1;2;0;
75;49;1;2;0;
6;22;1;2;0;
33;97;1;2;0;
25;58;1;2;0;
97;14;1;2;0;
27;63;1;2;0;
66;75;1;2;0;
19;14;1;2;0;
12;100;1;2;0;
37;71;1;2;0;
80;65;1;2;0;
39;37;1;2;0;
58;73;1;2;0;
28;92;1;2;0;
34;45;1;2;0;
7;60;1;2;0;
93;64;1;2;0;
81;26;1;2;0;
60;57;1;2;0;
83;57;1;2;0;
22;61;1;2;0;
71;88;1;2;0;
87;42;1;2;0;
53;51;1;2;0;
41;89;1;2;0;
73;73;1;2;0;
54;12;1;2;0;
61;63;1;2;0;
36;88;1;2;0;
55;69;1;2;0;
32;13;1;2;0;
29;77;1;2;0;
76;61;1;2;0;
2;36;1;2;0;
18;36;1;2;0;
44;39;1;2;0;
49;14;1;2;0;
78;35;1;2;0;
55;30;1;2;0;
85;48;1;2;0;
19;10;1;2;0;
72;24;1;2;0;
73;32;1;2;0;
86;8;1;2;0;
71;40;1;2;1026;
55;4;1;2;1339;
31;80;1;2;709;
32;67;1;2;83;
19;10;1;2;2086;
67;75;1;2;2194;
54;82;1;2;1167;
90;29;1;2;2476;
99;100;1;2;1106;
71;83;1;2;2292;
78;53;1;2;1247;
6;7;1;2;1916;
13;37;1;2;1140;
81;20;1;2;2081;
66;39;1;2;713;
90;57;1;2;1570;
43;10;1;2;2487;
25;100;1;2;1202;
78;50;1;2;1373;
53;21;1;2;2365;
66;50;1;2;1840;
19;7;1;2;2078;
27;20;1;2;1795;
66;100;1;2;101;
71;18;1;2;162;
37;59;1;2;1136;
77;53;1;2;232;
99;77;1;2;2102;
100;6;1;2;1945;
53;59;1;2;744;
87;24;1;2;1526;
74;94;1;2;323;
20;72;1;2;970;
2;37;1;2;1681;
3;7;1;2;39;
95;43;1;2;629;
43;20;1;2;647;
52;70;1;2;1263;
13;21;1;2;2451;
23;25;1;2;319;
53;12;1;2;2161;
84;37;1;2;1720;
74;56;1;2;918;
83;57;1;2;895;
92;12;1;2;1229;
69;6;1;2;134;
57;100;1;2;1685;
44;3;1;2;866;
60;15;1;2;1379;
34;89;1;2;2101;
0;1;565;482;
1;1;562;631;
2;1;529;476;
3;1;525;401;
4;1;506;616;
5;1;585;949;
6;1;509;817;
7;1;526;793;
8;1;548;1114;
9;1;538;923;
10;1;582;1461;
11;1;600;1483;
12;1;572;1606;
13;1;551;1610;
14;1;544;1706;
15;1;596;1964;
16;1;584;2029;
17;1;532;1739;
18;1;556;2099;
19;1;565;2322;
20;1;556;2172;
21;1;527;2527;
22;1;528;2619;
23;1;544;2539;
24;1;586;2946;
25;1;531;2727;
26;1;503;3017;
27;1;503;3183;
28;1;541;2810;
29;1;523;2924;
30;1;595;3217;
31;1;544;3625;
32;1;575;3677;
33;1;593;3678;
34;1;535;3899;
35;1;547;3912;
36;1;510;4092;
37;1;507;4119;
38;1;577;3920;
39;1;565;3911;
40;1;583;4119;
41;1;581;4578;
42;1;577;4531;
43;1;514;4712;
44;1;539;4799;
45;1;552;4636;
46;1;505;5017;
47;1;567;5038;
48;1;527;4837;
49;1;513;4980;
