****2****
100
43;21;1;2;0;
7;52;1;2;0;
98;81;1;2;0;
87;36;1;2;0;
92;56;1;2;0;
65;56;1;2;0;
49;6;1;2;0;
52;59;1;2;0;
62;74;1;2;0;
30;68;1;2;0;
73;40;1;2;0;
49;80;1;2;0;
62;98;1;2;0;
74;42;1;2;0;
46;77;1;2;0;
93;89;1;2;0;
97;99;1;2;0;
40;46;1;2;0;
80;78;1;2;0;
34;23;1;2;0;
86;98;1;2;0;
30;34;1;2;0;
55;81;1;2;0;
92;69;1;2;0;
6;73;1;2;0;
36;78;1;2;0;
13;36;1;2;0;
10;26;1;2;0;
33;35;1;2;0;
19;79;1;2;0;
11;12;1;2;0;
19;59;1;2;0;
62;58;1;2;0;
4;93;1;2;0;
87;37;1;2;0;
16;72;1;2;0;
35;45;1;2;0;
5;41;1;2;0;
26;48;1;2;0;
9;83;1;2;0;
21;44;1;2;0;
61;85;1;2;0;
31;22;1;2;0;
10;64;1;2;0;
56;81;1;2;0;
94;66;1;2;0;
92;64;1;2;0;
24;53;1;2;0;
21;27;1;2;0;
98;59;1;2;0;
16;13;1;2;764;
2;9;1;2;991;
42;86;1;2;2399;
51;69;1;2;670;
46;81;1;2;483;
77;2;1;2;1820;
92;9;1;2;548;
37;74;1;2;1030;
100;49;1;2;2435;
72;27;1;2;1065;
30;42;1;2;2091;
60;43;1;2;461;
95;37;1;2;2201;
29;39;1;2;70;
83;36;1;2;652;
21;12;1;2;403;
20;55;1;2;1780;
100;43;1;2;74;
70;42;1;2;1068;
45;65;1;2;1772;
69;95;1;2;2136;
5;6;1;2;934;
50;52;1;2;672;
80;80;1;2;1131;
82;14;1;2;1741;
12;34;1;2;68;
95;54;1;2;176;
38;53;1;2;2026;
54;22;1;2;1760;
18;19;1;2;1230;
8;87;1;2;1349;
40;92;1;2;378;
67;93;1;2;1812;
81;24;1;2;545;
34;5;1;2;2255;
22;16;1;2;2419;
25;62;1;2;361;
31;99;1;2;1630;
32;4;1;2;2258;
26;21;1;2;2180;
84;28;1;2;2459;
89;68;1;2;187;
99;86;1;2;828;
60;18;1;2;1579;
53;51;1;2;11;
60;24;1;2;1780;
100;49;1;2;2285;
97;31;1;2;809;
94;14;1;2;2428;
16;91;1;2;709;
0;1;557;105;
1;1;522;243;
2;1;515;648;
3;1;558;600;
4;1;526;435;
5;1;572;583;
6;1;509;987;
7;1;546;1043;
8;1;536;829;
9;1;510;1066;
10;1;570;1290;
11;1;583;1530;
12;1;502;1315;
13;1;518;1413;
14;1;543;1708;
15;1;570;1830;
16;1;534;1784;
17;1;586;2117;
18;1;532;2270;
19;1;560;1996;
20;1;566;2207;
21;1;552;2465;
22;1;560;2537;
23;1;527;2700;
24;1;519;2786;
25;1;585;2529;
26;1;518;2792;
27;1;543;2740;
28;1;546;3305;
29;1;594;3393;
30;1;568;3162;
31;1;591;3248;
32;1;506;3439;
33;1;501;3354;
34;1;523;3822;
35;1;545;3954;
36;1;595;3956;
37;1;566;3883;
38;1;546;3857;
39;1;552;4447;
40;1;532;4415;
41;1;507;4606;
42;1;506;4384;
43;1;520;4470;
44;1;509;4471;
45;1;591;4691;
46;1;580;4712;
47;1;580;5164;
48;1;560;4999;
49;1;573;5293;
