****18****
100
99;18;1;2;0;
76;29;1;2;0;
19;44;1;2;0;
34;66;1;2;0;
55;93;1;2;0;
13;54;1;2;0;
62;81;1;2;0;
70;69;1;2;0;
38;27;1;2;0;
3;80;1;2;0;
8;95;1;2;0;
83;40;1;2;0;
44;20;1;2;0;
28;6;1;2;0;
64;7;1;2;0;
37;62;1;2;0;
24;13;1;2;0;
42;94;1;2;0;
56;75;1;2;0;
60;62;1;2;0;
67;24;1;2;0;
67;80;1;2;0;
4;36;1;2;0;
48;93;1;2;0;
14;3;1;2;0;
73;74;1;2;0;
49;7;1;2;0;
13;92;1;2;0;
27;40;1;2;0;
49;42;1;2;0;
46;86;1;2;0;
55;21;1;2;0;
98;96;1;2;0;
67;5;1;2;0;
22;78;1;2;0;
19;40;1;2;0;
1;85;1;2;0;
19;4;1;2;0;
73;19;1;2;0;
96;86;1;2;0;
21;20;1;2;0;
59;69;1;2;0;
79;23;1;2;0;
12;57;1;2;0;
15;60;1;2;0;
98;12;1;2;0;
97;4;1;2;0;
85;46;1;2;0;
51;3;1;2;0;
3;72;1;2;0;
80;21;1;2;330;
80;57;1;2;338;
35;29;1;2;463;
82;67;1;2;2186;
54;77;1;2;2422;
32;52;1;2;2363;
88;66;1;2;2404;
37;29;1;2;2122;
40;65;1;2;2178;
90;67;1;2;996;
13;46;1;2;388;
75;77;1;2;2236;
55;11;1;2;2268;
54;45;1;2;1776;
24;98;1;2;2338;
15;29;1;2;1720;
16;68;1;2;1842;
77;4;1;2;835;
39;43;1;2;2447;
94;84;1;2;1603;
51;48;1;2;2202;
80;22;1;2;733;
65;28;1;2;238;
31;33;1;2;290;
11;9;1;2;1148;
72;23;1;2;870;
31;38;1;2;2300;
8;67;1;2;1836;
13;5;1;2;423;
34;98;1;2;2046;
22;100;1;2;2190;
8;79;1;2;1189;
70;95;1;2;1883;
94;26;1;2;2231;
15;88;1;2;1924;
32;59;1;2;883;
78;90;1;2;1476;
42;49;1;2;1102;
58;61;1;2;1886;
19;46;1;2;1006;
16;68;1;2;1957;
59;75;1;2;129;
76;44;1;2;259;
20;89;1;2;2119;
96;3;1;2;2481;
33;87;1;2;1185;
39;64;1;2;2452;
87;5;1;2;623;
49;14;1;2;1537;
15;85;1;2;139;
0;1;530;11;
1;1;528;539;
2;1;510;303;
3;1;540;324;
4;1;549;767;
5;1;504;804;
6;1;546;735;
7;1;544;1160;
8;1;584;1321;
9;1;567;1148;
10;1;545;1165;
11;1;561;1601;
12;1;576;1436;
13;1;567;1594;
14;1;576;1686;
15;1;502;1612;
16;1;502;1858;
17;1;553;2001;
18;1;534;1915;
19;1;548;1969;
20;1;574;2256;
21;1;523;2346;
22;1;554;2209;
23;1;572;2824;
24;1;595;2429;
25;1;563;2979;
26;1;563;2886;
27;1;591;2964;
28;1;535;2946;
29;1;527;3189;
30;1;559;3214;
31;1;519;3447;
32;1;561;3601;
33;1;523;3684;
34;1;514;3595;
35;1;580;3567;
36;1;524;4065;
37;1;559;3896;
38;1;567;3983;
39;1;518;4122;
40;1;524;4163;
41;1;503;4209;
42;1;558;4313;
43;1;523;4387;
44;1;502;4606;
45;1;554;4736;
46;1;581;4754;
47;1;520;5201;
48;1;594;4845;
49;1;588;5351;
