****0****
100
22;41;1;2;0;
25;83;1;2;0;
65;42;1;2;0;
48;56;1;2;0;
32;69;1;2;0;
13;12;1;2;0;
32;72;1;2;0;
26;15;1;2;0;
1;13;1;2;0;
35;4;1;2;0;
20;10;1;2;0;
88;83;1;2;0;
96;16;1;2;0;
100;98;1;2;0;
100;51;1;2;0;
47;22;1;2;0;
92;72;1;2;0;
56;8;1;2;0;
65;3;1;2;0;
16;96;1;2;0;
71;28;1;2;0;
7;54;1;2;0;
52;84;1;2;0;
20;52;1;2;0;
49;6;1;2;0;
8;68;1;2;0;
68;47;1;2;0;
2;63;1;2;0;
62;1;1;2;0;
13;62;1;2;0;
4;59;1;2;0;
35;47;1;2;0;
82;90;1;2;0;
6;46;1;2;0;
93;21;1;2;0;
42;15;1;2;0;
1;100;1;2;0;
21;52;1;2;0;
36;40;1;2;0;
55;36;1;2;0;
46;14;1;2;0;
3;13;1;2;0;
60;57;1;2;0;
27;22;1;2;0;
9;39;1;2;0;
35;12;1;2;0;
50;69;1;2;0;
10;83;1;2;0;
58;16;1;2;0;
29;2;1;2;0;
88;22;1;2;2461;
88;21;1;2;2230;
91;8;1;2;116;
98;43;1;2;2339;
11;98;1;2;40;
71;54;1;2;2391;
44;62;1;2;2149;
78;26;1;2;1431;
98;35;1;2;1393;
7;2;1;2;1246;
9;90;1;2;1760;
29;29;1;2;1655;
17;72;1;2;104;
96;69;1;2;348;
21;31;1;2;1912;
9;53;1;2;690;
76;96;1;2;657;
34;25;1;2;678;
40;22;1;2;259;
29;29;1;2;2184;
98;89;1;2;2045;
88;17;1;2;2311;
51;85;1;2;143;
21;80;1;2;1763;
33;52;1;2;429;
95;61;1;2;2471;
9;88;1;2;439;
85;21;1;2;1369;
38;61;1;2;586;
26;41;1;2;2221;
15;39;1;2;987;
45;26;1;2;1850;
3;28;1;2;2036;
33;48;1;2;1665;
82;33;1;2;575;
62;27;1;2;1308;
47;35;1;2;1253;
27;72;1;2;64;
31;9;1;2;1668;
9;34;1;2;2462;
19;100;1;2;1188;
65;44;1;2;2113;
31;99;1;2;1891;
81;31;1;2;624;
11;64;1;2;1164;
44;78;1;2;424;
37;24;1;2;1595;
69;50;1;2;333;
22;80;1;2;2322;
87;41;1;2;315;
0;1;593;369;
1;1;562;269;
2;1;576;428;
3;1;561;524;
4;1;555;696;
5;1;539;1038;
6;1;510;730;
7;1;501;728;
8;1;544;1153;
9;1;600;1331;
10;1;501;1392;
11;1;600;1401;
12;1;512;1701;
13;1;581;1763;
14;1;560;1612;
15;1;501;1571;
16;1;584;2057;
17;1;592;1706;
18;1;571;2219;
19;1;568;2400;
20;1;513;2247;
21;1;514;2341;
22;1;558;2391;
23;1;567;2633;
24;1;543;2796;
25;1;536;2706;
26;1;514;3029;
27;1;596;3204;
28;1;561;3166;
29;1;516;2931;
30;1;553;3465;
31;1;572;3247;
32;1;582;3230;
33;1;598;3609;
34;1;566;3712;
35;1;528;3966;
36;1;575;4042;
37;1;504;3983;
38;1;506;3882;
39;1;589;3955;
40;1;540;4055;
41;1;546;4394;
42;1;563;4581;
43;1;581;4345;
44;1;521;4598;
45;1;543;4841;
46;1;564;4821;
47;1;560;4844;
48;1;580;4888;
49;1;548;4996;
