****11****
100
75;79;1;2;0;
42;32;1;2;0;
39;52;1;2;0;
43;4;1;2;0;
40;86;1;2;0;
63;92;1;2;0;
2;27;1;2;0;
49;84;1;2;0;
64;16;1;2;0;
50;25;1;2;0;
47;71;1;2;0;
66;18;1;2;0;
51;30;1;2;0;
80;9;1;2;0;
3;58;1;2;0;
84;78;1;2;0;
36;25;1;2;0;
9;74;1;2;0;
76;3;1;2;0;
29;68;1;2;0;
89;43;1;2;0;
11;90;1;2;0;
22;11;1;2;0;
26;85;1;2;0;
26;27;1;2;0;
61;25;1;2;0;
97;26;1;2;0;
94;47;1;2;0;
7;73;1;2;0;
7;10;1;2;0;
82;43;1;2;0;
87;70;1;2;0;
67;47;1;2;0;
43;95;1;2;0;
49;24;1;2;0;
14;37;1;2;0;
66;76;1;2;0;
79;39;1;2;0;
86;4;1;2;0;
75;64;1;2;0;
82;36;1;2;0;
88;30;1;2;0;
13;33;1;2;0;
76;20;1;2;0;
5;34;1;2;0;
81;38;1;2;0;
76;19;1;2;0;
7;95;1;2;0;
17;50;1;2;0;
41;65;1;2;0;
25;54;1;2;916;
42;81;1;2;2197;
81;66;1;2;1152;
55;29;1;2;1521;
42;68;1;2;655;
55;100;1;2;1437;
74;56;1;2;937;
6;94;1;2;2133;
24;100;1;2;43;
92;1;1;2;1542;
56;77;1;2;2350;
61;19;1;2;1496;
96;51;1;2;2007;
34;57;1;2;2404;
5;99;1;2;1073;
53;53;1;2;2441;
80;78;1;2;150;
41;83;1;2;1424;
81;58;1;2;299;
15;49;1;2;2317;
41;56;1;2;2153;
20;69;1;2;821;
31;64;1;2;495;
7;98;1;2;2210;
12;54;1;2;402;
37;7;1;2;558;
13;38;1;2;1259;
44;30;1;2;173;
21;10;1;2;2447;
49;24;1;2;1365;
29;64;1;2;973;
86;35;1;2;2186;
61;65;1;2;2203;
38;24;1;2;2175;
72;87;1;2;1124;
3;23;1;2;2205;
87;87;1;2;1859;
99;31;1;2;1021;
46;3;1;2;1824;
1;51;1;2;1814;
5;31;1;2;30;
16;17;1;2;1325;
47;77;1;2;2195;
41;67;1;2;2148;
85;38;1;2;1085;
82;40;1;2;82;
37;78;1;2;1582;
29;29;1;2;734;
51;74;1;2;1462;
35;74;1;2;1568;
0;1;542;125;
1;1;513;102;
2;1;545;508;
3;1;573;767;
4;1;558;506;
5;1;584;895;
6;1;547;961;
7;1;513;1134;
8;1;501;1116;
9;1;592;1056;
10;1;582;1433;
11;1;517;1341;
12;1;518;1585;
13;1;587;1629;
14;1;554;1831;
15;1;584;1646;
16;1;542;1675;
17;1;510;1777;
18;1;577;2242;
19;1;581;1969;
20;1;533;2265;
21;1;561;2115;
22;1;583;2465;
23;1;513;2759;
24;1;528;2635;
25;1;571;2550;
26;1;595;2626;
27;1;522;2871;
28;1;558;2935;
29;1;513;3169;
30;1;520;3375;
31;1;509;3536;
32;1;543;3551;
33;1;550;3820;
34;1;505;3634;
35;1;556;3976;
36;1;593;4082;
37;1;567;4139;
38;1;592;4222;
39;1;509;4108;
40;1;586;4134;
41;1;532;4239;
42;1;518;4615;
43;1;543;4582;
44;1;565;4659;
45;1;538;4677;
46;1;502;4919;
47;1;548;5196;
48;1;516;5033;
49;1;515;5201;
