****1****
100
25;27;1;2;0;
27;51;1;2;0;
20;83;1;2;0;
35;77;1;2;0;
5;75;1;2;0;
77;96;1;2;0;
50;74;1;2;0;
1;13;1;2;0;
67;81;1;2;0;
35;87;1;2;0;
29;29;1;2;0;
11;92;1;2;0;
46;22;1;2;0;
88;77;1;2;0;
30;87;1;2;0;
74;6;1;2;0;
13;100;1;2;0;
57;32;1;2;0;
82;43;1;2;0;
61;38;1;2;0;
17;89;1;2;0;
34;66;1;2;0;
62;34;1;2;0;
30;28;1;2;0;
14;17;1;2;0;
66;94;1;2;0;
97;76;1;2;0;
85;43;1;2;0;
49;24;1;2;0;
19;78;1;2;0;
10;44;1;2;0;
84;75;1;2;0;
44;92;1;2;0;
58;77;1;2;0;
34;18;1;2;0;
67;50;1;2;0;
6;100;1;2;0;
67;20;1;2;0;
85;49;1;2;0;
47;50;1;2;0;
65;65;1;2;0;
44;61;1;2;0;
40;80;1;2;0;
55;89;1;2;0;
4;26;1;2;0;
18;65;1;2;0;
69;53;1;2;0;
91;64;1;2;0;
44;49;1;2;0;
93;77;1;2;0;
18;59;1;2;755;
24;10;1;2;2015;
95;94;1;2;1768;
41;43;1;2;398;
5;86;1;2;50;
97;18;1;2;797;
37;21;1;2;1095;
54;37;1;2;1675;
59;28;1;2;1442;
2;28;1;2;1988;
31;45;1;2;1125;
8;20;1;2;1125;
4;14;1;2;1568;
48;7;1;2;1954;
56;63;1;2;1595;
77;59;1;2;2117;
4;47;1;2;1889;
56;53;1;2;2122;
28;11;1;2;1291;
64;12;1;2;537;
44;42;1;2;2445;
82;2;1;2;1176;
29;5;1;2;1032;
21;53;1;2;660;
56;60;1;2;600;
80;88;1;2;2487;
69;91;1;2;742;
30;98;1;2;265;
79;26;1;2;1019;
56;41;1;2;1964;
11;85;1;2;1057;
11;66;1;2;1556;
31;47;1;2;476;
64;67;1;2;2089;
7;74;1;2;1789;
60;53;1;2;2131;
24;73;1;2;1411;
35;2;1;2;724;
97;33;1;2;1748;
22;88;1;2;923;
58;98;1;2;238;
87;9;1;2;818;
18;91;1;2;1286;
5;6;1;2;713;
44;12;1;2;1053;
94;71;1;2;1402;
80;95;1;2;1376;
61;81;1;2;363;
39;77;1;2;487;
94;98;1;2;540;
0;1;589;286;
1;1;539;293;
2;1;594;418;
3;1;522;572;
4;1;589;608;
5;1;519;883;
6;1;582;1105;
7;1;505;785;
8;1;507;1202;
9;1;513;1300;
10;1;573;1290;
11;1;599;1281;
12;1;546;1504;
13;1;582;1777;
14;1;582;1946;
15;1;536;1573;
16;1;538;1689;
17;1;594;1908;
18;1;572;2358;
19;1;545;2091;
20;1;583;2148;
21;1;505;2466;
22;1;576;2724;
23;1;589;2466;
24;1;540;2620;
25;1;572;2739;
26;1;581;2897;
27;1;565;2746;
28;1;558;3037;
29;1;574;3398;
30;1;528;3408;
31;1;513;3158;
32;1;535;3465;
33;1;599;3529;
34;1;573;3908;
35;1;570;3504;
36;1;509;3690;
37;1;523;3741;
38;1;539;3900;
39;1;570;3917;
40;1;564;4072;
41;1;541;4187;
42;1;511;4340;
43;1;523;4627;
44;1;554;4471;
45;1;511;4663;
46;1;508;4694;
47;1;598;4971;
48;1;528;5044;
49;1;552;5035;
