****10****
100
17;81;1;2;0;
54;42;1;2;0;
91;74;1;2;0;
62;36;1;2;0;
44;24;1;2;0;
61;34;1;2;0;
77;30;1;2;0;
57;34;1;2;0;
95;43;1;2;0;
77;11;1;2;0;
37;58;1;2;0;
37;13;1;2;0;
3;28;1;2;0;
54;10;1;2;0;
25;34;1;2;0;
5;41;1;2;0;
14;11;1;2;0;
34;57;1;2;0;
84;47;1;2;0;
44;79;1;2;0;
71;4;1;2;0;
13;47;1;2;0;
34;21;1;2;0;
80;80;1;2;0;
15;9;1;2;0;
42;51;1;2;0;
66;78;1;2;0;
64;68;1;2;0;
6;69;1;2;0;
29;82;1;2;0;
54;85;1;2;0;
23;68;1;2;0;
95;56;1;2;0;
76;79;1;2;0;
55;19;1;2;0;
9;25;1;2;0;
23;21;1;2;0;
71;8;1;2;0;
42;3;1;2;0;
39;56;1;2;0;
11;80;1;2;0;
59;28;1;2;0;
9;74;1;2;0;
47;66;1;2;0;
94;75;1;2;0;
48;48;1;2;0;
59;22;1;2;0;
15;54;1;2;0;
29;90;1;2;0;
84;83;1;2;0;
60;92;1;2;1054;
82;65;1;2;1352;
41;58;1;2;592;
79;65;1;2;2215;
10;23;1;2;197;
71;96;1;2;2498;
36;42;1;2;54;
35;89;1;2;1525;
8;55;1;2;1237;
37;96;1;2;2320;
71;55;1;2;91;
78;89;1;2;1788;
59;29;1;2;894;
42;60;1;2;2496;
87;69;1;2;2476;
11;39;1;2;628;
29;27;1;2;1505;
73;13;1;2;957;
75;21;1;2;1246;
35;57;1;2;1934;
77;27;1;2;987;
63;56;1;2;1157;
65;66;1;2;2003;
72;7;1;2;1558;
96;45;1;2;1233;
42;55;1;2;1140;
87;35;1;2;1254;
22;7;1;2;1757;
96;34;1;2;993;
25;68;1;2;2272;
48;44;1;2;1330;
26;59;1;2;1722;
92;23;1;2;2301;
39;47;1;2;1160;
44;94;1;2;512;
70;87;1;2;556;
87;73;1;2;1287;
29;46;1;2;262;
84;42;1;2;1510;
59;66;1;2;1263;
42;13;1;2;1845;
52;91;1;2;847;
69;34;1;2;55;
99;72;1;2;368;
40;68;1;2;1780;
26;89;1;2;1767;
18;75;1;2;957;
44;4;1;2;859;
29;39;1;2;2431;
99;98;1;2;1916;
0;1;536;26;
1;1;531;473;
2;1;542;690;
3;1;559;423;
4;1;555;738;
5;1;509;976;
6;1;535;1109;
7;1;597;961;
8;1;525;810;
9;1;581;1309;
10;1;512;1503;
11;1;590;1524;
12;1;504;1501;
13;1;506;1800;
14;1;569;1492;
15;1;523;1860;
16;1;593;1872;
17;1;572;1922;
18;1;526;2166;
19;1;544;2187;
20;1;554;2449;
21;1;509;2406;
22;1;504;2577;
23;1;531;2701;
24;1;543;2834;
25;1;574;2631;
26;1;555;2669;
27;1;521;2771;
28;1;584;3017;
29;1;566;2915;
30;1;580;3487;
31;1;508;3311;
32;1;592;3362;
33;1;558;3814;
34;1;513;3774;
35;1;548;3726;
36;1;557;3843;
37;1;559;3719;
38;1;566;3810;
39;1;592;3951;
40;1;600;4416;
41;1;513;4445;
42;1;531;4572;
43;1;567;4325;
44;1;562;4499;
45;1;570;4640;
46;1;519;4736;
47;1;565;5150;
48;1;559;4884;
49;1;579;4954;
