****13****
100
16;42;1;2;0;
36;36;1;2;0;
38;32;1;2;0;
22;37;1;2;0;
25;27;1;2;0;
42;49;1;2;0;
2;47;1;2;0;
71;2;1;2;0;
7;53;1;2;0;
46;15;1;2;0;
8;22;1;2;0;
5;72;1;2;0;
26;23;1;2;0;
43;24;1;2;0;
43;40;1;2;0;
47;59;1;2;0;
33;34;1;2;0;
46;22;1;2;0;
65;19;1;2;0;
11;90;1;2;0;
45;52;1;2;0;
90;99;1;2;0;
51;12;1;2;0;
52;57;1;2;0;
64;98;1;2;0;
71;23;1;2;0;
19;28;1;2;0;
95;44;1;2;0;
2;37;1;2;0;
68;45;1;2;0;
28;66;1;2;0;
55;61;1;2;0;
99;100;1;2;0;
82;63;1;2;0;
70;44;1;2;0;
4;66;1;2;0;
96;93;1;2;0;
64;98;1;2;0;
4;68;1;2;0;
6;67;1;2;0;
65;28;1;2;0;
42;83;1;2;0;
55;36;1;2;0;
27;57;1;2;0;
72;46;1;2;0;
53;52;1;2;0;
11;59;1;2;0;
12;9;1;2;0;
10;45;1;2;0;
71;79;1;2;0;
41;27;1;2;1931;
88;19;1;2;228;
85;75;1;2;1669;
90;41;1;2;303;
17;34;1;2;1981;
24;69;1;2;1349;
32;93;1;2;1922;
36;44;1;2;2294;
94;7;1;2;726;
3;3;1;2;1080;
81;43;1;2;1863;
76;30;1;2;905;
35;66;1;2;1815;
61;55;1;2;1813;
3;24;1;2;1714;
28;47;1;2;531;
78;78;1;2;1162;
78;13;1;2;803;
35;58;1;2;1141;
53;60;1;2;1091;
93;92;1;2;436;
59;67;1;2;2067;
95;2;1;2;2466;
6;14;1;2;1947;
57;17;1;2;1097;
93;44;1;2;858;
50;73;1;2;1742;
47;50;1;2;1658;
91;37;1;2;2099;
41;89;1;2;61;
46;33;1;2;2210;
93;91;1;2;470;
21;37;1;2;72;
67;42;1;2;188;
68;98;1;2;1118;
91;43;1;2;2348;
61;92;1;2;226;
59;91;1;2;1673;
74;81;1;2;1488;
93;74;1;2;393;
24;19;1;2;1977;
45;63;1;2;596;
33;35;1;2;2160;
74;2;1;2;982;
29;69;1;2;1380;
51;59;1;2;67;
17;19;1;2;73;
7;30;1;2;66;
98;3;1;2;847;
26;47;1;2;1055;
0;1;593;118;
1;1;573;475;
2;1;567;621;
3;1;534;716;
4;1;569;560;
5;1;525;569;
6;1;584;696;
7;1;590;1022;
8;1;507;1139;
9;1;516;1026;
10;1;519;1361;
11;1;581;1217;
12;1;571;1377;
13;1;502;1785;
14;1;556;1800;
15;1;554;1805;
16;1;522;1847;
17;1;544;1931;
18;1;512;2053;
19;1;539;2028;
20;1;593;2082;
21;1;502;2499;
22;1;571;2476;
23;1;580;2656;
24;1;539;2454;
25;1;552;3021;
26;1;521;3091;
27;1;557;3149;
28;1;514;2804;
29;1;542;3142;
30;1;511;3143;
31;1;521;3536;
32;1;572;3243;
33;1;572;3378;
34;1;593;3601;
35;1;514;3791;
36;1;576;4146;
37;1;565;3965;
38;1;558;4042;
39;1;574;4281;
40;1;543;4005;
41;1;557;4477;
42;1;509;4411;
43;1;505;4376;
44;1;576;4821;
45;1;543;4621;
46;1;592;4874;
47;1;569;4815;
48;1;578;4917;
49;1;597;4957;
