****3****
100
92;17;1;2;0;
74;86;1;2;0;
13;91;1;2;0;
44;10;1;2;0;
34;95;1;2;0;
25;17;1;2;0;
83;83;1;2;0;
18;40;1;2;0;
32;37;1;2;0;
91;92;1;2;0;
53;33;1;2;0;
71;84;1;2;0;
17;50;1;2;0;
68;76;1;2;0;
82;40;1;2;0;
62;73;1;2;0;
9;87;1;2;0;
10;73;1;2;0;
77;53;1;2;0;
83;62;1;2;0;
100;59;1;2;0;
79;34;1;2;0;
42;96;1;2;0;
73;25;1;2;0;
84;15;1;2;0;
68;88;1;2;0;
99;38;1;2;0;
72;15;1;2;0;
39;91;1;2;0;
43;20;1;2;0;
83;4;1;2;0;
44;91;1;2;0;
90;6;1;2;0;
63;66;1;2;0;
10;45;1;2;0;
27;9;1;2;0;
56;57;1;2;0;
94;97;1;2;0;
52;19;1;2;0;
73;87;1;2;0;
33;40;1;2;0;
75;32;1;2;0;
29;46;1;2;0;
98;19;1;2;0;
36;40;1;2;0;
91;18;1;2;0;
43;34;1;2;0;
8;84;1;2;0;
91;23;1;2;0;
49;1;1;2;0;
19;28;1;2;410;
74;84;1;2;2483;
22;88;1;2;798;
94;74;1;2;2351;
85;48;1;2;437;
65;45;1;2;2285;
84;81;1;2;730;
74;98;1;2;638;
59;58;1;2;1508;
50;80;1;2;1889;
2;98;1;2;1126;
62;24;1;2;852;
20;45;1;2;816;
44;91;1;2;2045;
5;27;1;2;202;
96;92;1;2;253;
37;75;1;2;933;
18;48;1;2;2303;
41;58;1;2;629;
99;7;1;2;1886;
6;8;1;2;1454;
92;22;1;2;721;
14;41;1;2;1462;
22;37;1;2;1235;
8;93;1;2;2494;
42;40;1;2;1367;
20;77;1;2;1688;
78;46;1;2;169;
37;86;1;2;1795;
54;84;1;2;1550;
1;42;1;2;1803;
46;33;1;2;471;
18;46;1;2;35;
35;20;1;2;1294;
41;27;1;2;1598;
78;68;1;2;1386;
54;87;1;2;445;
8;16;1;2;2006;
61;53;1;2;1707;
20;58;1;2;1057;
37;58;1;2;1944;
13;56;1;2;494;
63;73;1;2;66;
53;7;1;2;1475;
31;100;1;2;1762;
53;77;1;2;1135;
62;83;1;2;2344;
52;90;1;2;1324;
34;51;1;2;377;
54;22;1;2;133;
0;1;561;473;
1;1;520;516;
2;1;574;590;
3;1;537;728;
4;1;600;814;
5;1;540;857;
6;1;512;781;
7;1;557;898;
8;1;574;811;
9;1;583;1028;
10;1;568;1083;
11;1;539;1126;
12;1;565;1723;
13;1;559;1505;
14;1;529;1652;
15;1;528;1516;
16;1;541;2011;
17;1;597;1961;
18;1;574;2139;
19;1;502;2022;
20;1;548;2253;
21;1;583;2458;
22;1;515;2453;
23;1;551;2848;
24;1;524;2536;
25;1;580;2670;
26;1;548;2961;
27;1;552;2808;
28;1;593;3119;
29;1;530;2953;
30;1;594;3163;
31;1;562;3529;
32;1;509;3506;
33;1;552;3569;
34;1;544;3709;
35;1;559;3640;
36;1;551;3850;
37;1;506;3882;
38;1;531;4304;
39;1;557;3998;
40;1;540;4207;
41;1;597;4179;
42;1;557;4449;
43;1;552;4721;
44;1;510;4602;
45;1;575;4779;
46;1;542;4675;
47;1;540;4901;
48;1;598;5171;
49;1;536;5076;
