****19****
100
67;67;1;2;0;
99;91;1;2;0;
21;9;1;2;0;
72;39;1;2;0;
90;89;1;2;0;
52;65;1;2;0;
73;6;1;2;0;
50;30;1;2;0;
51;72;1;2;0;
22;53;1;2;0;
25;28;1;2;0;
65;5;1;2;0;
99;36;1;2;0;
98;45;1;2;0;
30;37;1;2;0;
4;48;1;2;0;
56;2;1;2;0;
90;76;1;2;0;
10;61;1;2;0;
14;51;1;2;0;
50;17;1;2;0;
68;22;1;2;0;
75;17;1;2;0;
3;77;1;2;0;
89;25;1;2;0;
81;13;1;2;0;
52;45;1;2;0;
69;2;1;2;0;
81;19;1;2;0;
46;62;1;2;0;
55;1;1;2;0;
9;10;1;2;0;
54;99;1;2;0;
37;15;1;2;0;
59;3;1;2;0;
18;60;1;2;0;
71;85;1;2;0;
33;45;1;2;0;
1;36;1;2;0;
22;41;1;2;0;
60;2;1;2;0;
5;63;1;2;0;
99;74;1;2;0;
16;79;1;2;0;
44;62;1;2;0;
40;98;1;2;0;
14;100;1;2;0;
60;68;1;2;0;
98;48;1;2;0;
82;9;1;2;0;
50;51;1;2;207;
21;35;1;2;975;
17;36;1;2;1526;
38;76;1;2;793;
92;33;1;2;429;
90;6;1;2;1347;
20;49;1;2;1350;
59;98;1;2;587;
10;9;1;2;1872;
8;57;1;2;2470;
68;6;1;2;1512;
87;78;1;2;777;
39;95;1;2;1652;
78;84;1;2;1627;
28;75;1;2;221;
40;16;1;2;1938;
68;35;1;2;1796;
8;45;1;2;1493;
62;55;1;2;746;
35;14;1;2;1535;
42;33;1;2;447;
99;19;1;2;85;
42;10;1;2;1798;
69;87;1;2;917;
75;15;1;2;1156;
13;6;1;2;1165;
8;73;1;2;2421;
51;81;1;2;2064;
95;94;1;2;2013;
96;81;1;2;514;
53;74;1;2;1012;
20;24;1;2;1212;
12;65;1;2;2094;
50;85;1;2;180;
71;59;1;2;1268;
19;23;1;2;785;
83;30;1;2;77;
33;32;1;2;498;
79;27;1;2;134;
80;22;1;2;856;
97;27;1;2;133;
47;46;1;2;1982;
67;9;1;2;2180;
96;10;1;2;2379;
15;80;1;2;1705;
49;99;1;2;387;
88;33;1;2;357;
51;65;1;2;916;
47;43;1;2;1057;
88;74;1;2;1522;
0;1;509;53;
1;1;590;134;
2;1;569;724;
3;1;524;602;
4;1;547;870;
5;1;534;737;
6;1;575;972;
7;1;536;839;
8;1;596;1013;
9;1;555;1099;
10;1;518;1126;
11;1;538;1459;
12;1;599;1504;
13;1;576;1440;
14;1;523;1891;
15;1;553;1658;
16;1;524;1845;
17;1;537;2137;
18;1;581;2367;
19;1;582;1968;
20;1;568;2070;
21;1;535;2202;
22;1;562;2291;
23;1;546;2725;
24;1;507;2687;
25;1;544;2759;
26;1;586;3068;
27;1;509;3064;
28;1;516;3083;
29;1;525;3214;
30;1;537;3126;
31;1;572;3479;
32;1;571;3738;
33;1;507;3645;
34;1;519;3683;
35;1;529;3559;
36;1;554;3628;
37;1;581;4109;
38;1;584;4249;
39;1;525;4141;
40;1;529;4408;
41;1;517;4466;
42;1;501;4662;
43;1;502;4721;
44;1;513;4867;
45;1;558;4896;
46;1;507;5087;
47;1;565;5063;
48;1;589;4908;
49;1;531;5054;
