****8****
100
84;18;1;2;0;
100;19;1;2;0;
15;29;1;2;0;
55;40;1;2;0;
26;82;1;2;0;
84;70;1;2;0;
88;17;1;2;0;
61;41;1;2;0;
19;14;1;2;0;
70;40;1;2;0;
41;76;1;2;0;
74;40;1;2;0;
19;13;1;2;0;
79;65;1;2;0;
86;50;1;2;0;
45;69;1;2;0;
68;97;1;2;0;
39;34;1;2;0;
77;94;1;2;0;
73;3;1;2;0;
75;8;1;2;0;
72;14;1;2;0;
25;84;1;2;0;
54;43;1;2;0;
97;76;1;2;0;
34;37;1;2;0;
51;8;1;2;0;
29;69;1;2;0;
72;7;1;2;0;
85;57;1;2;0;
8;29;1;2;0;
78;75;1;2;0;
77;16;1;2;0;
61;54;1;2;0;
9;33;1;2;0;
56;35;1;2;0;
93;27;1;2;0;
48;17;1;2;0;
10;54;1;2;0;
11;58;1;2;0;
29;45;1;2;0;
47;79;1;2;0;
4;75;1;2;0;
99;27;1;2;0;
33;35;1;2;0;
35;40;1;2;0;
15;12;1;2;0;
67;92;1;2;0;
80;27;1;2;0;
45;40;1;2;0;
11;100;1;2;1231;
3;78;1;2;904;
71;39;1;2;387;
34;48;1;2;1505;
30;94;1;2;1270;
85;68;1;2;468;
11;100;1;2;1092;
45;40;1;2;759;
9;58;1;2;1349;
88;84;1;2;1874;
27;46;1;2;1038;
53;49;1;2;24;
79;71;1;2;1488;
9;4;1;2;498;
68;85;1;2;2366;
56;69;1;2;2263;
95;79;1;2;2487;
67;76;1;2;1084;
54;84;1;2;1337;
84;23;1;2;96;
58;1;1;2;1326;
83;54;1;2;1792;
85;84;1;2;2347;
29;44;1;2;2330;
69;11;1;2;2441;
54;19;1;2;637;
58;65;1;2;518;
62;31;1;2;1187;
5;37;1;2;596;
57;72;1;2;696;
44;30;1;2;287;
77;12;1;2;601;
57;49;1;2;41;
60;77;1;2;1496;
67;97;1;2;1470;
10;2;1;2;1235;
21;60;1;2;1259;
63;21;1;2;136;
32;78;1;2;1125;
84;86;1;2;573;
58;82;1;2;357;
85;58;1;2;1519;
16;14;1;2;1579;
31;74;1;2;2029;
41;92;1;2;868;
13;53;1;2;462;
4;25;1;2;573;
58;40;1;2;1193;
47;71;1;2;904;
72;55;1;2;1043;
0;1;569;155;
1;1;547;514;
2;1;600;603;
3;1;535;720;
4;1;518;569;
5;1;598;506;
6;1;590;797;
7;1;534;939;
8;1;550;1337;
9;1;571;905;
10;1;562;1429;
11;1;515;1100;
12;1;501;1307;
13;1;524;1340;
14;1;533;1814;
15;1;594;1874;
16;1;593;1845;
17;1;598;1740;
18;1;596;2116;
19;1;508;1984;
20;1;556;2008;
21;1;555;2446;
22;1;594;2557;
23;1;552;2818;
24;1;577;2971;
25;1;600;2590;
26;1;524;2789;
27;1;543;2922;
28;1;526;3251;
29;1;556;2913;
30;1;595;3140;
31;1;562;3219;
32;1;593;3667;
33;1;532;3540;
34;1;596;3590;
35;1;501;3703;
36;1;547;4116;
37;1;600;3739;
38;1;547;3942;
39;1;534;4273;
40;1;525;4259;
41;1;518;4207;
42;1;598;4545;
43;1;527;4690;
44;1;578;4871;
45;1;585;5076;
46;1;583;4924;
47;1;511;4983;
48;1;510;5271;
49;1;563;5401;
