****12****
100
27;23;1;2;0;
60;72;1;2;0;
42;79;1;2;0;
98;86;1;2;0;
9;7;1;2;0;
57;47;1;2;0;
85;88;1;2;0;
26;54;1;2;0;
45;21;1;2;0;
29;10;1;2;0;
27;18;1;2;0;
45;29;1;2;0;
15;45;1;2;0;
25;83;1;2;0;
42;91;1;2;0;
54;20;1;2;0;
13;14;1;2;0;
43;7;1;2;0;
44;41;1;2;0;
92;4;1;2;0;
47;48;1;2;0;
50;83;1;2;0;
87;76;1;2;0;
37;32;1;2;0;
48;17;1;2;0;
93;74;1;2;0;
86;89;1;2;0;
2;100;1;2;0;
33;78;1;2;0;
34;74;1;2;0;
69;88;1;2;0;
46;33;1;2;0;
53;88;1;2;0;
39;96;1;2;0;
80;30;1;2;0;
51;26;1;2;0;
29;1;1;2;0;
61;16;1;2;0;
28;49;1;2;0;
99;75;1;2;0;
17;43;1;2;0;
48;2;1;2;0;
31;2;1;2;0;
53;64;1;2;0;
79;87;1;2;0;
89;99;1;2;0;
26;34;1;2;0;
32;30;1;2;0;
74;22;1;2;0;
77;53;1;2;0;
4;27;1;2;264;
32;27;1;2;184;
99;54;1;2;402;
49;28;1;2;210;
91;28;1;2;602;
22;81;1;2;817;
37;11;1;2;1956;
25;10;1;2;2486;
11;93;1;2;184;
36;14;1;2;2163;
88;17;1;2;776;
70;1;1;2;720;
12;99;1;2;1762;
54;48;1;2;2269;
12;90;1;2;139;
23;11;1;2;1855;
87;99;1;2;1174;
88;24;1;2;606;
67;86;1;2;537;
26;21;1;2;779;
10;60;1;2;1992;
72;82;1;2;272;
60;93;1;2;519;
54;99;1;2;128;
76;10;1;2;1351;
76;33;1;2;515;
9;71;1;2;1377;
100;10;1;2;146;
52;76;1;2;540;
44;54;1;2;2421;
53;63;1;2;857;
79;34;1;2;1119;
53;45;1;2;890;
30;99;1;2;571;
53;26;1;2;376;
18;53;1;2;908;
46;61;1;2;483;
72;60;1;2;1062;
21;11;1;2;126;
7;6;1;2;364;
13;11;1;2;1438;
30;89;1;2;1627;
77;42;1;2;1652;
68;23;1;2;773;
9;27;1;2;1262;
11;97;1;2;757;
46;42;1;2;1119;
2;13;1;2;1017;
20;85;1;2;1061;
14;43;1;2;1786;
0;1;560;546;
1;1;524;476;
2;1;536;400;
3;1;514;781;
4;1;506;471;
5;1;531;749;
6;1;596;758;
7;1;554;1244;
8;1;554;1109;
9;1;535;1225;
10;1;543;1045;
11;1;552;1270;
12;1;510;1221;
13;1;591;1528;
14;1;537;1654;
15;1;580;1695;
16;1;591;1852;
17;1;516;2090;
18;1;515;1856;
19;1;542;2229;
20;1;537;2387;
21;1;599;2463;
22;1;515;2419;
23;1;597;2325;
24;1;506;2760;
25;1;570;2798;
26;1;547;3086;
27;1;555;3153;
28;1;545;3222;
29;1;526;3134;
30;1;534;3090;
31;1;528;3436;
32;1;560;3623;
33;1;503;3698;
34;1;525;3770;
35;1;546;3684;
36;1;520;3703;
37;1;545;3931;
38;1;600;4341;
39;1;506;4121;
40;1;524;4119;
41;1;554;4416;
42;1;549;4339;
43;1;531;4716;
44;1;557;4405;
45;1;525;4715;
46;1;513;4747;
47;1;567;4944;
48;1;547;5081;
49;1;597;5155;
