****9****
100
32;16;1;2;0;
59;78;1;2;0;
75;58;1;2;0;
69;73;1;2;0;
61;3;1;2;0;
48;37;1;2;0;
87;17;1;2;0;
89;37;1;2;0;
29;15;1;2;0;
12;6;1;2;0;
97;96;1;2;0;
77;31;1;2;0;
94;88;1;2;0;
5;3;1;2;0;
81;20;1;2;0;
59;65;1;2;0;
87;70;1;2;0;
94;61;1;2;0;
79;63;1;2;0;
33;39;1;2;0;
17;33;1;2;0;
28;55;1;2;0;
49;16;1;2;0;
91;77;1;2;0;
30;54;1;2;0;
82;26;1;2;0;
2;11;1;2;0;
8;95;1;2;0;
50;13;1;2;0;
50;82;1;2;0;
84;60;1;2;0;
46;22;1;2;0;
29;40;1;2;0;
82;60;1;2;0;
2;66;1;2;0;
98;70;1;2;0;
50;77;1;2;0;
24;99;1;2;0;
92;67;1;2;0;
27;22;1;2;0;
20;61;1;2;0;
99;73;1;2;0;
23;7;1;2;0;
68;72;1;2;0;
71;69;1;2;0;
53;6;1;2;0;
80;51;1;2;0;
79;61;1;2;0;
90;60;1;2;0;
20;43;1;2;0;
77;69;1;2;1096;
27;46;1;2;2298;
77;37;1;2;88;
3;10;1;2;2222;
15;61;1;2;53;
37;19;1;2;1106;
60;41;1;2;1868;
65;46;1;2;376;
67;76;1;2;2171;
8;35;1;2;216;
50;63;1;2;338;
13;89;1;2;1559;
51;17;1;2;1432;
4;72;1;2;39;
80;86;1;2;2326;
76;75;1;2;1915;
92;86;1;2;1294;
27;2;1;2;16;
94;68;1;2;404;
21;75;1;2;378;
19;76;1;2;1045;
86;40;1;2;1011;
97;91;1;2;1356;
49;46;1;2;1750;
11;25;1;2;0;
84;100;1;2;393;
76;43;1;2;255;
59;22;1;2;1054;
88;15;1;2;720;
43;88;1;2;154;
85;6;1;2;1419;
89;91;1;2;611;
81;40;1;2;26;
94;88;1;2;2257;
26;50;1;2;2023;
96;34;1;2;1881;
91;61;1;2;433;
24;19;1;2;2054;
7;58;1;2;2114;
9;53;1;2;286;
37;37;1;2;1790;
41;25;1;2;1960;
85;57;1;2;2358;
70;51;1;2;1917;
49;28;1;2;676;
3;23;1;2;964;
57;66;1;2;2194;
6;89;1;2;662;
75;47;1;2;1386;
11;7;1;2;2274;
0;1;534;5;
1;1;561;490;
2;1;536;432;
3;1;534;605;
4;1;593;884;
5;1;542;790;
6;1;541;979;
7;1;523;1187;
8;1;544;1260;
9;1;520;1412;
10;1;514;1043;
11;1;510;1312;
12;1;527;1535;
13;1;501;1580;
14;1;547;1910;
15;1;523;1898;
16;1;555;1824;
17;1;594;1825;
18;1;571;2350;
19;1;514;2224;
20;1;570;2024;
21;1;510;2240;
22;1;596;2407;
23;1;550;2788;
24;1;580;2529;
25;1;543;2788;
26;1;533;3119;
27;1;548;2726;
28;1;588;3319;
29;1;509;3218;
30;1;559;3189;
31;1;517;3126;
32;1;565;3215;
33;1;507;3546;
34;1;589;3527;
35;1;502;3998;
36;1;574;3732;
37;1;569;3972;
38;1;594;4393;
39;1;511;4050;
40;1;539;4253;
41;1;518;4141;
42;1;505;4604;
43;1;534;4533;
44;1;565;4667;
45;1;529;4555;
46;1;525;4845;
47;1;540;5001;
48;1;508;4881;
49;1;528;5383;
