****14****
100
1;11;1;2;0;
60;76;1;2;0;
77;76;1;2;0;
73;86;1;2;0;
72;47;1;2;0;
34;15;1;2;0;
71;90;1;2;0;
29;79;1;2;0;
55;86;1;2;0;
53;82;1;2;0;
83;95;1;2;0;
19;27;1;2;0;
9;40;1;2;0;
41;38;1;2;0;
79;90;1;2;0;
12;32;1;2;0;
52;23;1;2;0;
59;28;1;2;0;
99;32;1;2;0;
14;70;1;2;0;
78;99;1;2;0;
84;100;1;2;0;
88;65;1;2;0;
31;95;1;2;0;
2;83;1;2;0;
76;36;1;2;0;
29;47;1;2;0;
62;89;1;2;0;
86;55;1;2;0;
78;16;1;2;0;
44;90;1;2;0;
47;95;1;2;0;
12;6;1;2;0;
74;10;1;2;0;
37;39;1;2;0;
80;66;1;2;0;
37;15;1;2;0;
17;77;1;2;0;
31;47;1;2;0;
71;84;1;2;0;
81;98;1;2;0;
20;61;1;2;0;
96;33;1;2;0;
1;81;1;2;0;
87;79;1;2;0;
97;82;1;2;0;
20;95;1;2;0;
28;31;1;2;0;
100;2;1;2;0;
93;88;1;2;0;
92;24;1;2;88;
29;90;1;2;352;
5;21;1;2;842;
27;56;1;2;1318;
76;75;1;2;1171;
72;8;1;2;371;
4;46;1;2;21;
100;28;1;2;247;
47;55;1;2;328;
46;8;1;2;1914;
86;100;1;2;102;
90;80;1;2;2173;
63;36;1;2;1394;
83;14;1;2;843;
87;89;1;2;562;
51;12;1;2;2392;
68;16;1;2;1176;
63;67;1;2;1901;
29;13;1;2;640;
26;11;1;2;450;
66;96;1;2;1994;
30;85;1;2;802;
83;100;1;2;939;
8;82;1;2;1774;
40;20;1;2;1180;
47;70;1;2;1812;
13;90;1;2;28;
25;4;1;2;1289;
63;33;1;2;1980;
60;10;1;2;531;
65;75;1;2;908;
20;56;1;2;697;
7;38;1;2;251;
28;97;1;2;415;
63;89;1;2;6;
90;35;1;2;197;
28;48;1;2;1360;
82;24;1;2;1017;
6;38;1;2;1917;
90;98;1;2;1888;
37;14;1;2;341;
78;85;1;2;2388;
56;91;1;2;192;
33;19;1;2;151;
95;33;1;2;612;
24;74;1;2;2133;
27;1;1;2;2107;
18;34;1;2;1710;
13;39;1;2;345;
40;81;1;2;1154;
0;1;528;72;
1;1;505;492;
2;1;546;580;
3;1;513;482;
4;1;532;635;
5;1;538;575;
6;1;580;952;
7;1;534;1125;
8;1;508;1014;
9;1;511;1111;
10;1;559;1066;
11;1;552;1392;
12;1;597;1508;
13;1;583;1496;
14;1;504;1502;
15;1;530;1522;
16;1;531;1827;
17;1;577;2080;
18;1;574;1942;
19;1;582;2414;
20;1;513;2502;
21;1;506;2547;
22;1;551;2423;
23;1;572;2790;
24;1;549;2742;
25;1;544;2547;
26;1;573;2930;
27;1;504;2880;
28;1;559;3069;
29;1;559;3444;
30;1;505;3044;
31;1;596;3290;
32;1;525;3547;
33;1;515;3635;
34;1;513;3891;
35;1;507;3565;
36;1;515;3609;
37;1;521;3842;
38;1;507;4204;
39;1;527;3911;
40;1;573;4307;
41;1;567;4387;
42;1;565;4256;
43;1;518;4694;
44;1;511;4490;
45;1;588;4982;
46;1;568;4819;
47;1;502;5161;
48;1;560;5275;
49;1;546;5039;
