****16****
100
55;89;1;2;0;
41;46;1;2;0;
53;12;1;2;0;
58;86;1;2;0;
19;33;1;2;0;
56;65;1;2;0;
57;58;1;2;0;
59;93;1;2;0;
88;91;1;2;0;
73;85;1;2;0;
85;10;1;2;0;
25;68;1;2;0;
100;41;1;2;0;
56;17;1;2;0;
44;73;1;2;0;
15;50;1;2;0;
13;56;1;2;0;
96;66;1;2;0;
67;5;1;2;0;
3;37;1;2;0;
37;58;1;2;0;
2;46;1;2;0;
67;12;1;2;0;
38;55;1;2;0;
3;62;1;2;0;
91;39;1;2;0;
71;15;1;2;0;
6;70;1;2;0;
7;13;1;2;0;
39;2;1;2;0;
37;53;1;2;0;
52;50;1;2;0;
8;47;1;2;0;
67;26;1;2;0;
51;69;1;2;0;
63;39;1;2;0;
78;64;1;2;0;
36;45;1;2;0;
75;73;1;2;0;
99;29;1;2;0;
87;89;1;2;0;
67;57;1;2;0;
55;24;1;2;0;
79;13;1;2;0;
89;69;1;2;0;
14;25;1;2;0;
21;65;1;2;0;
26;81;1;2;0;
63;92;1;2;0;
58;65;1;2;0;
60;72;1;2;1243;
90;35;1;2;1231;
34;62;1;2;1418;
84;42;1;2;436;
72;61;1;2;2091;
78;84;1;2;1440;
42;72;1;2;1786;
55;49;1;2;2446;
72;74;1;2;2219;
34;66;1;2;1842;
51;77;1;2;1419;
6;66;1;2;1693;
96;99;1;2;1;
11;34;1;2;1335;
12;57;1;2;139;
22;34;1;2;1117;
61;75;1;2;1900;
17;82;1;2;516;
45;53;1;2;261;
53;38;1;2;992;
22;40;1;2;1378;
11;45;1;2;421;
87;93;1;2;1192;
75;3;1;2;1067;
5;67;1;2;115;
47;40;1;2;2377;
73;100;1;2;1569;
22;16;1;2;1540;
71;12;1;2;602;
93;16;1;2;628;
81;38;1;2;1003;
97;48;1;2;467;
30;86;1;2;255;
62;61;1;2;1785;
28;17;1;2;490;
50;16;1;2;965;
57;88;1;2;2147;
91;61;1;2;826;
6;31;1;2;1945;
25;75;1;2;226;
86;55;1;2;7;
34;3;1;2;208;
26;33;1;2;27;
63;94;1;2;1959;
54;73;1;2;2343;
11;22;1;2;1317;
59;31;1;2;2499;
58;21;1;2;290;
73;79;1;2;206;
52;55;1;2;10;
0;1;546;339;
1;1;522;492;
2;1;573;365;
3;1;559;337;
4;1;561;877;
5;1;513;741;
6;1;551;628;
7;1;579;785;
8;1;576;887;
9;1;507;1257;
10;1;582;1127;
11;1;543;1453;
12;1;564;1455;
13;1;533;1319;
14;1;571;1649;
15;1;572;1967;
16;1;527;1912;
17;1;596;1874;
18;1;573;1834;
19;1;549;1948;
20;1;529;2234;
21;1;539;2205;
22;1;578;2754;
23;1;578;2872;
24;1;520;2684;
25;1;590;2883;
26;1;590;3094;
27;1;508;2992;
28;1;552;3179;
29;1;561;3244;
30;1;578;3201;
31;1;589;3402;
32;1;581;3441;
33;1;555;3422;
34;1;589;3904;
35;1;586;4052;
36;1;516;4083;
37;1;552;4064;
38;1;544;4028;
39;1;550;4264;
40;1;565;4315;
41;1;568;4145;
42;1;575;4574;
43;1;563;4620;
44;1;566;4846;
45;1;599;5056;
46;1;559;5051;
47;1;599;4947;
48;1;574;4926;
49;1;543;5416;
