****6****
100
19;42;1;2;0;
52;33;1;2;0;
81;32;1;2;0;
1;12;1;2;0;
75;69;1;2;0;
18;91;1;2;0;
37;29;1;2;0;
45;48;1;2;0;
96;61;1;2;0;
31;2;1;2;0;
67;41;1;2;0;
34;10;1;2;0;
44;33;1;2;0;
18;81;1;2;0;
60;35;1;2;0;
72;78;1;2;0;
77;24;1;2;0;
62;9;1;2;0;
7;15;1;2;0;
20;34;1;2;0;
83;90;1;2;0;
24;19;1;2;0;
18;68;1;2;0;
66;65;1;2;0;
29;48;1;2;0;
67;47;1;2;0;
40;52;1;2;0;
57;36;1;2;0;
84;26;1;2;0;
68;43;1;2;0;
61;39;1;2;0;
73;89;1;2;0;
14;34;1;2;0;
97;21;1;2;0;
48;68;1;2;0;
54;30;1;2;0;
57;77;1;2;0;
100;26;1;2;0;
97;17;1;2;0;
91;77;1;2;0;
16;9;1;2;0;
23;56;1;2;0;
60;31;1;2;0;
43;43;1;2;0;
57;10;1;2;0;
85;17;1;2;0;
48;9;1;2;0;
57;62;1;2;0;
43;53;1;2;0;
34;90;1;2;0;
72;87;1;2;1598;
29;15;1;2;516;
54;11;1;2;1917;
96;39;1;2;29;
4;62;1;2;2073;
63;92;1;2;1336;
57;100;1;2;1557;
94;16;1;2;933;
2;72;1;2;160;
44;76;1;2;1422;
86;48;1;2;1657;
9;28;1;2;1277;
79;33;1;2;369;
18;29;1;2;2384;
73;84;1;2;1453;
34;99;1;2;500;
38;55;1;2;1940;
2;48;1;2;1121;
14;2;1;2;1742;
87;97;1;2;1120;
93;82;1;2;340;
37;90;1;2;607;
96;21;1;2;414;
69;90;1;2;289;
28;14;1;2;1474;
1;100;1;2;1502;
17;89;1;2;1975;
84;90;1;2;779;
67;4;1;2;1082;
74;90;1;2;564;
56;35;1;2;956;
89;71;1;2;1353;
49;18;1;2;2273;
93;38;1;2;637;
66;66;1;2;1471;
74;18;1;2;1852;
80;86;1;2;615;
92;69;1;2;1819;
56;36;1;2;1398;
69;9;1;2;2011;
79;16;1;2;79;
74;4;1;2;2265;
58;4;1;2;2342;
63;96;1;2;681;
61;61;1;2;2168;
20;86;1;2;754;
79;65;1;2;1941;
77;9;1;2;170;
65;64;1;2;1563;
56;85;1;2;359;
0;1;589;505;
1;1;550;356;
2;1;588;476;
3;1;596;432;
4;1;556;718;
5;1;559;1004;
6;1;503;913;
7;1;564;843;
8;1;591;999;
9;1;598;972;
10;1;566;1000;
11;1;597;1411;
12;1;504;1497;
13;1;542;1542;
14;1;569;1605;
15;1;513;1645;
16;1;592;1830;
17;1;568;1898;
18;1;567;2152;
19;1;575;2299;
20;1;569;2499;
21;1;578;2596;
22;1;504;2656;
23;1;538;2655;
24;1;542;2748;
25;1;566;2917;
26;1;503;2627;
27;1;585;2738;
28;1;576;2845;
29;1;589;3189;
30;1;503;3230;
31;1;557;3251;
32;1;515;3303;
33;1;524;3697;
34;1;538;3526;
35;1;560;3798;
36;1;584;4084;
37;1;581;3714;
38;1;581;3801;
39;1;585;4419;
40;1;557;4072;
41;1;534;4615;
42;1;564;4357;
43;1;570;4360;
44;1;596;4421;
45;1;539;5026;
46;1;510;4974;
47;1;544;4912;
48;1;518;5078;
49;1;562;5182;
