****4****
100
49;94;1;2;0;
88;99;1;2;0;
86;93;1;2;0;
15;16;1;2;0;
1;24;1;2;0;
70;40;1;2;0;
11;19;1;2;0;
79;68;1;2;0;
18;82;1;2;0;
21;27;1;2;0;
15;95;1;2;0;
81;56;1;2;0;
34;73;1;2;0;
10;84;1;2;0;
16;45;1;2;0;
28;16;1;2;0;
90;15;1;2;0;
14;75;1;2;0;
60;80;1;2;0;
90;12;1;2;0;
55;12;1;2;0;
3;66;1;2;0;
30;82;1;2;0;
85;47;1;2;0;
63;5;1;2;0;
26;29;1;2;0;
51;58;1;2;0;
37;36;1;2;0;
30;46;1;2;0;
19;45;1;2;0;
42;47;1;2;0;
60;31;1;2;0;
13;25;1;2;0;
5;72;1;2;0;
5;46;1;2;0;
83;59;1;2;0;
57;86;1;2;0;
76;38;1;2;0;
19;60;1;2;0;
37;33;1;2;0;
16;62;1;2;0;
62;66;1;2;0;
19;50;1;2;0;
2;49;1;2;0;
95;72;1;2;0;
45;36;1;2;0;
70;5;1;2;0;
66;83;1;2;0;
29;22;1;2;0;
6;85;1;2;0;
67;41;1;2;2352;
76;78;1;2;1314;
65;96;1;2;888;
1;80;1;2;2436;
14;93;1;2;1998;
33;42;1;2;1863;
33;36;1;2;2035;
77;71;1;2;2428;
33;88;1;2;1614;
14;61;1;2;1961;
98;80;1;2;224;
93;55;1;2;1363;
16;19;1;2;598;
98;72;1;2;142;
95;85;1;2;2358;
58;69;1;2;1248;
26;53;1;2;1657;
66;82;1;2;1981;
75;14;1;2;1119;
18;27;1;2;459;
66;77;1;2;1358;
7;69;1;2;750;
24;84;1;2;739;
37;81;1;2;455;
81;76;1;2;716;
17;85;1;2;1627;
95;11;1;2;1771;
61;28;1;2;725;
97;2;1;2;940;
24;71;1;2;1482;
12;88;1;2;264;
27;46;1;2;2139;
100;70;1;2;920;
92;58;1;2;2495;
6;90;1;2;1803;
5;6;1;2;842;
25;53;1;2;1474;
97;13;1;2;733;
98;61;1;2;1049;
16;36;1;2;1537;
9;48;1;2;1655;
30;26;1;2;1633;
72;26;1;2;334;
97;69;1;2;856;
54;26;1;2;844;
87;83;1;2;157;
8;7;1;2;42;
39;55;1;2;2160;
49;52;1;2;989;
60;19;1;2;150;
0;1;545;544;
1;1;502;140;
2;1;509;491;
3;1;583;692;
4;1;552;941;
5;1;528;667;
6;1;518;735;
7;1;598;1198;
8;1;520;971;
9;1;594;1058;
10;1;538;1287;
11;1;517;1313;
12;1;595;1249;
13;1;595;1677;
14;1;576;1860;
15;1;519;1820;
16;1;544;2055;
17;1;536;2220;
18;1;547;2228;
19;1;584;2041;
20;1;592;2263;
21;1;574;2337;
22;1;593;2239;
23;1;512;2415;
24;1;554;2832;
25;1;590;2560;
26;1;545;2695;
27;1;534;3044;
28;1;570;3219;
29;1;555;3271;
30;1;544;3045;
31;1;516;3335;
32;1;593;3519;
33;1;592;3710;
34;1;573;3972;
35;1;593;3646;
36;1;538;3891;
37;1;526;4097;
38;1;540;4288;
39;1;545;4257;
40;1;546;4089;
41;1;535;4124;
42;1;591;4321;
43;1;532;4559;
44;1;599;4863;
45;1;508;4697;
46;1;559;4607;
47;1;533;4835;
48;1;578;5095;
49;1;546;5005;
