****15****
100
12;53;1;2;0;
1;78;1;2;0;
17;21;1;2;0;
46;23;1;2;0;
12;25;1;2;0;
30;36;1;2;0;
95;48;1;2;0;
84;11;1;2;0;
69;1;1;2;0;
86;32;1;2;0;
81;25;1;2;0;
46;100;1;2;0;
60;99;1;2;0;
43;71;1;2;0;
15;89;1;2;0;
95;78;1;2;0;
93;95;1;2;0;
55;61;1;2;0;
15;52;1;2;0;
35;78;1;2;0;
76;17;1;2;0;
65;22;1;2;0;
64;100;1;2;0;
33;85;1;2;0;
53;70;1;2;0;
16;33;1;2;0;
94;13;1;2;0;
32;6;1;2;0;
12;74;1;2;0;
76;78;1;2;0;
14;22;1;2;0;
55;58;1;2;0;
16;61;1;2;0;
18;82;1;2;0;
12;5;1;2;0;
11;40;1;2;0;
21;75;1;2;0;
61;84;1;2;0;
75;93;1;2;0;
20;27;1;2;0;
14;87;1;2;0;
11;60;1;2;0;
100;42;1;2;0;
65;63;1;2;0;
67;92;1;2;0;
40;33;1;2;0;
14;46;1;2;0;
90;29;1;2;0;
6;60;1;2;0;
63;69;1;2;0;
64;73;1;2;1797;
84;48;1;2;1635;
19;74;1;2;1458;
39;52;1;2;1292;
25;14;1;2;1126;
76;55;1;2;1784;
90;73;1;2;1300;
29;5;1;2;678;
74;47;1;2;534;
31;6;1;2;374;
100;21;1;2;285;
7;4;1;2;1992;
27;74;1;2;836;
92;12;1;2;1928;
70;89;1;2;1592;
55;16;1;2;1362;
8;6;1;2;1359;
52;86;1;2;51;
10;12;1;2;973;
48;42;1;2;385;
48;41;1;2;1355;
20;100;1;2;756;
92;78;1;2;414;
88;69;1;2;181;
36;38;1;2;1916;
48;44;1;2;933;
15;51;1;2;519;
54;3;1;2;1327;
49;64;1;2;141;
91;63;1;2;731;
89;10;1;2;650;
56;81;1;2;1697;
29;24;1;2;511;
76;12;1;2;1046;
35;99;1;2;2099;
85;98;1;2;2295;
51;12;1;2;921;
74;17;1;2;1777;
83;66;1;2;540;
2;8;1;2;249;
15;96;1;2;1272;
73;3;1;2;1399;
77;32;1;2;123;
63;59;1;2;780;
66;45;1;2;297;
58;30;1;2;272;
41;80;1;2;2063;
79;54;1;2;2031;
19;36;1;2;225;
74;89;1;2;123;
0;1;591;268;
1;1;545;568;
2;1;528;254;
3;1;580;775;
4;1;530;783;
5;1;519;795;
6;1;511;1022;
7;1;533;756;
8;1;593;1346;
9;1;502;1394;
10;1;594;1371;
11;1;564;1402;
12;1;535;1288;
13;1;586;1687;
14;1;508;1777;
15;1;525;1524;
16;1;533;1933;
17;1;571;2187;
18;1;567;1907;
19;1;568;2336;
20;1;515;2270;
21;1;537;2262;
22;1;521;2200;
23;1;586;2746;
24;1;535;2673;
25;1;597;2521;
26;1;549;2731;
27;1;530;2804;
28;1;546;3012;
29;1;562;3432;
30;1;592;3585;
31;1;506;3302;
32;1;558;3259;
33;1;536;3564;
34;1;529;3606;
35;1;525;3567;
36;1;540;3972;
37;1;571;4122;
38;1;533;4194;
39;1;576;4386;
40;1;595;4397;
41;1;550;4244;
42;1;584;4694;
43;1;581;4550;
44;1;597;4788;
45;1;585;4640;
46;1;532;4686;
47;1;565;5028;
48;1;518;4949;
49;1;565;5386;
