****9****
100
406;401;1;2;0;
397;390;1;2;0;
350;361;1;2;0;
417;446;1;2;0;
436;377;1;2;0;
395;391;1;2;0;
367;398;1;2;0;
376;356;1;2;0;
420;398;1;2;0;
398;363;1;2;0;
379;427;1;2;0;
392;426;1;2;0;
403;408;1;2;0;
410;419;1;2;0;
396;446;1;2;0;
372;404;1;2;0;
398;371;1;2;0;
396;350;1;2;0;
382;363;1;2;0;
398;420;1;2;0;
442;444;1;2;0;
362;360;1;2;0;
444;440;1;2;0;
366;367;1;2;0;
440;367;1;2;0;
380;370;1;2;0;
444;374;1;2;0;
398;449;1;2;0;
433;410;1;2;0;
371;431;1;2;0;
406;393;1;2;0;
385;354;1;2;0;
366;431;1;2;0;
407;351;1;2;0;
397;355;1;2;0;
421;389;1;2;0;
401;385;1;2;0;
351;396;1;2;0;
427;368;1;2;0;
365;418;1;2;0;
437;395;1;2;0;
438;383;1;2;0;
371;386;1;2;0;
382;354;1;2;0;
446;403;1;2;0;
387;354;1;2;0;
398;422;1;2;0;
359;415;1;2;0;
356;368;1;2;0;
416;403;1;2;0;
373;439;1;2;8660;
425;427;1;2;7241;
371;404;1;2;293;
386;372;1;2;4432;
383;412;1;2;2724;
404;400;1;2;609;
361;448;1;2;2367;
350;353;1;2;8015;
423;414;1;2;6854;
381;432;1;2;8395;
434;355;1;2;7664;
378;430;1;2;2156;
424;403;1;2;3603;
440;391;1;2;6937;
395;376;1;2;9556;
383;383;1;2;5592;
404;446;1;2;7073;
430;446;1;2;5054;
356;371;1;2;82;
400;402;1;2;2524;
409;386;1;2;1216;
412;367;1;2;7021;
392;393;1;2;7292;
427;436;1;2;205;
388;381;1;2;3081;
411;415;1;2;9605;
437;421;1;2;189;
410;353;1;2;466;
389;411;1;2;5874;
381;361;1;2;1217;
406;373;1;2;9928;
389;435;1;2;9584;
353;378;1;2;8505;
374;407;1;2;6985;
436;397;1;2;534;
377;358;1;2;1876;
403;446;1;2;2699;
373;358;1;2;4291;
440;397;1;2;7903;
380;380;1;2;8232;
372;389;1;2;6908;
401;428;1;2;9437;
399;383;1;2;132;
441;359;1;2;2598;
368;398;1;2;3770;
427;377;1;2;4283;
355;431;1;2;9728;
354;354;1;2;8256;
408;396;1;2;4921;
424;378;1;2;9808;
0;1;154;154;
1;1;152;552;
2;1;14;814;
3;1;156;1356;
4;1;3;1603;
5;1;92;2092;
6;1;95;2495;
7;1;153;2953;
8;1;178;3378;
9;1;115;3715;
10;1;96;4096;
11;1;187;4587;
12;1;191;4991;
13;1;14;5214;
14;1;87;5687;
15;1;67;6067;
16;1;92;6492;
17;1;115;6915;
18;1;103;7303;
19;1;97;7697;
