****19****
100
375;370;1;2;0;
401;367;1;2;0;
391;364;1;2;0;
427;360;1;2;0;
357;404;1;2;0;
447;414;1;2;0;
446;384;1;2;0;
429;357;1;2;0;
449;388;1;2;0;
407;371;1;2;0;
362;378;1;2;0;
375;429;1;2;0;
431;398;1;2;0;
443;428;1;2;0;
375;388;1;2;0;
373;353;1;2;0;
408;376;1;2;0;
370;449;1;2;0;
442;399;1;2;0;
411;350;1;2;0;
353;361;1;2;0;
366;350;1;2;0;
395;446;1;2;0;
357;446;1;2;0;
436;366;1;2;0;
367;400;1;2;0;
394;392;1;2;0;
431;427;1;2;0;
392;377;1;2;0;
405;418;1;2;0;
415;381;1;2;0;
421;373;1;2;0;
407;393;1;2;0;
425;400;1;2;0;
442;386;1;2;0;
352;398;1;2;0;
449;368;1;2;0;
398;446;1;2;0;
416;357;1;2;0;
442;402;1;2;0;
425;359;1;2;0;
404;369;1;2;0;
354;386;1;2;0;
399;396;1;2;0;
413;354;1;2;0;
364;378;1;2;0;
385;387;1;2;0;
353;395;1;2;0;
430;428;1;2;0;
397;375;1;2;0;
417;399;1;2;7802;
416;417;1;2;9849;
413;436;1;2;9861;
357;440;1;2;4598;
367;395;1;2;625;
371;383;1;2;852;
417;398;1;2;8284;
384;378;1;2;6399;
421;381;1;2;3195;
354;412;1;2;8193;
431;379;1;2;6489;
356;397;1;2;4386;
381;412;1;2;8891;
365;420;1;2;9916;
424;389;1;2;4933;
354;410;1;2;3830;
386;429;1;2;2680;
422;415;1;2;8239;
393;387;1;2;8313;
362;443;1;2;5826;
429;424;1;2;974;
394;382;1;2;2594;
378;365;1;2;3684;
400;380;1;2;6463;
360;406;1;2;2002;
370;362;1;2;9209;
412;398;1;2;3061;
403;370;1;2;9773;
421;366;1;2;7709;
371;430;1;2;6991;
435;409;1;2;7460;
380;353;1;2;5838;
373;433;1;2;4131;
380;435;1;2;41;
409;446;1;2;1403;
425;418;1;2;6684;
405;380;1;2;8895;
416;433;1;2;6317;
441;405;1;2;5351;
407;378;1;2;1349;
414;416;1;2;347;
399;446;1;2;990;
416;421;1;2;7666;
448;351;1;2;9262;
362;410;1;2;6774;
432;437;1;2;5135;
367;444;1;2;333;
402;411;1;2;3969;
357;354;1;2;6440;
381;412;1;2;6058;
0;1;35;35;
1;1;179;579;
2;1;76;876;
3;1;150;1350;
4;1;29;1629;
5;1;124;2124;
6;1;21;2421;
7;1;95;2895;
8;1;196;3396;
9;1;27;3627;
10;1;46;4046;
11;1;197;4597;
12;1;166;4966;
13;1;158;5358;
14;1;110;5710;
15;1;106;6106;
16;1;193;6593;
17;1;49;6849;
18;1;13;7213;
19;1;62;7662;
