****11****
100
447;414;1;2;0;
420;386;1;2;0;
429;427;1;2;0;
375;429;1;2;0;
446;381;1;2;0;
408;420;1;2;0;
410;352;1;2;0;
357;393;1;2;0;
407;375;1;2;0;
360;444;1;2;0;
377;386;1;2;0;
412;370;1;2;0;
394;443;1;2;0;
374;392;1;2;0;
362;431;1;2;0;
435;412;1;2;0;
448;357;1;2;0;
448;427;1;2;0;
387;425;1;2;0;
407;383;1;2;0;
357;417;1;2;0;
406;369;1;2;0;
419;365;1;2;0;
412;429;1;2;0;
443;423;1;2;0;
423;370;1;2;0;
411;385;1;2;0;
390;355;1;2;0;
431;415;1;2;0;
398;443;1;2;0;
448;435;1;2;0;
357;446;1;2;0;
394;355;1;2;0;
424;383;1;2;0;
431;433;1;2;0;
417;390;1;2;0;
400;425;1;2;0;
409;422;1;2;0;
392;424;1;2;0;
401;385;1;2;0;
397;374;1;2;0;
357;358;1;2;0;
362;398;1;2;0;
364;395;1;2;0;
415;364;1;2;0;
440;365;1;2;0;
401;448;1;2;0;
362;445;1;2;0;
353;388;1;2;0;
379;386;1;2;0;
371;398;1;2;3546;
373;425;1;2;5481;
397;367;1;2;4938;
400;403;1;2;6814;
377;410;1;2;4284;
389;410;1;2;1487;
434;427;1;2;4554;
376;443;1;2;5181;
374;355;1;2;1077;
430;445;1;2;8856;
366;418;1;2;5066;
447;393;1;2;8361;
435;441;1;2;6219;
449;391;1;2;1925;
410;418;1;2;5700;
431;409;1;2;325;
419;445;1;2;4522;
372;372;1;2;2387;
425;396;1;2;4435;
377;376;1;2;802;
406;445;1;2;5319;
387;442;1;2;5946;
391;379;1;2;7457;
412;430;1;2;4218;
391;442;1;2;2147;
430;375;1;2;9725;
381;396;1;2;2361;
410;419;1;2;1511;
384;446;1;2;9331;
363;373;1;2;9206;
389;381;1;2;3330;
383;418;1;2;4171;
421;359;1;2;445;
449;373;1;2;6012;
371;414;1;2;9842;
414;446;1;2;5140;
416;378;1;2;5551;
365;390;1;2;5630;
437;425;1;2;1636;
407;438;1;2;5726;
403;378;1;2;5675;
447;411;1;2;7628;
434;382;1;2;1023;
351;434;1;2;2081;
399;407;1;2;1646;
440;371;1;2;7578;
406;389;1;2;1278;
418;405;1;2;6191;
352;444;1;2;5782;
381;401;1;2;5565;
0;1;85;85;
1;1;5;405;
2;1;166;966;
3;1;20;1220;
4;1;54;1654;
5;1;79;2079;
6;1;24;2424;
7;1;139;2939;
8;1;64;3264;
9;1;36;3636;
10;1;92;4092;
11;1;100;4500;
12;1;124;4924;
13;1;141;5341;
14;1;57;5657;
15;1;129;6129;
16;1;131;6531;
17;1;131;6931;
18;1;130;7330;
19;1;139;7739;
