****4****
100
376;449;1;2;0;
408;405;1;2;0;
423;390;1;2;0;
382;442;1;2;0;
408;443;1;2;0;
381;358;1;2;0;
428;389;1;2;0;
384;374;1;2;0;
367;397;1;2;0;
437;395;1;2;0;
447;429;1;2;0;
352;384;1;2;0;
383;355;1;2;0;
351;390;1;2;0;
404;356;1;2;0;
445;430;1;2;0;
407;403;1;2;0;
437;381;1;2;0;
443;369;1;2;0;
425;402;1;2;0;
415;356;1;2;0;
362;393;1;2;0;
395;396;1;2;0;
417;364;1;2;0;
444;357;1;2;0;
410;393;1;2;0;
436;364;1;2;0;
427;370;1;2;0;
369;428;1;2;0;
362;376;1;2;0;
386;357;1;2;0;
356;444;1;2;0;
363;396;1;2;0;
427;356;1;2;0;
367;402;1;2;0;
360;432;1;2;0;
360;372;1;2;0;
427;405;1;2;0;
419;447;1;2;0;
420;413;1;2;0;
354;432;1;2;0;
408;392;1;2;0;
446;385;1;2;0;
412;418;1;2;0;
415;377;1;2;0;
396;351;1;2;0;
384;354;1;2;0;
397;397;1;2;0;
400;426;1;2;0;
356;418;1;2;0;
378;366;1;2;1513;
388;389;1;2;9228;
396;410;1;2;9025;
418;425;1;2;7064;
400;383;1;2;5566;
448;418;1;2;9690;
368;435;1;2;8648;
414;436;1;2;6400;
419;384;1;2;435;
369;412;1;2;4358;
389;441;1;2;9128;
444;431;1;2;2693;
376;377;1;2;8474;
357;397;1;2;2185;
442;447;1;2;3416;
421;446;1;2;5373;
415;364;1;2;933;
384;429;1;2;7400;
392;350;1;2;4040;
447;369;1;2;7454;
360;361;1;2;5459;
389;355;1;2;2971;
410;433;1;2;906;
442;440;1;2;8057;
350;384;1;2;4633;
390;355;1;2;4419;
351;421;1;2;4682;
444;407;1;2;7787;
428;401;1;2;6955;
446;398;1;2;453;
379;408;1;2;3584;
402;400;1;2;17;
359;412;1;2;7902;
396;356;1;2;7340;
380;356;1;2;7553;
361;397;1;2;1949;
391;398;1;2;3454;
387;444;1;2;714;
362;375;1;2;1210;
437;371;1;2;3217;
435;352;1;2;4331;
393;357;1;2;3678;
359;366;1;2;2873;
357;364;1;2;2547;
396;394;1;2;5966;
370;358;1;2;5465;
401;399;1;2;9655;
355;436;1;2;9468;
418;448;1;2;2304;
433;387;1;2;3283;
0;1;200;200;
1;1;75;475;
2;1;198;998;
3;1;74;1274;
4;1;170;1770;
5;1;105;2105;
6;1;102;2502;
7;1;80;2880;
8;1;174;3374;
9;1;192;3792;
10;1;139;4139;
11;1;188;4588;
12;1;88;4888;
13;1;85;5285;
14;1;33;5633;
15;1;191;6191;
16;1;157;6557;
17;1;41;6841;
18;1;193;7393;
19;1;160;7760;
