****15****
100
426;421;1;2;0;
368;430;1;2;0;
390;430;1;2;0;
379;360;1;2;0;
383;366;1;2;0;
415;364;1;2;0;
448;408;1;2;0;
417;377;1;2;0;
433;354;1;2;0;
448;417;1;2;0;
366;402;1;2;0;
403;390;1;2;0;
403;364;1;2;0;
354;374;1;2;0;
397;426;1;2;0;
410;373;1;2;0;
398;428;1;2;0;
353;390;1;2;0;
409;434;1;2;0;
400;394;1;2;0;
402;365;1;2;0;
408;401;1;2;0;
375;427;1;2;0;
380;359;1;2;0;
431;430;1;2;0;
426;400;1;2;0;
382;431;1;2;0;
392;435;1;2;0;
398;396;1;2;0;
412;445;1;2;0;
425;372;1;2;0;
368;373;1;2;0;
350;424;1;2;0;
365;361;1;2;0;
360;416;1;2;0;
405;413;1;2;0;
383;415;1;2;0;
416;409;1;2;0;
445;446;1;2;0;
370;378;1;2;0;
426;398;1;2;0;
428;410;1;2;0;
431;370;1;2;0;
447;379;1;2;0;
369;409;1;2;0;
374;444;1;2;0;
383;445;1;2;0;
419;436;1;2;0;
371;434;1;2;0;
447;381;1;2;0;
352;355;1;2;4601;
438;420;1;2;5849;
449;415;1;2;1210;
369;444;1;2;3636;
369;374;1;2;6341;
350;447;1;2;555;
432;366;1;2;1394;
408;360;1;2;5458;
403;381;1;2;4618;
376;365;1;2;8546;
408;368;1;2;8195;
406;356;1;2;2757;
419;355;1;2;133;
379;426;1;2;7019;
368;397;1;2;2841;
416;397;1;2;3648;
362;431;1;2;5167;
372;390;1;2;7088;
363;443;1;2;1828;
392;422;1;2;677;
418;380;1;2;1203;
350;388;1;2;4113;
352;357;1;2;15;
423;439;1;2;5833;
389;357;1;2;532;
431;423;1;2;7105;
370;388;1;2;1157;
425;410;1;2;6304;
394;375;1;2;9901;
442;417;1;2;8676;
405;385;1;2;1482;
391;385;1;2;2921;
382;439;1;2;9922;
379;413;1;2;3692;
355;404;1;2;27;
427;385;1;2;4189;
350;357;1;2;7812;
354;384;1;2;2289;
399;428;1;2;3079;
389;420;1;2;6957;
351;427;1;2;2468;
395;368;1;2;7807;
377;401;1;2;5731;
371;382;1;2;8531;
402;439;1;2;2146;
444;368;1;2;1576;
360;368;1;2;468;
365;373;1;2;2910;
383;374;1;2;8147;
377;413;1;2;6927;
0;1;90;90;
1;1;165;565;
2;1;157;957;
3;1;91;1291;
4;1;62;1662;
5;1;76;2076;
6;1;27;2427;
7;1;141;2941;
8;1;179;3379;
9;1;153;3753;
10;1;163;4163;
11;1;63;4463;
12;1;146;4946;
13;1;67;5267;
14;1;152;5752;
15;1;193;6193;
16;1;62;6462;
17;1;123;6923;
18;1;27;7227;
19;1;24;7624;
