****17****
100
418;446;1;2;0;
447;406;1;2;0;
389;413;1;2;0;
375;374;1;2;0;
441;363;1;2;0;
403;387;1;2;0;
411;387;1;2;0;
427;429;1;2;0;
404;357;1;2;0;
449;418;1;2;0;
387;381;1;2;0;
445;378;1;2;0;
405;433;1;2;0;
365;361;1;2;0;
419;408;1;2;0;
415;439;1;2;0;
356;364;1;2;0;
448;447;1;2;0;
379;373;1;2;0;
371;423;1;2;0;
438;376;1;2;0;
360;399;1;2;0;
365;437;1;2;0;
378;371;1;2;0;
396;378;1;2;0;
440;433;1;2;0;
361;387;1;2;0;
413;416;1;2;0;
371;428;1;2;0;
379;392;1;2;0;
438;397;1;2;0;
382;396;1;2;0;
363;432;1;2;0;
393;393;1;2;0;
355;366;1;2;0;
366;443;1;2;0;
392;428;1;2;0;
445;360;1;2;0;
368;373;1;2;0;
381;414;1;2;0;
401;423;1;2;0;
350;364;1;2;0;
361;413;1;2;0;
383;434;1;2;0;
444;412;1;2;0;
376;384;1;2;0;
411;360;1;2;0;
431;425;1;2;0;
442;374;1;2;0;
420;399;1;2;0;
443;436;1;2;8539;
437;414;1;2;3073;
447;384;1;2;2757;
379;449;1;2;4439;
352;401;1;2;1882;
415;416;1;2;8680;
399;410;1;2;1114;
378;445;1;2;1291;
388;426;1;2;1496;
381;402;1;2;8956;
430;395;1;2;275;
425;435;1;2;5149;
367;432;1;2;9872;
433;413;1;2;9637;
350;368;1;2;238;
433;433;1;2;5989;
350;435;1;2;9082;
381;363;1;2;8060;
373;401;1;2;6091;
441;384;1;2;4614;
430;417;1;2;5731;
406;444;1;2;959;
398;362;1;2;2120;
376;445;1;2;6006;
354;397;1;2;8588;
382;380;1;2;140;
429;432;1;2;7203;
437;363;1;2;2977;
439;387;1;2;6693;
422;430;1;2;3497;
357;410;1;2;21;
441;418;1;2;2646;
359;418;1;2;5524;
411;445;1;2;3569;
378;449;1;2;141;
364;433;1;2;9282;
433;413;1;2;9668;
439;400;1;2;3494;
410;441;1;2;3130;
384;365;1;2;8994;
441;424;1;2;2197;
417;416;1;2;1939;
440;377;1;2;4445;
422;390;1;2;666;
404;418;1;2;9161;
380;432;1;2;166;
439;367;1;2;1829;
433;408;1;2;1073;
388;368;1;2;9195;
432;403;1;2;2285;
0;1;159;159;
1;1;197;597;
2;1;106;906;
3;1;195;1395;
4;1;117;1717;
5;1;72;2072;
6;1;52;2452;
7;1;107;2907;
8;1;151;3351;
9;1;178;3778;
10;1;31;4031;
11;1;91;4491;
12;1;98;4898;
13;1;185;5385;
14;1;60;5660;
15;1;170;6170;
16;1;68;6468;
17;1;142;6942;
18;1;177;7377;
19;1;9;7609;
