****6****
100
380;419;1;2;0;
394;370;1;2;0;
378;420;1;2;0;
445;373;1;2;0;
402;365;1;2;0;
438;382;1;2;0;
371;425;1;2;0;
404;365;1;2;0;
417;423;1;2;0;
431;446;1;2;0;
366;362;1;2;0;
362;407;1;2;0;
350;372;1;2;0;
377;367;1;2;0;
413;433;1;2;0;
378;395;1;2;0;
402;423;1;2;0;
415;382;1;2;0;
445;410;1;2;0;
405;398;1;2;0;
425;445;1;2;0;
382;447;1;2;0;
420;437;1;2;0;
414;439;1;2;0;
410;395;1;2;0;
436;378;1;2;0;
408;400;1;2;0;
388;360;1;2;0;
422;415;1;2;0;
429;437;1;2;0;
350;358;1;2;0;
382;354;1;2;0;
431;448;1;2;0;
439;426;1;2;0;
408;446;1;2;0;
426;384;1;2;0;
442;359;1;2;0;
433;364;1;2;0;
398;397;1;2;0;
354;358;1;2;0;
395;392;1;2;0;
438;353;1;2;0;
442;376;1;2;0;
415;366;1;2;0;
442;394;1;2;0;
353;394;1;2;0;
402;385;1;2;0;
399;435;1;2;0;
383;388;1;2;0;
364;442;1;2;0;
436;392;1;2;3004;
428;353;1;2;3059;
443;401;1;2;6605;
399;361;1;2;6764;
441;350;1;2;3012;
433;376;1;2;8068;
401;420;1;2;5135;
404;365;1;2;1924;
439;366;1;2;1343;
373;356;1;2;5143;
417;442;1;2;8511;
447;421;1;2;153;
412;366;1;2;2084;
424;415;1;2;1506;
382;358;1;2;6344;
394;393;1;2;5565;
424;444;1;2;6524;
398;398;1;2;3411;
376;387;1;2;3285;
440;362;1;2;5035;
370;381;1;2;3902;
443;430;1;2;9097;
371;392;1;2;1090;
398;367;1;2;9534;
389;351;1;2;8069;
432;447;1;2;1932;
402;421;1;2;9446;
442;421;1;2;5264;
449;448;1;2;1951;
424;438;1;2;3909;
353;411;1;2;3876;
378;356;1;2;4854;
375;377;1;2;982;
439;425;1;2;8865;
369;417;1;2;7423;
358;399;1;2;7511;
391;403;1;2;9356;
417;395;1;2;8090;
444;446;1;2;7797;
360;420;1;2;8741;
440;375;1;2;6063;
352;404;1;2;9354;
445;381;1;2;8766;
380;370;1;2;7462;
384;441;1;2;5870;
389;350;1;2;2491;
443;443;1;2;1810;
369;362;1;2;1431;
419;356;1;2;3684;
366;418;1;2;4013;
0;1;5;5;
1;1;160;560;
2;1;26;826;
3;1;106;1306;
4;1;162;1762;
5;1;132;2132;
6;1;161;2561;
7;1;157;2957;
8;1;63;3263;
9;1;95;3695;
10;1;39;4039;
11;1;136;4536;
12;1;5;4805;
13;1;173;5373;
14;1;127;5727;
15;1;33;6033;
16;1;64;6464;
17;1;179;6979;
18;1;111;7311;
19;1;158;7758;
