****0****
100
380;382;1;2;0;
373;401;1;2;0;
397;384;1;2;0;
365;404;1;2;0;
403;370;1;2;0;
380;423;1;2;0;
362;353;1;2;0;
414;430;1;2;0;
418;395;1;2;0;
351;374;1;2;0;
383;418;1;2;0;
400;441;1;2;0;
364;352;1;2;0;
434;378;1;2;0;
361;406;1;2;0;
418;443;1;2;0;
438;441;1;2;0;
394;438;1;2;0;
427;409;1;2;0;
392;380;1;2;0;
430;375;1;2;0;
405;394;1;2;0;
430;369;1;2;0;
426;398;1;2;0;
366;427;1;2;0;
374;399;1;2;0;
447;424;1;2;0;
391;362;1;2;0;
379;427;1;2;0;
442;442;1;2;0;
383;410;1;2;0;
436;424;1;2;0;
353;432;1;2;0;
412;430;1;2;0;
444;406;1;2;0;
412;376;1;2;0;
431;419;1;2;0;
420;411;1;2;0;
390;396;1;2;0;
411;406;1;2;0;
425;388;1;2;0;
356;423;1;2;0;
414;449;1;2;0;
387;395;1;2;0;
426;379;1;2;0;
388;360;1;2;0;
391;426;1;2;0;
386;394;1;2;0;
408;448;1;2;0;
426;402;1;2;0;
404;388;1;2;6609;
438;357;1;2;9000;
351;397;1;2;1048;
365;353;1;2;1936;
355;411;1;2;4867;
419;410;1;2;30;
365;439;1;2;1618;
355;401;1;2;7171;
431;437;1;2;682;
441;387;1;2;2236;
446;393;1;2;6370;
424;381;1;2;1192;
377;435;1;2;4334;
375;402;1;2;7947;
401;407;1;2;8085;
352;428;1;2;2643;
440;443;1;2;7510;
361;448;1;2;5983;
371;381;1;2;6625;
377;425;1;2;9038;
411;421;1;2;7687;
383;395;1;2;6159;
362;374;1;2;8623;
440;400;1;2;3994;
374;403;1;2;2724;
421;406;1;2;1807;
380;448;1;2;8758;
377;360;1;2;7602;
376;433;1;2;4475;
363;413;1;2;1394;
386;374;1;2;7168;
353;408;1;2;9484;
404;372;1;2;7340;
391;415;1;2;2865;
431;391;1;2;7996;
379;362;1;2;9755;
406;392;1;2;7093;
379;371;1;2;3787;
402;398;1;2;7008;
356;411;1;2;6357;
438;447;1;2;6228;
438;403;1;2;2991;
388;357;1;2;7839;
411;350;1;2;6182;
387;431;1;2;5968;
365;413;1;2;6360;
351;369;1;2;0;
388;350;1;2;4401;
386;402;1;2;6622;
368;409;1;2;4367;
0;1;164;164;
1;1;148;548;
2;1;51;851;
3;1;138;1338;
4;1;188;1788;
5;1;104;2104;
6;1;169;2569;
7;1;127;2927;
8;1;163;3363;
9;1;175;3775;
10;1;140;4140;
11;1;164;4564;
12;1;46;4846;
13;1;77;5277;
14;1;97;5697;
15;1;6;6006;
16;1;145;6545;
17;1;160;6960;
18;1;82;7282;
19;1;146;7746;
