****7****
100
421;444;1;2;0;
378;434;1;2;0;
373;447;1;2;0;
392;350;1;2;0;
416;361;1;2;0;
350;372;1;2;0;
372;376;1;2;0;
378;385;1;2;0;
407;390;1;2;0;
442;422;1;2;0;
385;432;1;2;0;
357;389;1;2;0;
405;383;1;2;0;
373;420;1;2;0;
362;384;1;2;0;
377;433;1;2;0;
430;406;1;2;0;
369;405;1;2;0;
355;364;1;2;0;
357;421;1;2;0;
427;358;1;2;0;
396;449;1;2;0;
436;376;1;2;0;
384;445;1;2;0;
416;428;1;2;0;
417;351;1;2;0;
411;424;1;2;0;
442;418;1;2;0;
410;366;1;2;0;
388;422;1;2;0;
352;368;1;2;0;
357;384;1;2;0;
376;429;1;2;0;
439;381;1;2;0;
443;398;1;2;0;
405;420;1;2;0;
406;351;1;2;0;
419;444;1;2;0;
377;405;1;2;0;
440;395;1;2;0;
436;359;1;2;0;
397;397;1;2;0;
434;441;1;2;0;
417;446;1;2;0;
409;407;1;2;0;
418;363;1;2;0;
377;377;1;2;0;
397;403;1;2;0;
408;438;1;2;0;
435;401;1;2;0;
387;390;1;2;6564;
395;443;1;2;7109;
390;370;1;2;5947;
432;415;1;2;4470;
441;414;1;2;3952;
377;358;1;2;5741;
373;417;1;2;1032;
393;431;1;2;4631;
373;430;1;2;4032;
431;419;1;2;6026;
383;356;1;2;9219;
356;353;1;2;5301;
351;393;1;2;5008;
401;427;1;2;4801;
437;419;1;2;8786;
424;398;1;2;4862;
378;422;1;2;2130;
389;417;1;2;4318;
380;440;1;2;2572;
377;422;1;2;8601;
358;407;1;2;6101;
380;365;1;2;1311;
446;366;1;2;9430;
385;417;1;2;5912;
441;356;1;2;5248;
361;430;1;2;1698;
442;358;1;2;4417;
390;350;1;2;7358;
423;432;1;2;3252;
384;359;1;2;5552;
419;420;1;2;1410;
359;350;1;2;9550;
403;398;1;2;8156;
443;385;1;2;2098;
360;376;1;2;5845;
398;440;1;2;5507;
436;432;1;2;5744;
447;424;1;2;8669;
377;449;1;2;7833;
397;435;1;2;9425;
442;404;1;2;9472;
395;414;1;2;8271;
364;367;1;2;2202;
350;360;1;2;6273;
355;370;1;2;7443;
418;370;1;2;3417;
414;357;1;2;1216;
419;406;1;2;2970;
427;433;1;2;2996;
366;432;1;2;4945;
0;1;70;70;
1;1;27;427;
2;1;27;827;
3;1;92;1292;
4;1;73;1673;
5;1;43;2043;
6;1;167;2567;
7;1;39;2839;
8;1;160;3360;
9;1;190;3790;
10;1;139;4139;
11;1;123;4523;
12;1;100;4900;
13;1;196;5396;
14;1;43;5643;
15;1;89;6089;
16;1;17;6417;
17;1;116;6916;
18;1;116;7316;
19;1;81;7681;
