****16****
100
390;417;1;2;0;
440;365;1;2;0;
444;425;1;2;0;
389;449;1;2;0;
353;352;1;2;0;
376;394;1;2;0;
368;433;1;2;0;
384;381;1;2;0;
360;410;1;2;0;
422;390;1;2;0;
415;384;1;2;0;
404;412;1;2;0;
350;407;1;2;0;
405;363;1;2;0;
429;431;1;2;0;
386;422;1;2;0;
351;377;1;2;0;
437;445;1;2;0;
352;377;1;2;0;
397;407;1;2;0;
431;375;1;2;0;
351;402;1;2;0;
410;437;1;2;0;
433;372;1;2;0;
350;405;1;2;0;
364;367;1;2;0;
391;418;1;2;0;
429;392;1;2;0;
428;384;1;2;0;
405;407;1;2;0;
418;394;1;2;0;
379;371;1;2;0;
421;367;1;2;0;
418;375;1;2;0;
446;365;1;2;0;
433;379;1;2;0;
391;386;1;2;0;
383;403;1;2;0;
374;367;1;2;0;
426;426;1;2;0;
374;440;1;2;0;
443;416;1;2;0;
361;422;1;2;0;
410;439;1;2;0;
409;417;1;2;0;
396;429;1;2;0;
361;378;1;2;0;
350;384;1;2;0;
447;418;1;2;0;
410;395;1;2;0;
386;393;1;2;3787;
379;429;1;2;9361;
432;405;1;2;7633;
408;381;1;2;9910;
351;426;1;2;4489;
362;351;1;2;5892;
403;410;1;2;7070;
449;441;1;2;693;
429;441;1;2;5523;
426;361;1;2;9951;
371;449;1;2;9424;
398;378;1;2;4343;
358;361;1;2;6909;
387;371;1;2;368;
392;372;1;2;8326;
364;436;1;2;2563;
447;389;1;2;1946;
398;441;1;2;5051;
413;420;1;2;6501;
362;397;1;2;1896;
371;370;1;2;4130;
423;418;1;2;7700;
358;378;1;2;2960;
449;367;1;2;8718;
424;410;1;2;7328;
427;376;1;2;7948;
431;425;1;2;7798;
395;426;1;2;4307;
402;441;1;2;2117;
400;353;1;2;8166;
361;374;1;2;8116;
374;399;1;2;7914;
364;407;1;2;6918;
416;359;1;2;1683;
442;385;1;2;4276;
391;362;1;2;8107;
430;443;1;2;2303;
356;440;1;2;2857;
378;392;1;2;461;
418;442;1;2;1717;
409;405;1;2;8733;
420;430;1;2;9852;
400;396;1;2;1575;
361;414;1;2;9733;
391;407;1;2;5771;
381;400;1;2;9095;
449;380;1;2;1187;
392;438;1;2;6153;
364;366;1;2;120;
378;386;1;2;7433;
0;1;95;95;
1;1;96;496;
2;1;185;985;
3;1;88;1288;
4;1;119;1719;
5;1;17;2017;
6;1;131;2531;
7;1;169;2969;
8;1;163;3363;
9;1;31;3631;
10;1;32;4032;
11;1;28;4428;
12;1;140;4940;
13;1;173;5373;
14;1;137;5737;
15;1;36;6036;
16;1;56;6456;
17;1;187;6987;
18;1;44;7244;
19;1;155;7755;
