****5****
100
391;392;1;2;0;
414;377;1;2;0;
389;383;1;2;0;
427;362;1;2;0;
418;416;1;2;0;
357;417;1;2;0;
442;355;1;2;0;
442;412;1;2;0;
411;443;1;2;0;
391;436;1;2;0;
434;429;1;2;0;
424;422;1;2;0;
365;408;1;2;0;
364;374;1;2;0;
400;357;1;2;0;
433;441;1;2;0;
399;398;1;2;0;
420;390;1;2;0;
383;449;1;2;0;
355;351;1;2;0;
367;362;1;2;0;
371;359;1;2;0;
419;363;1;2;0;
421;433;1;2;0;
409;414;1;2;0;
419;393;1;2;0;
393;393;1;2;0;
417;361;1;2;0;
403;432;1;2;0;
385;353;1;2;0;
439;368;1;2;0;
396;440;1;2;0;
368;418;1;2;0;
433;353;1;2;0;
417;438;1;2;0;
407;434;1;2;0;
402;428;1;2;0;
396;372;1;2;0;
441;367;1;2;0;
355;352;1;2;0;
432;424;1;2;0;
396;427;1;2;0;
420;415;1;2;0;
390;373;1;2;0;
449;425;1;2;0;
429;390;1;2;0;
396;375;1;2;0;
381;366;1;2;0;
444;416;1;2;0;
370;363;1;2;0;
356;427;1;2;7961;
408;357;1;2;9115;
382;400;1;2;3292;
387;403;1;2;8812;
414;401;1;2;3761;
436;366;1;2;5098;
359;366;1;2;5886;
390;406;1;2;8205;
416;389;1;2;6869;
362;407;1;2;3275;
375;365;1;2;1827;
425;424;1;2;8503;
421;408;1;2;2379;
387;398;1;2;4365;
434;362;1;2;3120;
411;400;1;2;3521;
429;409;1;2;16;
374;402;1;2;9758;
365;368;1;2;2148;
372;432;1;2;4342;
352;357;1;2;7162;
360;385;1;2;9423;
424;356;1;2;1309;
390;445;1;2;3876;
409;430;1;2;8764;
379;443;1;2;4425;
365;374;1;2;9227;
420;398;1;2;6169;
383;365;1;2;2191;
437;440;1;2;5285;
401;394;1;2;6553;
429;404;1;2;3954;
434;378;1;2;7682;
446;370;1;2;1029;
358;429;1;2;3886;
434;358;1;2;1091;
360;426;1;2;6666;
446;396;1;2;8651;
435;381;1;2;4173;
395;420;1;2;1179;
384;372;1;2;4024;
385;403;1;2;4534;
421;387;1;2;2292;
416;384;1;2;9676;
406;444;1;2;3208;
376;429;1;2;4929;
443;439;1;2;518;
383;387;1;2;9993;
424;425;1;2;3108;
432;370;1;2;2014;
0;1;29;29;
1;1;7;407;
2;1;88;888;
3;1;171;1371;
4;1;43;1643;
5;1;41;2041;
6;1;167;2567;
7;1;66;2866;
8;1;78;3278;
9;1;144;3744;
10;1;32;4032;
11;1;164;4564;
12;1;42;4842;
13;1;188;5388;
14;1;111;5711;
15;1;19;6019;
16;1;66;6466;
17;1;190;6990;
18;1;156;7356;
19;1;160;7760;
