6133,6177
6133,6177
6122,6177
6122,6177
6122,6177
6122,6177
6122,6177
6122,6177
6122,6177
6122,6177
6122,6177
6122,6177
6122,6177
6122,6177
6122,6177
6122,6177
6122,6177
6122,6177
6122,6177
6122,6177
6122,6177
6122,6177
6122,6177
6122,6177
6122,6177
6122,6177
6122,6177
6122,6177
6122,6177
6122,6177
6122,6177
6122,6177
6122,6177
6122,6177
6122,6177
6122,6177
6122,6177
6122,6177
6122,6177
6122,6177
6122,6177
6122,6177
6122,6177
6122,6177
6122,6177
6122,6177
6122,6177
6121,6177
6121,6177
6121,6177
6121,6177
6121,6177
6121,6177
6121,6177
6121,6177
6121,6177
6121,6177
6121,6177
6121,6177
6121,6177
