****4****
100
620;687;1;2;0;
455;613;1;2;0;
889;42;1;2;0;
662;691;1;2;0;
713;860;1;2;0;
280;508;1;2;0;
835;785;1;2;0;
621;66;1;2;0;
348;304;1;2;0;
359;107;1;2;0;
528;77;1;2;0;
936;830;1;2;0;
101;495;1;2;0;
524;740;1;2;0;
101;37;1;2;0;
282;720;1;2;0;
723;89;1;2;0;
684;963;1;2;0;
130;697;1;2;0;
5;195;1;2;0;
908;636;1;2;0;
702;743;1;2;0;
773;674;1;2;0;
808;120;1;2;0;
977;518;1;2;0;
578;504;1;2;0;
595;513;1;2;0;
686;695;1;2;0;
360;209;1;2;0;
786;460;1;2;0;
245;420;1;2;0;
531;319;1;2;0;
860;215;1;2;0;
633;341;1;2;0;
911;990;1;2;0;
535;819;1;2;0;
625;588;1;2;0;
913;397;1;2;0;
262;72;1;2;0;
516;238;1;2;0;
590;445;1;2;0;
94;536;1;2;0;
310;779;1;2;0;
582;669;1;2;0;
339;720;1;2;0;
480;935;1;2;0;
139;10;1;2;0;
253;350;1;2;0;
576;237;1;2;0;
690;839;1;2;0;
226;225;1;2;8808;
851;164;1;2;1146;
599;425;1;2;7901;
467;15;1;2;3893;
911;460;1;2;2699;
572;590;1;2;61;
240;928;1;2;8126;
719;862;1;2;5914;
81;466;1;2;2805;
8;54;1;2;8932;
198;280;1;2;21448;
206;482;1;2;10194;
478;432;1;2;22374;
174;898;1;2;3396;
458;161;1;2;13611;
630;732;1;2;12892;
383;324;1;2;8332;
855;394;1;2;15179;
817;474;1;2;9246;
128;834;1;2;15262;
128;31;1;2;23589;
705;589;1;2;1351;
797;418;1;2;8902;
313;591;1;2;20264;
196;401;1;2;19695;
889;382;1;2;3598;
172;116;1;2;22759;
733;970;1;2;23956;
508;138;1;2;19155;
99;265;1;2;20873;
744;392;1;2;10510;
372;448;1;2;1369;
481;244;1;2;19597;
22;909;1;2;342;
812;456;1;2;22499;
762;344;1;2;16013;
443;867;1;2;5946;
800;952;1;2;424;
550;811;1;2;12105;
125;261;1;2;14297;
534;357;1;2;20428;
325;728;1;2;1946;
704;209;1;2;16797;
500;230;1;2;19098;
239;41;1;2;7749;
378;154;1;2;858;
250;596;1;2;11316;
237;747;1;2;20208;
545;296;1;2;24456;
990;773;1;2;6058;
0;1;700;50;
1;1;700;1705;
2;1;700;3006;
3;1;700;4203;
4;1;700;6081;
5;1;700;7433;
6;1;700;8655;
7;1;700;9984;
8;1;700;11341;
9;1;700;12702;
10;1;700;14183;
11;1;700;15622;
12;1;700;17158;
13;1;700;18622;
14;1;700;19714;
15;1;700;21420;
16;1;700;22551;
17;1;700;24067;
18;1;700;25526;
19;1;700;26853;
