54307,54926
54189,54926
54115,54926
54088,54926
53969,54926
53943,54926
53943,54926
53927,54926
53925,54926
53925,54926
53925,54926
53925,54926
53924,54926
53899,54926
53884,54926
53855,54926
53855,54926
53853,54926
53834,54926
53832,54926
53829,54926
53829,54926
53829,54926
53827,54926
53827,54926
53827,54926
53827,54926
53827,54926
53827,54926
53827,54926
53827,54926
53824,54926
53824,54926
53824,54926
53824,54926
53824,54926
53824,54926
53824,54926
53824,54926
53824,54926
53824,54926
53824,54926
53824,54926
53821,54926
53821,54926
53821,54926
53820,54926
53820,54926
53820,54926
53820,54926
53820,54926
53817,54926
53817,54926
53817,54926
53817,54926
53817,54926
53817,54926
53817,54926
53817,54926
53817,54926
