****11****
100
37;39;1;2;0;
20;78;1;2;0;
58;39;1;2;0;
34;68;1;2;0;
87;58;1;2;0;
96;66;1;2;0;
60;92;1;2;0;
13;75;1;2;0;
74;81;1;2;0;
61;2;1;2;0;
22;16;1;2;0;
26;14;1;2;0;
76;30;1;2;0;
48;66;1;2;0;
22;97;1;2;0;
57;59;1;2;0;
35;28;1;2;0;
36;45;1;2;0;
66;21;1;2;0;
12;5;1;2;0;
78;7;1;2;0;
70;89;1;2;0;
99;82;1;2;0;
63;24;1;2;0;
14;24;1;2;0;
78;87;1;2;0;
91;55;1;2;0;
100;66;1;2;0;
85;47;1;2;0;
31;6;1;2;0;
44;39;1;2;0;
64;30;1;2;0;
67;51;1;2;0;
74;84;1;2;0;
71;86;1;2;0;
88;1;1;2;0;
44;9;1;2;0;
89;94;1;2;0;
43;4;1;2;0;
18;56;1;2;0;
27;47;1;2;0;
43;69;1;2;0;
1;94;1;2;0;
86;37;1;2;0;
41;16;1;2;0;
43;36;1;2;0;
7;58;1;2;0;
65;25;1;2;0;
61;39;1;2;0;
8;31;1;2;0;
76;48;1;2;2379;
19;56;1;2;451;
65;98;1;2;1118;
34;6;1;2;2305;
80;100;1;2;1716;
80;93;1;2;350;
17;85;1;2;1037;
11;72;1;2;1668;
20;37;1;2;441;
80;27;1;2;2251;
63;2;1;2;1302;
97;72;1;2;1531;
20;36;1;2;1336;
46;21;1;2;1938;
2;100;1;2;401;
74;32;1;2;1076;
83;48;1;2;2241;
8;10;1;2;377;
90;29;1;2;200;
49;61;1;2;2156;
63;75;1;2;2117;
76;71;1;2;1297;
96;91;1;2;1020;
14;88;1;2;1356;
37;90;1;2;625;
11;15;1;2;2018;
78;98;1;2;1017;
81;57;1;2;1843;
3;98;1;2;1225;
66;46;1;2;1289;
54;60;1;2;2198;
96;87;1;2;1333;
61;83;1;2;1643;
13;96;1;2;1751;
34;85;1;2;1458;
7;95;1;2;2480;
62;24;1;2;168;
65;4;1;2;565;
76;59;1;2;334;
20;24;1;2;2420;
24;29;1;2;1571;
2;24;1;2;1592;
55;36;1;2;1515;
97;49;1;2;177;
27;34;1;2;2016;
98;92;1;2;2429;
84;54;1;2;2498;
18;18;1;2;1963;
61;45;1;2;1201;
49;65;1;2;414;
0;1;34;34;
1;1;40;140;
2;1;33;233;
3;1;31;331;
4;1;44;444;
5;1;6;506;
6;1;13;613;
7;1;48;748;
8;1;44;844;
9;1;28;928;
10;1;44;1044;
11;1;42;1142;
12;1;41;1241;
13;1;21;1321;
14;1;25;1425;
15;1;38;1538;
16;1;20;1620;
17;1;17;1717;
18;1;32;1832;
19;1;5;1905;
