****15****
100
95;92;1;2;0;
61;60;1;2;0;
6;61;1;2;0;
97;5;1;2;0;
65;98;1;2;0;
40;37;1;2;0;
2;10;1;2;0;
77;95;1;2;0;
87;95;1;2;0;
26;11;1;2;0;
45;91;1;2;0;
53;62;1;2;0;
2;68;1;2;0;
89;43;1;2;0;
36;46;1;2;0;
27;30;1;2;0;
38;39;1;2;0;
41;95;1;2;0;
99;37;1;2;0;
100;15;1;2;0;
87;39;1;2;0;
4;40;1;2;0;
100;80;1;2;0;
34;38;1;2;0;
75;59;1;2;0;
49;71;1;2;0;
49;53;1;2;0;
32;3;1;2;0;
20;73;1;2;0;
45;7;1;2;0;
18;23;1;2;0;
36;55;1;2;0;
61;76;1;2;0;
50;60;1;2;0;
65;1;1;2;0;
26;51;1;2;0;
39;29;1;2;0;
42;90;1;2;0;
61;75;1;2;0;
28;35;1;2;0;
34;76;1;2;0;
57;34;1;2;0;
28;89;1;2;0;
36;99;1;2;0;
61;33;1;2;0;
5;30;1;2;0;
55;92;1;2;0;
85;16;1;2;0;
67;86;1;2;0;
27;83;1;2;0;
86;52;1;2;749;
76;33;1;2;1377;
17;93;1;2;2380;
44;79;1;2;867;
71;35;1;2;2278;
50;75;1;2;2488;
48;87;1;2;1575;
4;17;1;2;72;
95;53;1;2;2381;
14;90;1;2;1355;
96;27;1;2;1264;
81;54;1;2;1850;
54;70;1;2;199;
6;66;1;2;1971;
91;36;1;2;506;
62;86;1;2;556;
20;85;1;2;545;
10;89;1;2;349;
6;83;1;2;1314;
70;96;1;2;1828;
59;92;1;2;1220;
4;24;1;2;1517;
29;29;1;2;677;
50;35;1;2;1860;
49;25;1;2;2413;
35;38;1;2;1757;
47;57;1;2;1;
97;18;1;2;1336;
64;76;1;2;666;
34;45;1;2;2020;
46;55;1;2;1943;
35;11;1;2;1187;
78;91;1;2;1131;
42;41;1;2;1657;
71;41;1;2;1127;
35;27;1;2;1824;
37;25;1;2;1232;
75;22;1;2;930;
49;85;1;2;988;
57;70;1;2;1290;
13;67;1;2;691;
60;2;1;2;454;
82;31;1;2;2431;
33;72;1;2;1822;
17;42;1;2;596;
78;28;1;2;1763;
77;16;1;2;877;
32;90;1;2;985;
8;90;1;2;2439;
8;99;1;2;1551;
0;1;5;5;
1;1;11;111;
2;1;34;234;
3;1;7;307;
4;1;23;423;
5;1;37;537;
6;1;21;621;
7;1;6;706;
8;1;17;817;
9;1;24;924;
10;1;38;1038;
11;1;40;1140;
12;1;18;1218;
13;1;5;1305;
14;1;31;1431;
15;1;5;1505;
16;1;34;1634;
17;1;10;1710;
18;1;19;1819;
19;1;10;1910;
