****10****
100
1;7;1;2;0;
59;75;1;2;0;
26;90;1;2;0;
45;43;1;2;0;
79;23;1;2;0;
71;97;1;2;0;
60;31;1;2;0;
60;24;1;2;0;
68;23;1;2;0;
38;74;1;2;0;
16;92;1;2;0;
61;91;1;2;0;
78;53;1;2;0;
1;80;1;2;0;
24;72;1;2;0;
89;76;1;2;0;
30;99;1;2;0;
51;55;1;2;0;
89;95;1;2;0;
49;19;1;2;0;
69;71;1;2;0;
67;81;1;2;0;
2;26;1;2;0;
4;69;1;2;0;
48;93;1;2;0;
43;63;1;2;0;
85;55;1;2;0;
54;14;1;2;0;
8;6;1;2;0;
93;83;1;2;0;
29;34;1;2;0;
59;58;1;2;0;
32;61;1;2;0;
13;72;1;2;0;
7;61;1;2;0;
90;75;1;2;0;
84;57;1;2;0;
55;85;1;2;0;
82;11;1;2;0;
53;82;1;2;0;
3;47;1;2;0;
44;87;1;2;0;
2;49;1;2;0;
100;61;1;2;0;
6;45;1;2;0;
43;86;1;2;0;
78;53;1;2;0;
96;61;1;2;0;
13;8;1;2;0;
33;19;1;2;0;
20;74;1;2;619;
3;30;1;2;1427;
39;64;1;2;2017;
92;45;1;2;1520;
90;40;1;2;1852;
43;41;1;2;641;
55;98;1;2;1592;
50;84;1;2;1742;
2;79;1;2;422;
15;38;1;2;1036;
85;9;1;2;310;
78;64;1;2;1435;
30;2;1;2;1025;
91;45;1;2;246;
55;87;1;2;161;
6;29;1;2;54;
8;84;1;2;367;
6;33;1;2;1923;
29;34;1;2;306;
64;100;1;2;803;
80;85;1;2;260;
21;14;1;2;1103;
43;43;1;2;1280;
29;86;1;2;676;
62;40;1;2;2097;
83;97;1;2;539;
48;56;1;2;934;
59;61;1;2;306;
56;89;1;2;2359;
32;53;1;2;2169;
96;84;1;2;1575;
21;56;1;2;1202;
9;98;1;2;2474;
99;78;1;2;2410;
85;40;1;2;31;
57;74;1;2;2188;
9;22;1;2;2023;
45;32;1;2;1126;
64;87;1;2;1243;
69;70;1;2;294;
74;66;1;2;1817;
14;86;1;2;1126;
20;47;1;2;2155;
69;45;1;2;929;
54;29;1;2;198;
79;37;1;2;123;
1;45;1;2;759;
30;41;1;2;2473;
67;5;1;2;2191;
97;25;1;2;216;
0;1;29;29;
1;1;50;150;
2;1;45;245;
3;1;46;346;
4;1;16;416;
5;1;33;533;
6;1;18;618;
7;1;35;735;
8;1;29;829;
9;1;40;940;
10;1;5;1005;
11;1;23;1123;
12;1;41;1241;
13;1;9;1309;
14;1;3;1403;
15;1;33;1533;
16;1;39;1639;
17;1;41;1741;
18;1;50;1850;
19;1;41;1941;
