****14****
100
68;48;1;2;0;
1;60;1;2;0;
86;26;1;2;0;
86;76;1;2;0;
44;70;1;2;0;
74;43;1;2;0;
100;25;1;2;0;
33;87;1;2;0;
15;19;1;2;0;
94;74;1;2;0;
6;60;1;2;0;
43;18;1;2;0;
46;26;1;2;0;
10;30;1;2;0;
71;40;1;2;0;
12;39;1;2;0;
88;65;1;2;0;
98;25;1;2;0;
90;36;1;2;0;
52;86;1;2;0;
57;26;1;2;0;
28;56;1;2;0;
2;12;1;2;0;
94;16;1;2;0;
30;40;1;2;0;
41;88;1;2;0;
99;83;1;2;0;
5;44;1;2;0;
60;66;1;2;0;
25;83;1;2;0;
5;37;1;2;0;
73;44;1;2;0;
1;22;1;2;0;
69;42;1;2;0;
57;20;1;2;0;
27;65;1;2;0;
97;7;1;2;0;
20;98;1;2;0;
18;66;1;2;0;
66;100;1;2;0;
5;58;1;2;0;
87;3;1;2;0;
41;91;1;2;0;
98;100;1;2;0;
8;23;1;2;0;
82;12;1;2;0;
11;6;1;2;0;
56;63;1;2;0;
28;76;1;2;0;
56;84;1;2;0;
47;35;1;2;2236;
44;41;1;2;71;
93;10;1;2;248;
10;9;1;2;528;
68;47;1;2;2298;
8;37;1;2;64;
59;96;1;2;649;
93;8;1;2;1252;
98;15;1;2;2336;
25;42;1;2;1029;
61;88;1;2;799;
61;83;1;2;2121;
32;76;1;2;1281;
69;37;1;2;1469;
9;4;1;2;828;
4;63;1;2;1724;
96;22;1;2;1857;
14;66;1;2;311;
42;63;1;2;2391;
84;40;1;2;2207;
33;52;1;2;1966;
65;64;1;2;640;
40;95;1;2;1330;
25;15;1;2;2227;
71;24;1;2;2020;
63;27;1;2;2215;
43;74;1;2;626;
19;87;1;2;2180;
54;80;1;2;279;
55;15;1;2;722;
45;47;1;2;1973;
75;63;1;2;1268;
87;3;1;2;1181;
26;79;1;2;1962;
1;1;1;2;1637;
80;63;1;2;8;
74;58;1;2;2139;
88;28;1;2;1180;
20;34;1;2;884;
66;88;1;2;1084;
51;33;1;2;312;
39;59;1;2;1868;
38;45;1;2;373;
35;70;1;2;2110;
95;22;1;2;1047;
30;2;1;2;513;
91;27;1;2;2232;
77;66;1;2;562;
1;37;1;2;813;
4;2;1;2;376;
0;1;21;21;
1;1;4;104;
2;1;19;219;
3;1;39;339;
4;1;42;442;
5;1;27;527;
6;1;19;619;
7;1;31;731;
8;1;23;823;
9;1;1;901;
10;1;16;1016;
11;1;42;1142;
12;1;15;1215;
13;1;10;1310;
14;1;14;1414;
15;1;28;1528;
16;1;42;1642;
17;1;17;1717;
18;1;6;1806;
19;1;34;1934;
