****13****
100
21;19;1;2;0;
97;39;1;2;0;
79;29;1;2;0;
19;83;1;2;0;
6;74;1;2;0;
15;35;1;2;0;
24;37;1;2;0;
81;41;1;2;0;
48;86;1;2;0;
97;61;1;2;0;
90;65;1;2;0;
39;81;1;2;0;
70;41;1;2;0;
40;77;1;2;0;
75;65;1;2;0;
81;47;1;2;0;
83;77;1;2;0;
37;13;1;2;0;
57;7;1;2;0;
48;62;1;2;0;
80;62;1;2;0;
97;55;1;2;0;
98;29;1;2;0;
96;97;1;2;0;
14;44;1;2;0;
10;56;1;2;0;
61;48;1;2;0;
36;30;1;2;0;
40;28;1;2;0;
58;66;1;2;0;
92;38;1;2;0;
12;27;1;2;0;
67;1;1;2;0;
91;23;1;2;0;
7;38;1;2;0;
37;39;1;2;0;
51;85;1;2;0;
93;1;1;2;0;
13;40;1;2;0;
97;79;1;2;0;
36;6;1;2;0;
34;96;1;2;0;
5;21;1;2;0;
25;44;1;2;0;
48;82;1;2;0;
61;92;1;2;0;
72;25;1;2;0;
70;90;1;2;0;
25;60;1;2;0;
64;31;1;2;0;
50;100;1;2;1533;
52;84;1;2;1424;
52;49;1;2;551;
1;79;1;2;22;
6;64;1;2;746;
63;84;1;2;2136;
58;32;1;2;319;
19;23;1;2;373;
43;92;1;2;1439;
19;3;1;2;856;
1;4;1;2;2192;
22;8;1;2;932;
87;59;1;2;1668;
43;11;1;2;1577;
35;69;1;2;1402;
21;31;1;2;466;
32;40;1;2;2140;
28;58;1;2;2117;
95;52;1;2;1483;
51;70;1;2;235;
22;23;1;2;1463;
45;44;1;2;532;
52;82;1;2;368;
58;24;1;2;501;
95;58;1;2;2334;
42;31;1;2;353;
25;62;1;2;1621;
91;41;1;2;526;
79;35;1;2;1401;
58;37;1;2;1974;
44;10;1;2;504;
85;55;1;2;1020;
81;58;1;2;2451;
39;67;1;2;344;
8;61;1;2;2228;
93;55;1;2;1345;
12;31;1;2;2335;
19;22;1;2;515;
35;100;1;2;1262;
54;10;1;2;1011;
95;53;1;2;624;
10;37;1;2;2290;
68;69;1;2;1945;
7;59;1;2;1254;
22;67;1;2;1797;
46;11;1;2;2475;
100;23;1;2;1257;
67;41;1;2;282;
26;27;1;2;1667;
19;32;1;2;1896;
0;1;48;48;
1;1;29;129;
2;1;1;201;
3;1;38;338;
4;1;38;438;
5;1;39;539;
6;1;35;635;
7;1;6;706;
8;1;9;809;
9;1;38;938;
10;1;14;1014;
11;1;18;1118;
12;1;10;1210;
13;1;37;1337;
14;1;34;1434;
15;1;43;1543;
16;1;32;1632;
17;1;44;1744;
18;1;29;1829;
19;1;33;1933;
