****6****
100
67;63;1;2;0;
43;9;1;2;0;
70;72;1;2;0;
37;8;1;2;0;
96;47;1;2;0;
100;25;1;2;0;
90;65;1;2;0;
62;32;1;2;0;
27;67;1;2;0;
76;28;1;2;0;
1;53;1;2;0;
67;51;1;2;0;
51;36;1;2;0;
52;100;1;2;0;
64;37;1;2;0;
19;82;1;2;0;
99;13;1;2;0;
42;20;1;2;0;
37;78;1;2;0;
28;84;1;2;0;
77;27;1;2;0;
8;66;1;2;0;
43;69;1;2;0;
49;21;1;2;0;
88;25;1;2;0;
48;40;1;2;0;
77;66;1;2;0;
90;27;1;2;0;
54;42;1;2;0;
26;17;1;2;0;
78;97;1;2;0;
51;29;1;2;0;
61;92;1;2;0;
100;97;1;2;0;
70;79;1;2;0;
80;98;1;2;0;
57;88;1;2;0;
63;99;1;2;0;
8;63;1;2;0;
19;95;1;2;0;
87;18;1;2;0;
34;15;1;2;0;
84;76;1;2;0;
42;37;1;2;0;
69;19;1;2;0;
5;98;1;2;0;
15;55;1;2;0;
26;76;1;2;0;
47;78;1;2;0;
24;68;1;2;0;
56;4;1;2;664;
13;43;1;2;666;
63;50;1;2;1481;
82;97;1;2;1280;
51;82;1;2;263;
34;57;1;2;2126;
22;25;1;2;1706;
27;75;1;2;842;
81;100;1;2;728;
79;29;1;2;1825;
98;85;1;2;207;
14;49;1;2;1611;
92;11;1;2;336;
85;44;1;2;291;
16;47;1;2;1006;
9;80;1;2;63;
96;54;1;2;1735;
1;80;1;2;2098;
72;12;1;2;2436;
71;43;1;2;1119;
41;40;1;2;732;
18;54;1;2;406;
85;97;1;2;119;
53;33;1;2;315;
70;48;1;2;701;
20;57;1;2;1864;
78;4;1;2;1628;
61;56;1;2;1996;
70;79;1;2;898;
79;49;1;2;1832;
68;41;1;2;569;
41;58;1;2;275;
14;94;1;2;1618;
49;47;1;2;1076;
28;68;1;2;2434;
5;39;1;2;954;
62;16;1;2;1262;
23;29;1;2;64;
64;98;1;2;705;
16;76;1;2;1416;
62;95;1;2;1517;
99;35;1;2;1221;
90;100;1;2;2135;
29;49;1;2;2098;
100;28;1;2;1401;
71;33;1;2;1050;
98;46;1;2;1113;
28;68;1;2;821;
65;31;1;2;2274;
81;46;1;2;409;
0;1;45;45;
1;1;9;109;
2;1;28;228;
3;1;1;301;
4;1;8;408;
5;1;15;515;
6;1;15;615;
7;1;49;749;
8;1;14;814;
9;1;23;923;
10;1;27;1027;
11;1;14;1114;
12;1;30;1230;
13;1;28;1328;
14;1;42;1442;
15;1;5;1505;
16;1;1;1601;
17;1;26;1726;
18;1;17;1817;
19;1;48;1948;
