****5****
100
48;41;1;2;0;
24;12;1;2;0;
28;11;1;2;0;
72;36;1;2;0;
31;60;1;2;0;
59;9;1;2;0;
77;65;1;2;0;
11;12;1;2;0;
51;3;1;2;0;
78;52;1;2;0;
52;68;1;2;0;
3;29;1;2;0;
20;9;1;2;0;
88;92;1;2;0;
4;9;1;2;0;
47;3;1;2;0;
49;70;1;2;0;
67;28;1;2;0;
80;90;1;2;0;
63;11;1;2;0;
1;74;1;2;0;
19;30;1;2;0;
38;82;1;2;0;
93;88;1;2;0;
84;71;1;2;0;
39;88;1;2;0;
38;42;1;2;0;
16;10;1;2;0;
2;56;1;2;0;
53;5;1;2;0;
64;99;1;2;0;
60;12;1;2;0;
69;26;1;2;0;
40;100;1;2;0;
67;54;1;2;0;
62;67;1;2;0;
27;33;1;2;0;
48;17;1;2;0;
14;41;1;2;0;
4;49;1;2;0;
63;95;1;2;0;
36;100;1;2;0;
88;4;1;2;0;
61;89;1;2;0;
59;13;1;2;0;
94;74;1;2;0;
12;5;1;2;0;
85;32;1;2;0;
82;76;1;2;0;
31;48;1;2;0;
82;93;1;2;530;
60;77;1;2;1830;
76;90;1;2;1988;
32;38;1;2;1555;
26;26;1;2;2338;
13;29;1;2;1207;
1;39;1;2;1402;
46;12;1;2;22;
50;96;1;2;2186;
31;24;1;2;874;
30;57;1;2;1826;
48;16;1;2;370;
61;44;1;2;575;
18;75;1;2;2269;
85;52;1;2;2069;
3;64;1;2;1095;
34;16;1;2;1863;
78;14;1;2;642;
32;15;1;2;1655;
22;46;1;2;1096;
42;27;1;2;2267;
58;74;1;2;1508;
98;86;1;2;1587;
79;3;1;2;1242;
49;39;1;2;423;
93;94;1;2;2089;
16;27;1;2;443;
30;4;1;2;2177;
2;88;1;2;1201;
74;61;1;2;412;
69;54;1;2;1520;
72;11;1;2;50;
91;8;1;2;341;
52;38;1;2;1876;
40;86;1;2;1212;
78;30;1;2;684;
32;98;1;2;1503;
1;27;1;2;71;
35;80;1;2;1413;
83;54;1;2;213;
29;74;1;2;2349;
53;46;1;2;2144;
50;88;1;2;2471;
33;39;1;2;1406;
71;30;1;2;1216;
51;8;1;2;1477;
72;39;1;2;778;
23;91;1;2;985;
78;77;1;2;243;
24;11;1;2;206;
0;1;28;28;
1;1;41;141;
2;1;16;216;
3;1;37;337;
4;1;43;443;
5;1;13;513;
6;1;6;606;
7;1;43;743;
8;1;50;850;
9;1;34;934;
10;1;25;1025;
11;1;40;1140;
12;1;49;1249;
13;1;47;1347;
14;1;20;1420;
15;1;2;1502;
16;1;49;1649;
17;1;27;1727;
18;1;34;1834;
19;1;20;1920;
