****2****
100
32;15;1;2;0;
24;100;1;2;0;
22;65;1;2;0;
22;87;1;2;0;
36;29;1;2;0;
67;13;1;2;0;
53;90;1;2;0;
45;45;1;2;0;
98;84;1;2;0;
36;32;1;2;0;
96;20;1;2;0;
70;3;1;2;0;
10;55;1;2;0;
49;18;1;2;0;
35;73;1;2;0;
56;18;1;2;0;
87;79;1;2;0;
69;9;1;2;0;
96;90;1;2;0;
47;31;1;2;0;
70;13;1;2;0;
95;23;1;2;0;
55;91;1;2;0;
19;4;1;2;0;
74;54;1;2;0;
88;21;1;2;0;
73;57;1;2;0;
76;34;1;2;0;
63;24;1;2;0;
51;49;1;2;0;
96;6;1;2;0;
66;34;1;2;0;
37;34;1;2;0;
42;32;1;2;0;
76;41;1;2;0;
14;45;1;2;0;
53;60;1;2;0;
19;59;1;2;0;
50;37;1;2;0;
15;75;1;2;0;
42;2;1;2;0;
47;15;1;2;0;
10;74;1;2;0;
100;24;1;2;0;
97;3;1;2;0;
72;44;1;2;0;
8;37;1;2;0;
30;96;1;2;0;
22;23;1;2;0;
79;97;1;2;0;
63;44;1;2;644;
16;3;1;2;1660;
26;4;1;2;235;
40;30;1;2;235;
93;29;1;2;914;
2;2;1;2;2329;
25;51;1;2;519;
48;46;1;2;2460;
36;75;1;2;842;
58;98;1;2;2004;
6;60;1;2;1789;
99;27;1;2;617;
63;5;1;2;1991;
15;44;1;2;2291;
8;89;1;2;1664;
68;90;1;2;801;
27;67;1;2;500;
88;14;1;2;1043;
60;50;1;2;1833;
28;59;1;2;1085;
75;16;1;2;2056;
17;15;1;2;1368;
13;29;1;2;1854;
13;95;1;2;867;
47;54;1;2;290;
8;21;1;2;1732;
71;47;1;2;103;
36;86;1;2;1765;
47;98;1;2;1380;
32;25;1;2;821;
66;99;1;2;105;
59;67;1;2;2378;
31;80;1;2;1798;
7;44;1;2;1101;
27;90;1;2;526;
86;50;1;2;991;
87;20;1;2;2320;
54;8;1;2;34;
35;54;1;2;1594;
68;85;1;2;341;
60;50;1;2;784;
19;60;1;2;2209;
92;91;1;2;237;
45;97;1;2;1859;
44;23;1;2;1866;
96;61;1;2;1924;
69;47;1;2;335;
41;1;1;2;99;
50;87;1;2;2262;
56;54;1;2;1156;
0;1;38;38;
1;1;15;115;
2;1;32;232;
3;1;19;319;
4;1;33;433;
5;1;41;541;
6;1;19;619;
7;1;24;724;
8;1;31;831;
9;1;47;947;
10;1;20;1020;
11;1;28;1128;
12;1;21;1221;
13;1;13;1313;
14;1;2;1402;
15;1;37;1537;
16;1;9;1609;
17;1;14;1714;
18;1;1;1801;
19;1;27;1927;
