****0****
100
58;41;1;2;0;
33;80;1;2;0;
34;60;1;2;0;
83;64;1;2;0;
53;55;1;2;0;
66;10;1;2;0;
84;32;1;2;0;
66;32;1;2;0;
6;59;1;2;0;
32;35;1;2;0;
10;51;1;2;0;
70;30;1;2;0;
47;89;1;2;0;
91;5;1;2;0;
97;25;1;2;0;
80;7;1;2;0;
17;64;1;2;0;
86;51;1;2;0;
75;20;1;2;0;
66;27;1;2;0;
26;31;1;2;0;
88;10;1;2;0;
63;5;1;2;0;
41;68;1;2;0;
64;24;1;2;0;
54;73;1;2;0;
26;75;1;2;0;
54;72;1;2;0;
16;96;1;2;0;
29;64;1;2;0;
20;60;1;2;0;
70;37;1;2;0;
23;7;1;2;0;
39;97;1;2;0;
79;4;1;2;0;
75;4;1;2;0;
87;14;1;2;0;
13;49;1;2;0;
19;5;1;2;0;
68;82;1;2;0;
81;74;1;2;0;
6;58;1;2;0;
100;11;1;2;0;
82;15;1;2;0;
6;10;1;2;0;
79;25;1;2;0;
21;100;1;2;0;
13;43;1;2;0;
7;51;1;2;0;
91;85;1;2;0;
55;65;1;2;1620;
41;30;1;2;1832;
41;48;1;2;1766;
60;81;1;2;671;
85;38;1;2;2072;
85;48;1;2;1604;
99;53;1;2;468;
29;30;1;2;258;
29;42;1;2;1646;
35;93;1;2;2074;
71;99;1;2;114;
10;91;1;2;2117;
66;83;1;2;986;
27;94;1;2;968;
67;79;1;2;27;
17;63;1;2;1160;
48;13;1;2;1192;
40;42;1;2;2496;
52;70;1;2;2082;
58;56;1;2;75;
54;26;1;2;950;
14;87;1;2;1858;
56;53;1;2;2111;
97;79;1;2;2366;
66;97;1;2;105;
25;66;1;2;324;
84;65;1;2;2155;
43;57;1;2;1700;
83;8;1;2;456;
64;18;1;2;1690;
90;71;1;2;389;
65;37;1;2;679;
31;44;1;2;1886;
30;40;1;2;779;
71;57;1;2;528;
94;34;1;2;709;
79;17;1;2;427;
77;11;1;2;147;
67;93;1;2;131;
27;8;1;2;2026;
93;97;1;2;405;
33;62;1;2;387;
63;92;1;2;1587;
93;21;1;2;2492;
5;44;1;2;1571;
61;89;1;2;1353;
35;68;1;2;499;
25;96;1;2;199;
19;62;1;2;450;
72;40;1;2;838;
0;1;43;43;
1;1;33;133;
2;1;27;227;
3;1;36;336;
4;1;17;417;
5;1;40;540;
6;1;15;615;
7;1;29;729;
8;1;33;833;
9;1;39;939;
10;1;23;1023;
11;1;4;1104;
12;1;50;1250;
13;1;27;1327;
14;1;49;1449;
15;1;19;1519;
16;1;39;1639;
17;1;37;1737;
18;1;22;1822;
19;1;25;1925;
