****4****
100
14;65;1;2;0;
86;31;1;2;0;
76;40;1;2;0;
18;33;1;2;0;
1;70;1;2;0;
72;30;1;2;0;
26;95;1;2;0;
26;66;1;2;0;
99;1;1;2;0;
80;3;1;2;0;
32;68;1;2;0;
98;84;1;2;0;
26;73;1;2;0;
38;34;1;2;0;
64;10;1;2;0;
15;77;1;2;0;
74;52;1;2;0;
7;1;1;2;0;
91;77;1;2;0;
34;43;1;2;0;
46;57;1;2;0;
73;24;1;2;0;
3;98;1;2;0;
41;1;1;2;0;
50;20;1;2;0;
55;82;1;2;0;
39;4;1;2;0;
65;17;1;2;0;
76;54;1;2;0;
50;91;1;2;0;
15;16;1;2;0;
67;88;1;2;0;
20;26;1;2;0;
41;10;1;2;0;
2;26;1;2;0;
5;47;1;2;0;
82;77;1;2;0;
22;84;1;2;0;
26;62;1;2;0;
36;75;1;2;0;
34;42;1;2;0;
8;24;1;2;0;
45;72;1;2;0;
40;73;1;2;0;
77;89;1;2;0;
63;91;1;2;0;
57;82;1;2;0;
31;76;1;2;0;
7;71;1;2;0;
37;60;1;2;0;
48;41;1;2;283;
81;17;1;2;1233;
16;94;1;2;702;
3;69;1;2;1632;
44;76;1;2;2078;
40;100;1;2;1374;
12;76;1;2;1698;
27;19;1;2;1863;
8;49;1;2;2161;
66;71;1;2;942;
25;70;1;2;1718;
82;50;1;2;395;
61;65;1;2;924;
6;67;1;2;863;
31;62;1;2;1350;
32;1;1;2;1418;
73;13;1;2;1437;
2;91;1;2;1718;
39;50;1;2;124;
51;15;1;2;1027;
51;91;1;2;89;
92;72;1;2;1310;
2;85;1;2;476;
57;90;1;2;133;
80;72;1;2;332;
78;4;1;2;1991;
80;76;1;2;1877;
57;29;1;2;1768;
52;19;1;2;1170;
47;69;1;2;1564;
64;71;1;2;1456;
50;63;1;2;1132;
85;16;1;2;1822;
36;72;1;2;1732;
5;51;1;2;2492;
35;80;1;2;1181;
65;59;1;2;1678;
60;15;1;2;677;
44;18;1;2;45;
30;16;1;2;1943;
29;31;1;2;2312;
67;80;1;2;370;
80;64;1;2;1515;
25;51;1;2;1669;
63;55;1;2;1697;
20;89;1;2;448;
81;54;1;2;1847;
20;65;1;2;2325;
36;8;1;2;1103;
21;89;1;2;804;
0;1;27;27;
1;1;18;118;
2;1;5;205;
3;1;3;303;
4;1;34;434;
5;1;36;536;
6;1;43;643;
7;1;15;715;
8;1;50;850;
9;1;48;948;
10;1;41;1041;
11;1;2;1102;
12;1;28;1228;
13;1;3;1303;
14;1;7;1407;
15;1;8;1508;
16;1;22;1622;
17;1;45;1745;
18;1;19;1819;
19;1;4;1904;
