****17****
100
46;78;1;2;0;
4;17;1;2;0;
7;41;1;2;0;
30;1;1;2;0;
56;71;1;2;0;
24;34;1;2;0;
2;82;1;2;0;
2;87;1;2;0;
66;31;1;2;0;
14;52;1;2;0;
44;56;1;2;0;
63;42;1;2;0;
82;82;1;2;0;
64;34;1;2;0;
58;94;1;2;0;
4;55;1;2;0;
23;7;1;2;0;
71;81;1;2;0;
99;52;1;2;0;
82;54;1;2;0;
74;5;1;2;0;
88;27;1;2;0;
38;41;1;2;0;
14;3;1;2;0;
23;79;1;2;0;
6;67;1;2;0;
86;21;1;2;0;
8;68;1;2;0;
2;23;1;2;0;
53;11;1;2;0;
69;56;1;2;0;
66;91;1;2;0;
15;88;1;2;0;
24;13;1;2;0;
92;5;1;2;0;
19;65;1;2;0;
61;58;1;2;0;
92;98;1;2;0;
98;57;1;2;0;
52;73;1;2;0;
35;57;1;2;0;
91;20;1;2;0;
77;98;1;2;0;
39;30;1;2;0;
72;92;1;2;0;
41;92;1;2;0;
99;58;1;2;0;
35;65;1;2;0;
97;58;1;2;0;
30;88;1;2;0;
62;48;1;2;186;
22;57;1;2;1372;
71;6;1;2;1293;
22;78;1;2;2344;
30;68;1;2;1640;
7;17;1;2;1992;
88;41;1;2;54;
80;32;1;2;855;
89;66;1;2;844;
86;23;1;2;2390;
25;36;1;2;2285;
29;57;1;2;2040;
76;27;1;2;2403;
79;100;1;2;1966;
16;30;1;2;1762;
25;88;1;2;634;
20;27;1;2;2440;
10;7;1;2;1009;
98;95;1;2;405;
3;32;1;2;471;
37;9;1;2;258;
70;89;1;2;314;
11;65;1;2;317;
6;95;1;2;1878;
30;63;1;2;1973;
73;87;1;2;855;
85;58;1;2;1827;
85;67;1;2;1816;
69;16;1;2;231;
70;71;1;2;120;
45;59;1;2;0;
56;81;1;2;59;
24;91;1;2;1666;
22;48;1;2;1120;
19;29;1;2;762;
98;2;1;2;2231;
63;86;1;2;20;
7;23;1;2;1688;
57;43;1;2;587;
54;64;1;2;65;
34;8;1;2;9;
22;64;1;2;204;
98;39;1;2;191;
91;60;1;2;2373;
78;30;1;2;1213;
79;27;1;2;978;
18;42;1;2;2302;
14;48;1;2;123;
28;57;1;2;451;
9;62;1;2;1196;
0;1;11;11;
1;1;45;145;
2;1;38;238;
3;1;21;321;
4;1;18;418;
5;1;3;503;
6;1;13;613;
7;1;15;715;
8;1;41;841;
9;1;45;945;
10;1;5;1005;
11;1;2;1102;
12;1;27;1227;
13;1;34;1334;
14;1;32;1432;
15;1;36;1536;
16;1;14;1614;
17;1;8;1708;
18;1;47;1847;
19;1;33;1933;
