****8****
100
59;42;1;2;0;
20;55;1;2;0;
69;52;1;2;0;
43;76;1;2;0;
10;23;1;2;0;
43;53;1;2;0;
25;93;1;2;0;
27;20;1;2;0;
68;6;1;2;0;
4;83;1;2;0;
99;5;1;2;0;
59;90;1;2;0;
94;97;1;2;0;
49;15;1;2;0;
68;8;1;2;0;
4;26;1;2;0;
49;23;1;2;0;
80;69;1;2;0;
74;75;1;2;0;
97;35;1;2;0;
97;39;1;2;0;
39;73;1;2;0;
31;65;1;2;0;
44;50;1;2;0;
22;99;1;2;0;
32;73;1;2;0;
4;90;1;2;0;
62;97;1;2;0;
86;62;1;2;0;
64;6;1;2;0;
22;67;1;2;0;
83;22;1;2;0;
41;15;1;2;0;
91;67;1;2;0;
41;39;1;2;0;
1;89;1;2;0;
77;40;1;2;0;
62;59;1;2;0;
56;5;1;2;0;
8;30;1;2;0;
4;91;1;2;0;
2;59;1;2;0;
80;15;1;2;0;
7;17;1;2;0;
28;70;1;2;0;
74;49;1;2;0;
88;57;1;2;0;
71;29;1;2;0;
71;13;1;2;0;
95;11;1;2;0;
51;47;1;2;2072;
79;38;1;2;2355;
89;46;1;2;444;
96;75;1;2;2200;
38;28;1;2;2084;
17;94;1;2;2495;
85;21;1;2;1823;
11;22;1;2;1955;
67;44;1;2;376;
89;56;1;2;719;
51;58;1;2;2308;
1;36;1;2;1656;
65;76;1;2;352;
33;23;1;2;581;
56;60;1;2;202;
89;28;1;2;603;
28;12;1;2;244;
37;22;1;2;566;
86;40;1;2;1001;
62;28;1;2;1506;
37;30;1;2;2045;
58;31;1;2;1568;
68;95;1;2;442;
24;27;1;2;906;
5;34;1;2;1178;
66;22;1;2;1070;
19;1;1;2;1487;
45;38;1;2;1297;
92;75;1;2;2380;
82;88;1;2;1886;
79;24;1;2;1539;
85;33;1;2;912;
26;1;1;2;2362;
94;76;1;2;1333;
84;32;1;2;25;
33;97;1;2;522;
9;68;1;2;320;
49;64;1;2;1243;
62;56;1;2;245;
14;89;1;2;205;
46;20;1;2;1846;
8;4;1;2;2470;
51;82;1;2;1236;
37;75;1;2;1001;
52;11;1;2;2343;
1;43;1;2;465;
74;52;1;2;972;
96;100;1;2;1613;
7;61;1;2;446;
92;26;1;2;979;
0;1;17;17;
1;1;22;122;
2;1;35;235;
3;1;15;315;
4;1;31;431;
5;1;39;539;
6;1;47;647;
7;1;31;731;
8;1;22;822;
9;1;28;928;
10;1;19;1019;
11;1;48;1148;
12;1;37;1237;
13;1;23;1323;
14;1;8;1408;
15;1;26;1526;
16;1;25;1625;
17;1;1;1701;
18;1;16;1816;
19;1;48;1948;
