****3****
100
61;87;1;2;0;
69;13;1;2;0;
78;70;1;2;0;
99;74;1;2;0;
25;4;1;2;0;
6;15;1;2;0;
69;87;1;2;0;
85;3;1;2;0;
28;3;1;2;0;
29;58;1;2;0;
52;98;1;2;0;
37;22;1;2;0;
11;91;1;2;0;
8;71;1;2;0;
4;11;1;2;0;
99;64;1;2;0;
97;68;1;2;0;
76;75;1;2;0;
89;26;1;2;0;
100;14;1;2;0;
30;6;1;2;0;
80;50;1;2;0;
44;64;1;2;0;
52;71;1;2;0;
67;80;1;2;0;
81;18;1;2;0;
30;69;1;2;0;
91;92;1;2;0;
59;51;1;2;0;
62;63;1;2;0;
61;12;1;2;0;
26;57;1;2;0;
31;54;1;2;0;
83;20;1;2;0;
31;35;1;2;0;
85;12;1;2;0;
92;64;1;2;0;
61;35;1;2;0;
27;65;1;2;0;
58;45;1;2;0;
44;38;1;2;0;
14;25;1;2;0;
6;57;1;2;0;
16;65;1;2;0;
7;77;1;2;0;
79;19;1;2;0;
89;56;1;2;0;
75;71;1;2;0;
61;10;1;2;0;
90;92;1;2;0;
96;74;1;2;2470;
87;37;1;2;2470;
73;16;1;2;1697;
30;60;1;2;1735;
19;74;1;2;2124;
77;82;1;2;794;
93;88;1;2;50;
71;6;1;2;1024;
26;32;1;2;466;
87;93;1;2;65;
30;88;1;2;2355;
32;74;1;2;1975;
47;47;1;2;201;
26;28;1;2;1708;
1;47;1;2;1542;
100;75;1;2;1478;
66;67;1;2;728;
9;89;1;2;1088;
44;14;1;2;2405;
98;52;1;2;655;
41;81;1;2;798;
9;65;1;2;750;
66;11;1;2;767;
38;89;1;2;2249;
70;41;1;2;1334;
26;92;1;2;691;
16;57;1;2;1906;
92;18;1;2;93;
74;61;1;2;903;
91;58;1;2;1123;
100;50;1;2;1963;
97;11;1;2;893;
20;76;1;2;387;
40;14;1;2;2139;
88;35;1;2;386;
86;12;1;2;2250;
6;27;1;2;1024;
44;19;1;2;1763;
70;44;1;2;489;
62;34;1;2;170;
57;33;1;2;871;
32;30;1;2;2451;
24;1;1;2;1881;
26;40;1;2;1864;
68;80;1;2;1613;
50;65;1;2;166;
23;23;1;2;1503;
4;18;1;2;1354;
3;88;1;2;811;
62;1;1;2;2275;
0;1;28;28;
1;1;7;107;
2;1;24;224;
3;1;46;346;
4;1;40;440;
5;1;3;503;
6;1;24;624;
7;1;13;713;
8;1;5;805;
9;1;30;930;
10;1;38;1038;
11;1;44;1144;
12;1;50;1250;
13;1;7;1307;
14;1;25;1425;
15;1;5;1505;
16;1;8;1608;
17;1;40;1740;
18;1;21;1821;
19;1;32;1932;
