****1****
100
6;40;1;2;0;
49;1;1;2;0;
19;19;1;2;0;
15;41;1;2;0;
91;54;1;2;0;
71;85;1;2;0;
38;98;1;2;0;
20;6;1;2;0;
37;36;1;2;0;
84;72;1;2;0;
24;58;1;2;0;
75;75;1;2;0;
36;25;1;2;0;
45;27;1;2;0;
63;16;1;2;0;
3;69;1;2;0;
56;4;1;2;0;
21;74;1;2;0;
22;35;1;2;0;
66;12;1;2;0;
41;37;1;2;0;
96;78;1;2;0;
86;67;1;2;0;
84;74;1;2;0;
2;19;1;2;0;
45;77;1;2;0;
29;71;1;2;0;
51;16;1;2;0;
95;96;1;2;0;
42;10;1;2;0;
63;45;1;2;0;
30;18;1;2;0;
100;50;1;2;0;
43;21;1;2;0;
37;9;1;2;0;
85;77;1;2;0;
97;80;1;2;0;
6;82;1;2;0;
99;41;1;2;0;
7;100;1;2;0;
12;52;1;2;0;
29;40;1;2;0;
22;31;1;2;0;
55;69;1;2;0;
26;49;1;2;0;
78;41;1;2;0;
45;59;1;2;0;
58;44;1;2;0;
8;53;1;2;0;
64;44;1;2;0;
13;48;1;2;2301;
9;80;1;2;1346;
42;30;1;2;306;
48;29;1;2;1460;
51;9;1;2;1798;
73;40;1;2;684;
93;17;1;2;567;
22;57;1;2;874;
80;67;1;2;2363;
87;19;1;2;1599;
83;83;1;2;574;
54;91;1;2;847;
83;84;1;2;594;
53;83;1;2;2047;
33;34;1;2;514;
5;58;1;2;899;
83;50;1;2;789;
9;23;1;2;2393;
31;2;1;2;2489;
96;40;1;2;65;
24;74;1;2;1912;
4;80;1;2;1553;
63;62;1;2;2112;
3;66;1;2;2372;
72;99;1;2;804;
1;55;1;2;2475;
69;89;1;2;1259;
53;49;1;2;2351;
94;79;1;2;525;
53;74;1;2;2208;
30;49;1;2;1102;
89;53;1;2;2009;
42;67;1;2;1277;
26;70;1;2;1710;
45;93;1;2;2271;
96;93;1;2;2257;
57;61;1;2;2352;
18;65;1;2;624;
2;59;1;2;450;
38;63;1;2;1690;
14;45;1;2;946;
68;33;1;2;1294;
100;27;1;2;1078;
94;52;1;2;895;
6;48;1;2;295;
15;96;1;2;2289;
83;52;1;2;279;
86;69;1;2;55;
90;70;1;2;1510;
71;8;1;2;2133;
0;1;28;28;
1;1;23;123;
2;1;24;224;
3;1;31;331;
4;1;40;440;
5;1;9;509;
6;1;38;638;
7;1;40;740;
8;1;35;835;
9;1;13;913;
10;1;35;1035;
11;1;36;1136;
12;1;8;1208;
13;1;40;1340;
14;1;36;1436;
15;1;44;1544;
16;1;7;1607;
17;1;31;1731;
18;1;23;1823;
19;1;39;1939;
