****12****
100
22;49;1;2;0;
73;39;1;2;0;
19;33;1;2;0;
35;48;1;2;0;
33;99;1;2;0;
51;18;1;2;0;
39;83;1;2;0;
49;32;1;2;0;
91;63;1;2;0;
31;34;1;2;0;
90;74;1;2;0;
77;83;1;2;0;
44;1;1;2;0;
20;64;1;2;0;
69;53;1;2;0;
70;90;1;2;0;
1;94;1;2;0;
80;20;1;2;0;
78;15;1;2;0;
19;10;1;2;0;
65;21;1;2;0;
80;55;1;2;0;
56;28;1;2;0;
38;46;1;2;0;
42;68;1;2;0;
31;31;1;2;0;
42;7;1;2;0;
65;37;1;2;0;
59;85;1;2;0;
52;80;1;2;0;
89;22;1;2;0;
21;90;1;2;0;
15;1;1;2;0;
61;93;1;2;0;
67;79;1;2;0;
54;83;1;2;0;
51;33;1;2;0;
90;6;1;2;0;
12;27;1;2;0;
3;53;1;2;0;
47;33;1;2;0;
36;40;1;2;0;
91;100;1;2;0;
28;50;1;2;0;
36;80;1;2;0;
81;25;1;2;0;
53;1;1;2;0;
66;19;1;2;0;
53;26;1;2;0;
63;19;1;2;0;
56;69;1;2;1327;
6;1;1;2;2130;
64;65;1;2;805;
66;69;1;2;533;
99;4;1;2;1104;
41;56;1;2;1779;
42;43;1;2;629;
22;19;1;2;1342;
23;84;1;2;195;
75;9;1;2;1116;
46;16;1;2;1040;
99;22;1;2;230;
93;85;1;2;1639;
13;50;1;2;1875;
80;100;1;2;1180;
89;93;1;2;1094;
74;34;1;2;1623;
42;56;1;2;849;
62;30;1;2;2035;
53;56;1;2;184;
6;53;1;2;2318;
27;51;1;2;651;
52;95;1;2;45;
42;8;1;2;315;
100;39;1;2;2026;
61;27;1;2;1003;
30;53;1;2;2198;
93;94;1;2;2056;
22;56;1;2;1699;
87;8;1;2;2194;
61;13;1;2;1743;
50;91;1;2;1675;
12;42;1;2;1617;
10;35;1;2;2378;
9;34;1;2;1988;
60;47;1;2;1556;
3;76;1;2;357;
80;20;1;2;1523;
63;41;1;2;1395;
76;28;1;2;172;
44;40;1;2;1467;
16;89;1;2;1324;
91;52;1;2;2473;
61;13;1;2;1552;
37;73;1;2;440;
4;85;1;2;318;
97;87;1;2;2281;
42;66;1;2;449;
32;29;1;2;675;
78;56;1;2;2494;
0;1;30;30;
1;1;49;149;
2;1;21;221;
3;1;47;347;
4;1;16;416;
5;1;11;511;
6;1;3;603;
7;1;7;707;
8;1;14;814;
9;1;5;905;
10;1;17;1017;
11;1;28;1128;
12;1;40;1240;
13;1;3;1303;
14;1;1;1401;
15;1;10;1510;
16;1;8;1608;
17;1;35;1735;
18;1;26;1826;
19;1;4;1904;
