****7****
100
21;97;1;2;0;
78;88;1;2;0;
7;42;1;2;0;
71;63;1;2;0;
22;68;1;2;0;
98;18;1;2;0;
27;27;1;2;0;
71;36;1;2;0;
91;37;1;2;0;
34;7;1;2;0;
59;12;1;2;0;
70;91;1;2;0;
89;13;1;2;0;
95;41;1;2;0;
88;61;1;2;0;
39;60;1;2;0;
10;16;1;2;0;
100;16;1;2;0;
9;70;1;2;0;
30;31;1;2;0;
37;27;1;2;0;
100;15;1;2;0;
54;22;1;2;0;
50;96;1;2;0;
59;83;1;2;0;
2;69;1;2;0;
46;24;1;2;0;
59;87;1;2;0;
36;53;1;2;0;
27;76;1;2;0;
14;65;1;2;0;
35;75;1;2;0;
80;34;1;2;0;
90;89;1;2;0;
3;20;1;2;0;
71;92;1;2;0;
98;22;1;2;0;
6;51;1;2;0;
44;8;1;2;0;
99;2;1;2;0;
42;52;1;2;0;
70;88;1;2;0;
75;29;1;2;0;
74;11;1;2;0;
33;100;1;2;0;
86;46;1;2;0;
17;72;1;2;0;
20;96;1;2;0;
6;62;1;2;0;
36;8;1;2;0;
33;58;1;2;348;
30;32;1;2;812;
81;27;1;2;1941;
31;80;1;2;705;
82;49;1;2;635;
57;29;1;2;1162;
19;62;1;2;1888;
56;59;1;2;325;
27;31;1;2;881;
32;92;1;2;1417;
92;24;1;2;508;
94;5;1;2;1130;
2;85;1;2;856;
17;67;1;2;768;
74;49;1;2;1522;
69;5;1;2;1497;
38;75;1;2;1345;
58;30;1;2;2097;
42;8;1;2;1884;
25;92;1;2;968;
44;83;1;2;1564;
25;28;1;2;556;
36;30;1;2;1076;
74;46;1;2;2380;
90;71;1;2;1470;
7;40;1;2;1402;
53;29;1;2;634;
63;86;1;2;347;
32;79;1;2;1102;
31;3;1;2;1264;
73;99;1;2;210;
42;23;1;2;789;
64;58;1;2;1313;
22;83;1;2;1224;
98;73;1;2;1224;
23;79;1;2;1954;
3;83;1;2;2075;
58;46;1;2;972;
93;77;1;2;1477;
88;60;1;2;1967;
74;84;1;2;1363;
42;26;1;2;172;
90;89;1;2;2025;
66;62;1;2;281;
88;11;1;2;709;
33;33;1;2;2328;
16;88;1;2;1641;
32;45;1;2;2489;
80;89;1;2;1973;
59;29;1;2;1976;
0;1;42;42;
1;1;2;102;
2;1;49;249;
3;1;25;325;
4;1;46;446;
5;1;26;526;
6;1;30;630;
7;1;35;735;
8;1;14;814;
9;1;42;942;
10;1;50;1050;
11;1;27;1127;
12;1;39;1239;
13;1;38;1338;
14;1;37;1437;
15;1;10;1510;
16;1;22;1622;
17;1;22;1722;
18;1;8;1808;
19;1;39;1939;
