5349
5345
5345
5345
5345
5343
5343
5343
5343
5343
5343
5343
5343
5343
5343
5343
5343
5343
5343
5343
5343
5343
5343
5343
5343
5343
5343
5343
5343
5343
5343
5343
5343
5343
5343
5343
5343
5343
5343
5343
5343
5343
5343
5343
5343
5343
5343
5343
5343
5343
5343
5343
5343
5343
5343
5343
5343
5343
5343
5343
5343
5343
5343
5343
5343
5343
5343
5343
5343
5343
5343
5343
5343
5343
5343
5343
5343
5343
5343
5343
5343
5343
5343
5343
5343
5343
5343
5343
5343
5343
5343
5343
5343
5343
5343
5343
5343
5343
5343
5343
5343
5343
5343
5343
5343
5343
5343
5343
5343
5343
5343
5343
5343
5343
5343
5343
5343
5343
5343
5343
5343
5343
5343
5343
5343
5343
5343
5343
5343
5343
5343
5343
5343
5343
5343
5343
5343
5343
5343
5343
5343
5343
5343
5343
5343
5343
5343
5343
5343
5343
5343
5343
5343
5343
