6232,6268
6232,6268
6223,6268
6222,6268
6216,6268
6216,6268
6216,6268
6215,6268
6213,6268
6213,6268
6213,6268
6213,6268
6213,6268
6213,6268
6212,6268
6212,6268
6212,6268
6212,6268
6212,6268
6212,6268
6212,6268
6212,6268
6212,6268
6212,6268
6212,6268
6212,6268
6212,6268
6212,6268
6212,6268
6211,6268
6211,6268
6211,6268
6211,6268
6211,6268
6211,6268
6211,6268
6211,6268
6211,6268
6211,6268
6211,6268
6211,6268
6211,6268
6211,6268
6211,6268
6211,6268
6211,6268
6211,6268
6211,6268
6211,6268
6211,6268
6211,6268
6211,6268
6211,6268
6211,6268
6211,6268
6211,6268
6211,6268
6211,6268
6211,6268
6211,6268
