5662,5690
5646,5690
5643,5690
5638,5690
5634,5690
5634,5690
5634,5690
5633,5690
5633,5690
5633,5690
5633,5690
5633,5690
5633,5690
5633,5690
5633,5690
5633,5690
5632,5690
5632,5690
5632,5690
5631,5690
5631,5690
5627,5690
5626,5690
5626,5690
5626,5690
5626,5690
5626,5690
5626,5690
5625,5690
5625,5690
5624,5690
5624,5690
5622,5690
5622,5690
5622,5690
5621,5690
5621,5690
5621,5690
5621,5690
5621,5690
5621,5690
5621,5690
5621,5690
5621,5690
5621,5690
5621,5690
5621,5690
5621,5690
5621,5690
5621,5690
5621,5690
5621,5690
5621,5690
5621,5690
5621,5690
5621,5690
5621,5690
5621,5690
5621,5690
5621,5690
