****7****
100
117;786;1;2;0;
318;712;1;2;0;
449;605;1;2;0;
111;248;1;2;0;
815;415;1;2;0;
894;159;1;2;0;
713;765;1;2;0;
682;95;1;2;0;
702;683;1;2;0;
587;337;1;2;0;
278;521;1;2;0;
64;720;1;2;0;
253;303;1;2;0;
565;674;1;2;0;
681;250;1;2;0;
128;797;1;2;0;
388;797;1;2;0;
861;188;1;2;0;
753;971;1;2;0;
435;567;1;2;0;
385;681;1;2;0;
78;449;1;2;0;
797;111;1;2;0;
543;498;1;2;0;
793;481;1;2;0;
186;422;1;2;0;
1;601;1;2;0;
494;606;1;2;0;
904;58;1;2;0;
631;936;1;2;0;
307;758;1;2;0;
732;46;1;2;0;
555;592;1;2;0;
233;659;1;2;0;
914;20;1;2;0;
226;298;1;2;0;
700;655;1;2;0;
98;496;1;2;0;
765;993;1;2;0;
345;909;1;2;0;
825;882;1;2;0;
330;178;1;2;0;
483;823;1;2;0;
783;738;1;2;0;
880;765;1;2;0;
673;539;1;2;0;
522;756;1;2;0;
936;428;1;2;0;
700;169;1;2;0;
87;613;1;2;0;
540;664;1;2;893;
591;318;1;2;5913;
438;434;1;2;2777;
134;342;1;2;6780;
15;671;1;2;4787;
849;846;1;2;21052;
586;77;1;2;211;
610;615;1;2;24040;
366;551;1;2;14838;
65;71;1;2;9963;
677;962;1;2;10829;
939;552;1;2;18555;
651;989;1;2;23482;
706;122;1;2;17673;
586;488;1;2;3362;
643;337;1;2;1371;
834;922;1;2;16665;
789;884;1;2;15619;
970;249;1;2;16591;
578;665;1;2;3377;
624;693;1;2;21230;
685;984;1;2;3252;
63;986;1;2;11262;
226;691;1;2;1601;
730;277;1;2;14638;
256;271;1;2;24187;
980;105;1;2;21285;
780;245;1;2;864;
546;214;1;2;18020;
863;143;1;2;24228;
601;766;1;2;3379;
301;450;1;2;1871;
903;864;1;2;7361;
846;89;1;2;18130;
261;170;1;2;22702;
812;778;1;2;23616;
51;757;1;2;19170;
564;888;1;2;7327;
311;433;1;2;16625;
307;295;1;2;9650;
318;248;1;2;863;
22;900;1;2;1091;
61;154;1;2;6138;
85;999;1;2;12235;
152;260;1;2;18800;
846;423;1;2;24698;
811;826;1;2;10796;
880;741;1;2;18760;
194;51;1;2;18703;
425;357;1;2;24970;
0;1;298;227;
1;1;217;239;
2;1;48;218;
3;1;82;211;
4;1;121;238;
5;1;397;220;
6;1;334;250;
7;1;231;250;
8;1;246;203;
9;1;495;206;
10;1;330;246;
11;1;288;220;
12;1;36;231;
13;1;121;211;
14;1;257;229;
15;1;180;204;
16;1;355;248;
17;1;343;205;
18;1;215;224;
19;1;215;237;
