****1****
100
96;98;1;2;0;
69;40;1;2;0;
72;67;1;2;0;
29;8;1;2;0;
12;5;1;2;0;
53;72;1;2;0;
79;59;1;2;0;
54;31;1;2;0;
89;29;1;2;0;
21;34;1;2;0;
32;6;1;2;0;
76;72;1;2;0;
72;68;1;2;0;
10;16;1;2;0;
1;91;1;2;0;
20;96;1;2;0;
40;89;1;2;0;
88;12;1;2;0;
7;16;1;2;0;
19;18;1;2;0;
72;72;1;2;0;
41;51;1;2;0;
30;47;1;2;0;
81;71;1;2;0;
27;1;1;2;0;
4;58;1;2;0;
6;79;1;2;0;
81;29;1;2;0;
98;90;1;2;0;
96;98;1;2;0;
33;16;1;2;0;
46;24;1;2;0;
4;33;1;2;0;
35;10;1;2;0;
100;6;1;2;0;
79;71;1;2;0;
29;72;1;2;0;
21;58;1;2;0;
18;53;1;2;0;
80;44;1;2;0;
53;36;1;2;0;
53;10;1;2;0;
66;34;1;2;0;
90;64;1;2;0;
75;86;1;2;0;
13;59;1;2;0;
1;58;1;2;0;
35;4;1;2;0;
42;69;1;2;0;
65;41;1;2;0;
26;95;1;2;2273;
54;18;1;2;29;
64;35;1;2;1168;
43;30;1;2;959;
78;35;1;2;1831;
44;20;1;2;2116;
59;46;1;2;1744;
71;57;1;2;1806;
29;91;1;2;2446;
70;11;1;2;1434;
63;37;1;2;1433;
26;90;1;2;1805;
61;5;1;2;2258;
49;48;1;2;39;
42;77;1;2;1342;
44;20;1;2;1929;
87;78;1;2;1177;
16;49;1;2;877;
44;29;1;2;2237;
28;98;1;2;790;
27;60;1;2;2162;
73;37;1;2;1639;
37;98;1;2;692;
35;98;1;2;837;
14;39;1;2;1820;
80;82;1;2;488;
16;21;1;2;2340;
98;36;1;2;382;
36;79;1;2;1794;
16;58;1;2;780;
7;37;1;2;1441;
85;9;1;2;1046;
53;97;1;2;2125;
78;31;1;2;848;
49;97;1;2;676;
49;28;1;2;939;
69;43;1;2;1253;
18;93;1;2;864;
67;80;1;2;1580;
44;48;1;2;845;
70;54;1;2;96;
56;38;1;2;764;
31;43;1;2;2157;
54;20;1;2;1529;
75;20;1;2;1426;
35;69;1;2;687;
28;37;1;2;1246;
41;54;1;2;1778;
41;20;1;2;657;
19;15;1;2;125;
0;1;507;459;
1;1;557;157;
2;1;540;306;
3;1;516;801;
4;1;589;704;
5;1;527;643;
6;1;560;813;
7;1;579;851;
8;1;588;878;
9;1;510;1266;
10;1;535;1127;
11;1;559;1190;
12;1;568;1462;
13;1;511;1547;
14;1;569;1539;
15;1;576;1987;
16;1;509;1867;
17;1;506;1745;
18;1;531;2287;
19;1;521;1939;
20;1;521;2226;
21;1;582;2644;
22;1;552;2503;
23;1;504;2502;
24;1;559;2401;
25;1;557;2922;
26;1;556;2842;
27;1;585;3274;
28;1;565;2969;
29;1;599;3022;
30;1;572;3418;
31;1;561;3196;
32;1;511;3231;
33;1;579;3405;
34;1;591;3799;
35;1;563;3578;
36;1;549;3896;
37;1;543;4233;
38;1;555;4115;
39;1;591;4277;
40;1;511;4025;
41;1;510;4437;
42;1;566;4415;
43;1;592;4366;
44;1;592;4826;
45;1;568;4942;
46;1;517;4766;
47;1;594;4774;
48;1;545;4931;
49;1;571;5434;
