****14****
100
100;85;1;2;0;
20;90;1;2;0;
68;31;1;2;0;
5;17;1;2;0;
62;12;1;2;0;
77;100;1;2;0;
80;67;1;2;0;
3;42;1;2;0;
92;100;1;2;0;
74;69;1;2;0;
17;20;1;2;0;
51;25;1;2;0;
37;28;1;2;0;
56;95;1;2;0;
26;53;1;2;0;
91;25;1;2;0;
37;62;1;2;0;
67;56;1;2;0;
45;23;1;2;0;
72;6;1;2;0;
86;100;1;2;0;
5;17;1;2;0;
67;60;1;2;0;
58;10;1;2;0;
11;83;1;2;0;
78;27;1;2;0;
2;81;1;2;0;
51;91;1;2;0;
60;58;1;2;0;
85;86;1;2;0;
10;27;1;2;0;
62;99;1;2;0;
88;80;1;2;0;
54;32;1;2;0;
2;26;1;2;0;
89;88;1;2;0;
25;46;1;2;0;
4;43;1;2;0;
57;14;1;2;0;
53;67;1;2;0;
48;82;1;2;0;
93;50;1;2;0;
14;95;1;2;0;
92;26;1;2;0;
52;28;1;2;0;
11;61;1;2;0;
54;24;1;2;0;
59;93;1;2;0;
4;13;1;2;0;
77;5;1;2;0;
90;65;1;2;2256;
66;10;1;2;1372;
61;66;1;2;485;
65;32;1;2;1408;
46;76;1;2;499;
12;22;1;2;1463;
37;73;1;2;2213;
99;86;1;2;228;
22;96;1;2;1389;
25;60;1;2;1997;
82;49;1;2;2381;
77;67;1;2;1727;
76;27;1;2;1055;
88;91;1;2;2486;
100;88;1;2;387;
60;51;1;2;1265;
16;87;1;2;1732;
46;85;1;2;1715;
82;59;1;2;660;
62;35;1;2;1284;
66;16;1;2;2496;
86;93;1;2;1771;
16;68;1;2;510;
64;8;1;2;1087;
43;7;1;2;2205;
1;18;1;2;2375;
29;85;1;2;2214;
82;31;1;2;2231;
19;64;1;2;1097;
4;25;1;2;567;
49;90;1;2;1986;
94;27;1;2;106;
5;95;1;2;1299;
42;58;1;2;1055;
73;52;1;2;780;
39;52;1;2;976;
60;33;1;2;604;
16;14;1;2;1879;
60;84;1;2;29;
62;40;1;2;1447;
98;40;1;2;625;
2;33;1;2;2448;
50;89;1;2;1141;
18;82;1;2;263;
44;54;1;2;2300;
77;44;1;2;136;
79;4;1;2;39;
65;19;1;2;1240;
34;30;1;2;457;
65;91;1;2;848;
0;1;521;119;
1;1;592;312;
2;1;594;623;
3;1;592;466;
4;1;564;960;
5;1;512;816;
6;1;539;675;
7;1;550;1017;
8;1;584;1228;
9;1;501;1328;
10;1;596;1064;
11;1;530;1475;
12;1;595;1712;
13;1;595;1647;
14;1;580;1496;
15;1;512;1679;
16;1;577;2130;
17;1;568;1985;
18;1;530;2151;
19;1;564;2000;
20;1;572;2471;
21;1;541;2619;
22;1;535;2479;
23;1;530;2517;
24;1;534;2713;
25;1;583;2567;
26;1;547;2795;
27;1;547;2782;
28;1;575;2866;
29;1;600;3005;
30;1;578;3078;
31;1;505;3290;
32;1;517;3482;
33;1;575;3620;
34;1;535;3730;
35;1;542;4018;
36;1;518;3677;
37;1;521;3903;
38;1;575;3924;
39;1;521;4092;
40;1;580;4102;
41;1;589;4597;
42;1;514;4259;
43;1;570;4319;
44;1;577;4583;
45;1;545;4735;
46;1;583;5162;
47;1;512;4730;
48;1;577;4813;
49;1;596;5490;
