****11****
100
26;64;1;2;0;
65;51;1;2;0;
67;12;1;2;0;
8;20;1;2;0;
89;84;1;2;0;
12;62;1;2;0;
32;49;1;2;0;
47;79;1;2;0;
43;51;1;2;0;
72;68;1;2;0;
77;78;1;2;0;
5;24;1;2;0;
83;1;1;2;0;
82;39;1;2;0;
84;49;1;2;0;
99;10;1;2;0;
12;63;1;2;0;
12;78;1;2;0;
74;19;1;2;0;
50;15;1;2;0;
2;61;1;2;0;
28;33;1;2;0;
61;74;1;2;0;
64;3;1;2;0;
25;35;1;2;0;
71;53;1;2;0;
64;27;1;2;0;
76;47;1;2;0;
28;57;1;2;0;
37;11;1;2;0;
57;35;1;2;0;
72;69;1;2;0;
97;83;1;2;0;
46;23;1;2;0;
1;95;1;2;0;
37;54;1;2;0;
8;16;1;2;0;
39;68;1;2;0;
89;2;1;2;0;
23;65;1;2;0;
36;93;1;2;0;
17;52;1;2;0;
71;44;1;2;0;
98;98;1;2;0;
100;86;1;2;0;
9;57;1;2;0;
20;32;1;2;0;
77;68;1;2;0;
15;22;1;2;0;
90;67;1;2;0;
69;78;1;2;1446;
28;93;1;2;283;
47;34;1;2;1483;
69;98;1;2;2100;
13;67;1;2;1833;
84;10;1;2;654;
81;62;1;2;708;
41;70;1;2;1584;
73;46;1;2;1586;
39;19;1;2;1302;
5;87;1;2;911;
29;66;1;2;1777;
39;13;1;2;2277;
2;81;1;2;2413;
53;94;1;2;1292;
6;29;1;2;2100;
57;9;1;2;1421;
92;2;1;2;1761;
99;74;1;2;79;
73;64;1;2;1173;
88;20;1;2;1177;
81;49;1;2;2274;
67;39;1;2;6;
37;41;1;2;621;
57;45;1;2;1347;
43;2;1;2;2117;
91;58;1;2;38;
47;2;1;2;1658;
25;52;1;2;407;
47;24;1;2;1760;
40;11;1;2;282;
20;92;1;2;2424;
65;10;1;2;964;
74;98;1;2;2388;
15;7;1;2;1292;
50;49;1;2;2016;
64;91;1;2;208;
39;38;1;2;1583;
15;14;1;2;221;
16;12;1;2;213;
80;52;1;2;360;
16;23;1;2;1574;
99;39;1;2;630;
21;12;1;2;2311;
87;26;1;2;1524;
97;27;1;2;2064;
9;43;1;2;1031;
78;81;1;2;2348;
100;96;1;2;276;
25;11;1;2;2397;
0;1;573;50;
1;1;578;514;
2;1;510;239;
3;1;537;398;
4;1;590;410;
5;1;581;915;
6;1;563;797;
7;1;579;880;
8;1;564;924;
9;1;504;999;
10;1;599;1328;
11;1;501;1278;
12;1;515;1566;
13;1;527;1328;
14;1;576;1840;
15;1;556;1851;
16;1;583;1749;
17;1;582;2179;
18;1;537;2001;
19;1;600;2026;
20;1;521;2271;
21;1;527;2268;
22;1;598;2738;
23;1;568;2392;
24;1;566;2720;
25;1;536;2639;
26;1;539;2706;
27;1;595;2717;
28;1;587;3024;
29;1;582;3435;
30;1;562;3536;
31;1;561;3452;
32;1;574;3516;
33;1;536;3474;
34;1;560;3446;
35;1;537;3940;
36;1;518;4024;
37;1;515;4021;
38;1;524;4125;
39;1;580;4368;
40;1;508;4234;
41;1;552;4129;
42;1;503;4236;
43;1;598;4694;
44;1;571;4540;
45;1;503;4563;
46;1;519;5065;
47;1;576;5104;
48;1;557;4898;
49;1;503;4961;
