****17****
100
5;35;1;2;0;
22;83;1;2;0;
97;82;1;2;0;
39;89;1;2;0;
28;55;1;2;0;
94;68;1;2;0;
68;12;1;2;0;
92;71;1;2;0;
84;12;1;2;0;
60;28;1;2;0;
1;15;1;2;0;
50;74;1;2;0;
22;57;1;2;0;
22;53;1;2;0;
5;13;1;2;0;
31;62;1;2;0;
99;4;1;2;0;
44;48;1;2;0;
85;34;1;2;0;
88;13;1;2;0;
89;81;1;2;0;
32;8;1;2;0;
93;75;1;2;0;
30;28;1;2;0;
87;41;1;2;0;
55;39;1;2;0;
55;56;1;2;0;
64;29;1;2;0;
12;85;1;2;0;
81;69;1;2;0;
97;63;1;2;0;
30;48;1;2;0;
66;73;1;2;0;
95;3;1;2;0;
6;82;1;2;0;
67;46;1;2;0;
15;50;1;2;0;
5;59;1;2;0;
24;34;1;2;0;
38;62;1;2;0;
74;92;1;2;0;
1;81;1;2;0;
47;64;1;2;0;
61;10;1;2;0;
1;41;1;2;0;
78;49;1;2;0;
55;59;1;2;0;
96;20;1;2;0;
31;42;1;2;0;
74;89;1;2;0;
24;40;1;2;1872;
90;89;1;2;1448;
100;65;1;2;318;
37;26;1;2;934;
28;78;1;2;1855;
26;94;1;2;787;
87;94;1;2;1314;
17;42;1;2;77;
75;90;1;2;1565;
58;31;1;2;1124;
46;6;1;2;28;
31;47;1;2;816;
21;46;1;2;1499;
45;82;1;2;1895;
94;61;1;2;621;
23;86;1;2;972;
12;25;1;2;218;
93;41;1;2;844;
28;67;1;2;450;
86;24;1;2;1080;
66;21;1;2;652;
38;4;1;2;111;
50;76;1;2;1878;
26;72;1;2;2147;
79;65;1;2;2051;
10;87;1;2;1296;
86;50;1;2;1143;
7;94;1;2;227;
22;73;1;2;239;
25;59;1;2;1659;
11;24;1;2;350;
55;13;1;2;687;
93;62;1;2;1621;
28;39;1;2;968;
45;18;1;2;2167;
23;27;1;2;2067;
38;65;1;2;1459;
77;23;1;2;1653;
8;96;1;2;229;
5;73;1;2;1254;
30;35;1;2;848;
76;89;1;2;1542;
24;33;1;2;1653;
100;13;1;2;179;
48;9;1;2;1519;
12;31;1;2;1290;
62;20;1;2;465;
14;96;1;2;1769;
12;55;1;2;1041;
30;60;1;2;1238;
0;1;510;38;
1;1;509;193;
2;1;516;376;
3;1;581;347;
4;1;582;872;
5;1;591;803;
6;1;583;662;
7;1;554;857;
8;1;501;892;
9;1;535;974;
10;1;556;1258;
11;1;528;1487;
12;1;521;1325;
13;1;558;1355;
14;1;520;1468;
15;1;548;1804;
16;1;510;1685;
17;1;594;2242;
18;1;504;2157;
19;1;516;1904;
20;1;588;2238;
21;1;582;2597;
22;1;548;2643;
23;1;589;2483;
24;1;572;2831;
25;1;515;2851;
26;1;542;2623;
27;1;530;2773;
28;1;533;3176;
29;1;535;3328;
30;1;556;3453;
31;1;585;3661;
32;1;589;3344;
33;1;542;3432;
34;1;555;3586;
35;1;581;3918;
36;1;515;4024;
37;1;564;4102;
38;1;502;4138;
39;1;515;3977;
40;1;580;4468;
41;1;551;4546;
42;1;522;4518;
43;1;534;4813;
44;1;520;4659;
45;1;510;4696;
46;1;554;5025;
47;1;544;5181;
48;1;575;5336;
49;1;586;4922;
