****15****
100
834;240;1;2;0;
576;650;1;2;0;
236;401;1;2;0;
687;663;1;2;0;
746;731;1;2;0;
458;366;1;2;0;
225;790;1;2;0;
397;7;1;2;0;
970;507;1;2;0;
384;737;1;2;0;
583;782;1;2;0;
151;943;1;2;0;
252;58;1;2;0;
115;756;1;2;0;
602;426;1;2;0;
40;787;1;2;0;
665;967;1;2;0;
436;901;1;2;0;
367;474;1;2;0;
915;113;1;2;0;
556;725;1;2;0;
478;780;1;2;0;
866;226;1;2;0;
138;836;1;2;0;
84;873;1;2;0;
924;667;1;2;0;
7;74;1;2;0;
609;258;1;2;0;
483;75;1;2;0;
13;436;1;2;0;
500;52;1;2;0;
222;517;1;2;0;
18;9;1;2;0;
769;737;1;2;0;
482;683;1;2;0;
849;37;1;2;0;
759;678;1;2;0;
168;625;1;2;0;
255;657;1;2;0;
460;339;1;2;0;
530;383;1;2;0;
5;536;1;2;0;
808;965;1;2;0;
793;642;1;2;0;
392;157;1;2;0;
77;243;1;2;0;
209;298;1;2;0;
759;578;1;2;0;
306;527;1;2;0;
314;139;1;2;0;
562;514;1;2;1473;
672;543;1;2;73;
296;798;1;2;20760;
107;488;1;2;21333;
841;844;1;2;16851;
1000;808;1;2;2603;
641;551;1;2;786;
69;794;1;2;5327;
718;552;1;2;2014;
23;431;1;2;9080;
513;344;1;2;2959;
39;15;1;2;9156;
732;663;1;2;24909;
434;121;1;2;10330;
664;314;1;2;12080;
782;313;1;2;1510;
691;306;1;2;18331;
461;374;1;2;12565;
87;92;1;2;1127;
995;466;1;2;13653;
216;979;1;2;3480;
302;369;1;2;21927;
283;101;1;2;294;
61;534;1;2;14945;
326;197;1;2;13022;
434;978;1;2;7268;
702;21;1;2;886;
520;481;1;2;2259;
483;920;1;2;12978;
997;266;1;2;9832;
294;833;1;2;2806;
285;134;1;2;20622;
643;769;1;2;13352;
15;829;1;2;6252;
508;155;1;2;18408;
313;588;1;2;18916;
783;641;1;2;12629;
910;512;1;2;333;
411;994;1;2;14603;
706;991;1;2;7452;
467;636;1;2;15209;
558;272;1;2;15832;
18;915;1;2;18478;
929;929;1;2;2550;
726;788;1;2;23883;
719;101;1;2;24050;
41;235;1;2;2315;
736;145;1;2;4256;
263;907;1;2;19687;
61;612;1;2;20237;
0;1;476;231;
1;1;398;223;
2;1;488;219;
3;1;455;207;
4;1;435;206;
5;1;138;216;
6;1;285;213;
7;1;3;218;
8;1;81;203;
9;1;42;223;
10;1;190;207;
11;1;208;234;
12;1;32;222;
13;1;92;204;
14;1;234;205;
15;1;66;211;
16;1;485;213;
17;1;283;225;
18;1;483;238;
19;1;33;218;
