****16****
100
5;35;1;2;0;
28;82;1;2;0;
70;12;1;2;0;
90;27;1;2;0;
31;2;1;2;0;
53;41;1;2;0;
57;100;1;2;0;
90;60;1;2;0;
75;75;1;2;0;
44;31;1;2;0;
2;48;1;2;0;
59;2;1;2;0;
91;81;1;2;0;
100;86;1;2;0;
73;11;1;2;0;
44;77;1;2;0;
97;71;1;2;0;
58;19;1;2;0;
82;100;1;2;0;
97;64;1;2;0;
53;49;1;2;0;
4;9;1;2;0;
48;46;1;2;0;
68;23;1;2;0;
20;11;1;2;0;
5;73;1;2;0;
59;15;1;2;0;
74;1;1;2;0;
95;25;1;2;0;
38;19;1;2;0;
36;81;1;2;0;
47;84;1;2;0;
51;57;1;2;0;
2;84;1;2;0;
56;99;1;2;0;
99;60;1;2;0;
99;3;1;2;0;
69;99;1;2;0;
100;36;1;2;0;
73;19;1;2;0;
47;77;1;2;0;
91;57;1;2;0;
91;65;1;2;0;
57;38;1;2;0;
89;94;1;2;0;
56;76;1;2;0;
75;55;1;2;0;
12;77;1;2;0;
11;65;1;2;0;
61;18;1;2;0;
15;59;1;2;1718;
14;13;1;2;2025;
64;12;1;2;2269;
36;82;1;2;1086;
64;73;1;2;455;
6;89;1;2;946;
43;29;1;2;2480;
51;5;1;2;2183;
5;68;1;2;2222;
15;32;1;2;1541;
32;47;1;2;1724;
8;60;1;2;2244;
5;75;1;2;1314;
85;10;1;2;1633;
15;73;1;2;269;
1;78;1;2;521;
95;73;1;2;1231;
82;23;1;2;260;
96;79;1;2;464;
38;45;1;2;77;
92;28;1;2;2397;
4;87;1;2;2063;
81;91;1;2;544;
70;27;1;2;449;
92;41;1;2;1381;
38;93;1;2;912;
72;87;1;2;2204;
34;69;1;2;1163;
53;16;1;2;385;
38;5;1;2;310;
55;96;1;2;266;
70;99;1;2;1976;
44;80;1;2;2458;
92;1;1;2;1486;
1;44;1;2;146;
82;81;1;2;1394;
93;52;1;2;1174;
75;37;1;2;1970;
32;89;1;2;963;
18;79;1;2;377;
1;85;1;2;1753;
10;55;1;2;1814;
6;98;1;2;304;
93;90;1;2;1039;
58;90;1;2;656;
15;24;1;2;1921;
13;16;1;2;357;
50;42;1;2;2195;
6;73;1;2;196;
30;43;1;2;2324;
0;1;509;324;
1;1;526;101;
2;1;504;475;
3;1;509;781;
4;1;578;928;
5;1;554;964;
6;1;573;1136;
7;1;560;703;
8;1;525;957;
9;1;555;904;
10;1;550;1440;
11;1;591;1498;
12;1;511;1348;
13;1;516;1541;
14;1;577;1935;
15;1;515;1580;
16;1;504;2032;
17;1;569;2073;
18;1;520;2248;
19;1;517;2302;
20;1;593;2056;
21;1;567;2132;
22;1;580;2678;
23;1;588;2803;
24;1;513;2763;
25;1;597;2830;
26;1;534;2650;
27;1;554;3251;
28;1;587;3269;
29;1;570;3264;
30;1;531;3514;
31;1;552;3417;
32;1;524;3203;
33;1;541;3383;
34;1;600;3656;
35;1;544;3539;
36;1;526;4026;
37;1;508;3928;
38;1;541;4323;
39;1;565;4184;
40;1;540;4212;
41;1;567;4454;
42;1;552;4283;
43;1;569;4502;
44;1;593;4683;
45;1;504;4546;
46;1;573;4737;
47;1;556;5044;
48;1;579;4997;
49;1;592;5422;
