****5****
100
91;97;1;2;0;
46;79;1;2;0;
99;86;1;2;0;
85;35;1;2;0;
36;45;1;2;0;
15;60;1;2;0;
23;68;1;2;0;
7;62;1;2;0;
48;6;1;2;0;
24;82;1;2;0;
1;35;1;2;0;
74;26;1;2;0;
9;79;1;2;0;
84;77;1;2;0;
53;99;1;2;0;
14;43;1;2;0;
47;12;1;2;0;
74;46;1;2;0;
49;10;1;2;0;
80;84;1;2;0;
54;94;1;2;0;
44;28;1;2;0;
14;2;1;2;0;
89;13;1;2;0;
60;64;1;2;0;
94;60;1;2;0;
98;19;1;2;0;
38;6;1;2;0;
98;21;1;2;0;
34;50;1;2;0;
71;100;1;2;0;
44;18;1;2;0;
11;69;1;2;0;
63;59;1;2;0;
78;42;1;2;0;
95;31;1;2;0;
88;38;1;2;0;
58;1;1;2;0;
91;98;1;2;0;
65;50;1;2;0;
61;59;1;2;0;
62;58;1;2;0;
77;99;1;2;0;
16;26;1;2;0;
71;49;1;2;0;
75;41;1;2;0;
48;71;1;2;0;
10;58;1;2;0;
39;72;1;2;0;
69;17;1;2;0;
66;63;1;2;1192;
5;52;1;2;1813;
5;94;1;2;334;
21;96;1;2;1745;
79;57;1;2;466;
8;55;1;2;2280;
33;77;1;2;2367;
60;17;1;2;2160;
30;27;1;2;489;
20;50;1;2;1365;
36;15;1;2;2145;
87;19;1;2;919;
47;75;1;2;1886;
4;48;1;2;423;
70;26;1;2;2471;
98;33;1;2;85;
88;66;1;2;2462;
27;77;1;2;1960;
66;6;1;2;2217;
14;25;1;2;156;
30;13;1;2;2036;
12;51;1;2;2107;
45;97;1;2;1322;
71;100;1;2;1686;
45;22;1;2;474;
22;71;1;2;1012;
58;58;1;2;1112;
69;37;1;2;485;
97;2;1;2;344;
55;67;1;2;1760;
63;48;1;2;487;
37;59;1;2;218;
81;3;1;2;269;
100;25;1;2;975;
18;69;1;2;1581;
62;43;1;2;53;
90;100;1;2;1174;
87;68;1;2;2308;
8;17;1;2;617;
34;71;1;2;1592;
88;85;1;2;1598;
55;21;1;2;279;
23;2;1;2;1057;
40;53;1;2;815;
8;71;1;2;2478;
49;84;1;2;1018;
8;25;1;2;1524;
28;11;1;2;1457;
33;18;1;2;275;
42;3;1;2;199;
0;1;566;229;
1;1;564;239;
2;1;548;507;
3;1;569;353;
4;1;537;400;
5;1;562;1057;
6;1;510;680;
7;1;512;1177;
8;1;569;1024;
9;1;507;1406;
10;1;571;1195;
11;1;555;1547;
12;1;564;1438;
13;1;502;1327;
14;1;581;1782;
15;1;598;1743;
16;1;597;1856;
17;1;585;2074;
18;1;597;2168;
19;1;519;2356;
20;1;508;2303;
21;1;574;2364;
22;1;552;2328;
23;1;506;2751;
24;1;583;2899;
25;1;599;3090;
26;1;540;2852;
27;1;537;2778;
28;1;592;3105;
29;1;574;3059;
30;1;545;3017;
31;1;569;3601;
32;1;536;3536;
33;1;590;3371;
34;1;562;3641;
35;1;516;3600;
36;1;539;3824;
37;1;589;3913;
38;1;526;3956;
39;1;513;3945;
40;1;511;4284;
41;1;513;4425;
42;1;563;4710;
43;1;504;4553;
44;1;591;4745;
45;1;577;4541;
46;1;551;5148;
47;1;533;4875;
48;1;502;4927;
49;1;569;5400;
