****3****
100
19;75;1;2;0;
6;82;1;2;0;
15;77;1;2;0;
65;44;1;2;0;
88;51;1;2;0;
9;49;1;2;0;
20;86;1;2;0;
11;97;1;2;0;
33;84;1;2;0;
29;29;1;2;0;
54;1;1;2;0;
86;53;1;2;0;
34;100;1;2;0;
72;24;1;2;0;
66;99;1;2;0;
45;84;1;2;0;
26;51;1;2;0;
17;40;1;2;0;
79;33;1;2;0;
35;18;1;2;0;
83;43;1;2;0;
18;3;1;2;0;
28;29;1;2;0;
99;13;1;2;0;
64;28;1;2;0;
41;18;1;2;0;
80;79;1;2;0;
22;65;1;2;0;
30;93;1;2;0;
88;95;1;2;0;
44;85;1;2;0;
30;69;1;2;0;
35;46;1;2;0;
60;13;1;2;0;
78;94;1;2;0;
82;61;1;2;0;
37;99;1;2;0;
63;16;1;2;0;
79;61;1;2;0;
28;43;1;2;0;
40;21;1;2;0;
12;71;1;2;0;
99;85;1;2;0;
36;80;1;2;0;
77;75;1;2;0;
75;72;1;2;0;
59;56;1;2;0;
40;45;1;2;0;
2;99;1;2;0;
9;31;1;2;0;
93;90;1;2;1157;
81;89;1;2;24;
48;67;1;2;2052;
76;61;1;2;1989;
48;24;1;2;2118;
98;8;1;2;2470;
77;37;1;2;2302;
3;8;1;2;167;
59;48;1;2;1316;
60;46;1;2;881;
90;90;1;2;2060;
33;70;1;2;1661;
37;18;1;2;341;
6;45;1;2;1122;
63;92;1;2;1519;
94;89;1;2;432;
60;65;1;2;1871;
52;20;1;2;2004;
55;78;1;2;1961;
3;89;1;2;591;
11;30;1;2;148;
8;62;1;2;2139;
46;51;1;2;2385;
2;56;1;2;743;
70;70;1;2;1774;
10;63;1;2;1939;
10;74;1;2;369;
93;78;1;2;542;
36;32;1;2;318;
26;86;1;2;2385;
14;96;1;2;164;
39;56;1;2;2319;
37;53;1;2;1368;
1;54;1;2;1868;
60;23;1;2;806;
11;85;1;2;302;
49;94;1;2;327;
4;38;1;2;679;
78;26;1;2;1527;
81;51;1;2;1692;
72;16;1;2;2049;
41;6;1;2;2163;
75;43;1;2;1196;
7;43;1;2;1986;
98;2;1;2;660;
7;64;1;2;1237;
83;13;1;2;1647;
32;68;1;2;1266;
58;98;1;2;2097;
67;78;1;2;1101;
0;1;562;347;
1;1;539;214;
2;1;542;276;
3;1;502;583;
4;1;539;807;
5;1;574;1070;
6;1;554;610;
7;1;534;798;
8;1;530;899;
9;1;596;1139;
10;1;562;1161;
11;1;595;1283;
12;1;550;1303;
13;1;526;1583;
14;1;570;1945;
15;1;593;2029;
16;1;557;1625;
17;1;588;1989;
18;1;580;2268;
19;1;565;1982;
20;1;540;2169;
21;1;550;2195;
22;1;512;2634;
23;1;528;2824;
24;1;584;2907;
25;1;556;2504;
26;1;529;2715;
27;1;526;2745;
28;1;505;3242;
29;1;548;3402;
30;1;558;3123;
31;1;510;3593;
32;1;527;3399;
33;1;563;3851;
34;1;585;3618;
35;1;523;3750;
36;1;568;4127;
37;1;522;3997;
38;1;559;4038;
39;1;524;4193;
40;1;576;4127;
41;1;539;4587;
42;1;581;4587;
43;1;582;4311;
44;1;518;4636;
45;1;512;4855;
46;1;525;5045;
47;1;541;4895;
48;1;517;5082;
49;1;557;5134;
