****13****
100
71;855;1;2;0;
632;65;1;2;0;
966;489;1;2;0;
489;410;1;2;0;
696;326;1;2;0;
813;155;1;2;0;
729;393;1;2;0;
676;885;1;2;0;
728;976;1;2;0;
484;731;1;2;0;
451;625;1;2;0;
68;230;1;2;0;
849;34;1;2;0;
275;680;1;2;0;
277;117;1;2;0;
638;699;1;2;0;
324;269;1;2;0;
763;641;1;2;0;
109;603;1;2;0;
50;157;1;2;0;
281;214;1;2;0;
311;9;1;2;0;
606;338;1;2;0;
245;685;1;2;0;
665;729;1;2;0;
768;467;1;2;0;
705;835;1;2;0;
697;905;1;2;0;
221;323;1;2;0;
937;849;1;2;0;
440;574;1;2;0;
547;115;1;2;0;
194;662;1;2;0;
755;302;1;2;0;
264;156;1;2;0;
810;544;1;2;0;
369;472;1;2;0;
905;326;1;2;0;
810;149;1;2;0;
10;826;1;2;0;
229;777;1;2;0;
293;933;1;2;0;
964;341;1;2;0;
838;184;1;2;0;
663;774;1;2;0;
32;454;1;2;0;
699;930;1;2;0;
568;892;1;2;0;
591;322;1;2;0;
545;207;1;2;0;
477;355;1;2;575;
197;178;1;2;9086;
874;339;1;2;12078;
236;165;1;2;16908;
12;809;1;2;24519;
327;149;1;2;462;
862;811;1;2;18357;
245;265;1;2;13602;
527;184;1;2;3450;
117;506;1;2;24980;
323;334;1;2;4523;
425;883;1;2;21349;
430;756;1;2;21398;
936;991;1;2;9938;
671;355;1;2;136;
690;33;1;2;7673;
898;895;1;2;8142;
879;491;1;2;83;
910;17;1;2;1332;
832;134;1;2;1861;
650;808;1;2;17475;
175;232;1;2;8070;
229;14;1;2;5714;
269;949;1;2;9954;
826;971;1;2;18331;
542;12;1;2;24832;
55;909;1;2;13769;
82;787;1;2;1650;
725;696;1;2;17679;
551;879;1;2;23683;
883;529;1;2;1918;
252;55;1;2;7456;
151;283;1;2;22136;
157;903;1;2;12530;
154;80;1;2;20546;
857;622;1;2;20703;
593;28;1;2;15709;
222;109;1;2;1170;
342;185;1;2;13439;
831;735;1;2;12710;
452;969;1;2;19466;
233;220;1;2;13230;
598;722;1;2;19847;
975;879;1;2;8465;
301;384;1;2;16273;
302;593;1;2;18405;
962;185;1;2;2030;
882;406;1;2;20796;
589;100;1;2;8775;
344;930;1;2;12805;
0;1;477;233;
1;1;31;240;
2;1;318;202;
3;1;409;217;
4;1;324;210;
5;1;241;204;
6;1;65;244;
7;1;289;250;
8;1;195;231;
9;1;256;206;
10;1;65;239;
11;1;37;223;
12;1;82;228;
13;1;422;209;
14;1;321;203;
15;1;471;249;
16;1;287;203;
17;1;138;206;
18;1;454;248;
19;1;222;229;
