****0****
100
74;968;1;2;0;
285;913;1;2;0;
436;433;1;2;0;
551;621;1;2;0;
829;169;1;2;0;
590;421;1;2;0;
286;927;1;2;0;
138;541;1;2;0;
623;667;1;2;0;
962;609;1;2;0;
723;526;1;2;0;
224;872;1;2;0;
933;453;1;2;0;
604;835;1;2;0;
647;632;1;2;0;
659;72;1;2;0;
600;944;1;2;0;
984;387;1;2;0;
728;886;1;2;0;
7;908;1;2;0;
406;949;1;2;0;
681;691;1;2;0;
227;170;1;2;0;
231;849;1;2;0;
836;544;1;2;0;
809;558;1;2;0;
70;32;1;2;0;
782;354;1;2;0;
837;737;1;2;0;
188;483;1;2;0;
368;199;1;2;0;
554;319;1;2;0;
494;889;1;2;0;
706;221;1;2;0;
126;64;1;2;0;
129;531;1;2;0;
364;161;1;2;0;
221;590;1;2;0;
330;804;1;2;0;
438;165;1;2;0;
347;246;1;2;0;
722;768;1;2;0;
630;855;1;2;0;
474;466;1;2;0;
591;13;1;2;0;
300;311;1;2;0;
211;205;1;2;0;
981;704;1;2;0;
93;38;1;2;0;
277;218;1;2;0;
102;757;1;2;10250;
817;917;1;2;11610;
407;246;1;2;4812;
196;762;1;2;23092;
794;835;1;2;15894;
423;690;1;2;12040;
240;632;1;2;10884;
539;942;1;2;19439;
743;275;1;2;17802;
187;312;1;2;12559;
756;413;1;2;18175;
855;582;1;2;3301;
526;988;1;2;16032;
1;535;1;2;13695;
174;328;1;2;17836;
114;102;1;2;8720;
880;341;1;2;13812;
658;231;1;2;7429;
646;325;1;2;18021;
690;863;1;2;22640;
362;618;1;2;12537;
790;824;1;2;16470;
486;702;1;2;6260;
427;54;1;2;10607;
129;227;1;2;16287;
18;692;1;2;5706;
243;571;1;2;8731;
452;228;1;2;24316;
955;226;1;2;11233;
379;267;1;2;643;
467;629;1;2;9706;
320;770;1;2;23673;
753;256;1;2;4151;
174;34;1;2;8203;
481;515;1;2;11167;
467;532;1;2;3936;
555;126;1;2;21305;
984;578;1;2;5897;
995;884;1;2;24907;
682;262;1;2;23382;
232;81;1;2;16128;
400;400;1;2;21320;
743;504;1;2;17259;
139;677;1;2;19977;
236;509;1;2;20415;
263;976;1;2;13657;
981;882;1;2;6175;
622;865;1;2;16278;
491;211;1;2;1393;
936;245;1;2;6791;
0;1;148;226;
1;1;483;238;
2;1;227;232;
3;1;302;219;
4;1;237;220;
5;1;107;216;
6;1;472;244;
7;1;274;240;
8;1;456;201;
9;1;439;239;
10;1;483;216;
11;1;410;249;
12;1;469;250;
13;1;262;206;
14;1;336;206;
15;1;308;233;
16;1;333;240;
17;1;323;210;
18;1;23;224;
19;1;28;209;
