****12****
100
264;626;1;2;0;
202;278;1;2;0;
727;19;1;2;0;
355;246;1;2;0;
352;622;1;2;0;
764;519;1;2;0;
374;394;1;2;0;
753;46;1;2;0;
818;990;1;2;0;
117;485;1;2;0;
851;364;1;2;0;
16;807;1;2;0;
457;950;1;2;0;
883;496;1;2;0;
105;233;1;2;0;
691;720;1;2;0;
211;893;1;2;0;
350;937;1;2;0;
263;704;1;2;0;
182;615;1;2;0;
677;945;1;2;0;
133;50;1;2;0;
690;886;1;2;0;
447;507;1;2;0;
227;563;1;2;0;
344;429;1;2;0;
278;359;1;2;0;
235;735;1;2;0;
661;470;1;2;0;
582;765;1;2;0;
702;624;1;2;0;
837;912;1;2;0;
868;186;1;2;0;
201;131;1;2;0;
241;382;1;2;0;
745;918;1;2;0;
679;229;1;2;0;
319;720;1;2;0;
466;766;1;2;0;
227;44;1;2;0;
680;570;1;2;0;
472;310;1;2;0;
280;59;1;2;0;
44;940;1;2;0;
528;977;1;2;0;
57;229;1;2;0;
600;893;1;2;0;
493;468;1;2;0;
430;693;1;2;0;
598;670;1;2;0;
426;694;1;2;12110;
456;274;1;2;23212;
176;740;1;2;7506;
402;783;1;2;4607;
323;255;1;2;17655;
602;313;1;2;19308;
894;840;1;2;11449;
950;420;1;2;1533;
194;264;1;2;4109;
975;956;1;2;22851;
644;382;1;2;19796;
583;189;1;2;1496;
840;364;1;2;19709;
214;765;1;2;9737;
619;439;1;2;8840;
334;41;1;2;24687;
443;286;1;2;12309;
529;235;1;2;16276;
566;780;1;2;804;
422;754;1;2;810;
227;749;1;2;11426;
725;331;1;2;22588;
848;522;1;2;12635;
711;87;1;2;14015;
708;58;1;2;14510;
959;743;1;2;3468;
874;185;1;2;2284;
332;65;1;2;23025;
209;982;1;2;23191;
350;403;1;2;20090;
799;629;1;2;12617;
628;353;1;2;17377;
998;201;1;2;7582;
732;263;1;2;17985;
230;970;1;2;5441;
518;928;1;2;12606;
199;153;1;2;13283;
164;836;1;2;16672;
364;44;1;2;6051;
694;746;1;2;6032;
130;544;1;2;18963;
314;171;1;2;16884;
828;169;1;2;1293;
568;900;1;2;19148;
747;481;1;2;2935;
982;350;1;2;15992;
960;900;1;2;8003;
826;64;1;2;16278;
756;779;1;2;7092;
668;824;1;2;8497;
0;1;483;203;
1;1;85;228;
2;1;266;205;
3;1;277;246;
4;1;275;229;
5;1;365;226;
6;1;142;211;
7;1;6;225;
8;1;93;208;
9;1;486;204;
10;1;107;204;
11;1;229;222;
12;1;304;234;
13;1;300;250;
14;1;4;224;
15;1;141;238;
16;1;428;225;
17;1;115;246;
18;1;480;243;
19;1;491;206;
