****9****
100
438;536;1;2;0;
599;317;1;2;0;
347;193;1;2;0;
953;216;1;2;0;
874;210;1;2;0;
308;160;1;2;0;
251;379;1;2;0;
108;697;1;2;0;
330;964;1;2;0;
278;479;1;2;0;
350;400;1;2;0;
558;638;1;2;0;
174;911;1;2;0;
428;756;1;2;0;
420;54;1;2;0;
888;857;1;2;0;
941;838;1;2;0;
173;287;1;2;0;
31;126;1;2;0;
854;256;1;2;0;
687;162;1;2;0;
416;937;1;2;0;
892;875;1;2;0;
985;221;1;2;0;
191;262;1;2;0;
51;540;1;2;0;
661;608;1;2;0;
177;186;1;2;0;
870;956;1;2;0;
942;290;1;2;0;
9;829;1;2;0;
498;301;1;2;0;
18;671;1;2;0;
940;400;1;2;0;
796;793;1;2;0;
656;482;1;2;0;
306;423;1;2;0;
771;198;1;2;0;
297;755;1;2;0;
770;487;1;2;0;
17;173;1;2;0;
378;29;1;2;0;
132;907;1;2;0;
215;2;1;2;0;
862;156;1;2;0;
643;223;1;2;0;
336;140;1;2;0;
523;705;1;2;0;
162;462;1;2;0;
105;957;1;2;0;
607;112;1;2;7465;
912;534;1;2;3518;
461;182;1;2;3994;
231;21;1;2;13817;
403;398;1;2;12066;
534;656;1;2;13392;
887;518;1;2;12361;
881;92;1;2;2381;
373;614;1;2;18735;
534;428;1;2;6122;
491;386;1;2;10721;
633;649;1;2;5405;
193;110;1;2;12644;
859;692;1;2;8218;
894;446;1;2;95;
957;331;1;2;23296;
586;570;1;2;5986;
722;450;1;2;10347;
545;174;1;2;16987;
72;708;1;2;24213;
56;550;1;2;5427;
150;182;1;2;19431;
130;726;1;2;5523;
291;936;1;2;4503;
824;181;1;2;5266;
754;137;1;2;13920;
692;74;1;2;18393;
147;147;1;2;24297;
693;43;1;2;15231;
205;115;1;2;21475;
495;522;1;2;6246;
171;23;1;2;6506;
495;504;1;2;772;
280;794;1;2;18040;
108;969;1;2;1619;
381;75;1;2;13579;
984;766;1;2;17308;
509;913;1;2;168;
835;957;1;2;19036;
334;513;1;2;17646;
541;8;1;2;4368;
296;530;1;2;12677;
937;376;1;2;4719;
302;655;1;2;13645;
955;114;1;2;24918;
789;494;1;2;15882;
111;477;1;2;12081;
506;337;1;2;17252;
400;171;1;2;16741;
337;505;1;2;7032;
0;1;239;245;
1;1;200;213;
2;1;192;231;
3;1;461;230;
4;1;456;212;
5;1;282;212;
6;1;209;238;
7;1;75;227;
8;1;228;218;
9;1;466;238;
10;1;396;225;
11;1;196;233;
12;1;296;247;
13;1;255;224;
14;1;283;209;
15;1;168;224;
16;1;155;219;
17;1;36;249;
18;1;299;248;
19;1;178;204;
