****2****
100
22;33;1;2;0;
46;23;1;2;0;
28;40;1;2;0;
75;34;1;2;0;
38;17;1;2;0;
99;48;1;2;0;
16;60;1;2;0;
17;34;1;2;0;
57;60;1;2;0;
16;48;1;2;0;
50;35;1;2;0;
63;18;1;2;0;
14;56;1;2;0;
96;58;1;2;0;
80;18;1;2;0;
93;53;1;2;0;
50;90;1;2;0;
75;29;1;2;0;
29;1;1;2;0;
63;18;1;2;0;
18;61;1;2;0;
65;85;1;2;0;
72;33;1;2;0;
18;28;1;2;0;
93;85;1;2;0;
75;94;1;2;0;
71;89;1;2;0;
64;84;1;2;0;
45;11;1;2;0;
42;76;1;2;0;
29;86;1;2;0;
28;30;1;2;0;
27;3;1;2;0;
59;7;1;2;0;
3;73;1;2;0;
25;72;1;2;0;
85;41;1;2;0;
57;56;1;2;0;
74;26;1;2;0;
83;18;1;2;0;
11;9;1;2;0;
11;33;1;2;0;
50;74;1;2;0;
17;46;1;2;0;
37;10;1;2;0;
21;65;1;2;0;
95;48;1;2;0;
94;73;1;2;0;
2;4;1;2;0;
79;57;1;2;0;
76;3;1;2;1453;
60;44;1;2;316;
67;17;1;2;520;
1;86;1;2;1942;
62;96;1;2;608;
11;22;1;2;482;
8;58;1;2;2331;
28;74;1;2;1520;
75;19;1;2;1171;
77;23;1;2;1171;
85;50;1;2;2468;
12;62;1;2;1774;
100;80;1;2;493;
61;81;1;2;1038;
36;94;1;2;1824;
43;56;1;2;2348;
67;63;1;2;764;
99;90;1;2;1703;
78;16;1;2;2037;
28;44;1;2;166;
57;28;1;2;1989;
89;92;1;2;2350;
15;91;1;2;1381;
10;3;1;2;1502;
89;38;1;2;329;
64;80;1;2;427;
64;98;1;2;707;
21;97;1;2;2192;
3;26;1;2;1946;
4;53;1;2;2279;
78;10;1;2;184;
2;50;1;2;2117;
39;64;1;2;892;
56;73;1;2;2033;
52;62;1;2;2482;
42;77;1;2;346;
38;93;1;2;1111;
45;13;1;2;2107;
92;68;1;2;2354;
7;23;1;2;524;
14;100;1;2;292;
48;54;1;2;1623;
73;44;1;2;1292;
40;99;1;2;2296;
9;51;1;2;673;
67;44;1;2;750;
4;33;1;2;2373;
91;29;1;2;1306;
74;73;1;2;1756;
82;79;1;2;756;
0;1;595;271;
1;1;550;165;
2;1;539;480;
3;1;587;685;
4;1;598;634;
5;1;554;640;
6;1;583;1145;
7;1;551;1024;
8;1;528;905;
9;1;507;1314;
10;1;578;1366;
11;1;574;1298;
12;1;559;1355;
13;1;579;1376;
14;1;581;1417;
15;1;584;1762;
16;1;501;1727;
17;1;591;2048;
18;1;591;1813;
19;1;554;2084;
20;1;501;2169;
21;1;589;2148;
22;1;521;2608;
23;1;541;2438;
24;1;536;2482;
25;1;583;2940;
26;1;501;2888;
27;1;519;3092;
28;1;556;2844;
29;1;546;3119;
30;1;558;3000;
31;1;563;3116;
32;1;518;3484;
33;1;600;3407;
34;1;533;3614;
35;1;600;3684;
36;1;512;3907;
37;1;519;3808;
38;1;578;3899;
39;1;535;4407;
40;1;510;4117;
41;1;578;4456;
42;1;578;4481;
43;1;522;4428;
44;1;597;4811;
45;1;520;4825;
46;1;599;5148;
47;1;515;4877;
48;1;538;5307;
49;1;576;5117;
