****6****
100
161;471;1;2;0;
261;900;1;2;0;
942;966;1;2;0;
430;92;1;2;0;
390;189;1;2;0;
598;718;1;2;0;
385;226;1;2;0;
106;135;1;2;0;
129;12;1;2;0;
771;911;1;2;0;
7;139;1;2;0;
980;9;1;2;0;
754;253;1;2;0;
872;551;1;2;0;
272;916;1;2;0;
190;432;1;2;0;
739;802;1;2;0;
684;680;1;2;0;
767;465;1;2;0;
123;157;1;2;0;
653;73;1;2;0;
874;389;1;2;0;
298;331;1;2;0;
523;778;1;2;0;
694;294;1;2;0;
688;701;1;2;0;
432;20;1;2;0;
709;537;1;2;0;
272;933;1;2;0;
440;895;1;2;0;
848;629;1;2;0;
327;938;1;2;0;
430;362;1;2;0;
618;549;1;2;0;
826;92;1;2;0;
705;830;1;2;0;
164;930;1;2;0;
219;813;1;2;0;
612;93;1;2;0;
590;306;1;2;0;
386;278;1;2;0;
6;170;1;2;0;
297;66;1;2;0;
706;920;1;2;0;
350;497;1;2;0;
814;198;1;2;0;
125;492;1;2;0;
487;907;1;2;0;
853;104;1;2;0;
455;30;1;2;0;
548;511;1;2;7171;
711;792;1;2;9522;
524;403;1;2;7585;
113;708;1;2;3673;
742;65;1;2;15339;
390;131;1;2;12439;
309;480;1;2;4649;
123;29;1;2;16868;
614;516;1;2;22336;
819;971;1;2;4020;
200;518;1;2;7871;
411;229;1;2;8829;
192;104;1;2;2588;
418;568;1;2;15200;
677;662;1;2;19090;
809;51;1;2;17775;
646;712;1;2;24626;
980;186;1;2;14171;
791;151;1;2;20587;
507;321;1;2;14490;
30;521;1;2;23869;
62;931;1;2;22254;
886;475;1;2;5132;
464;892;1;2;15593;
101;920;1;2;14340;
803;80;1;2;1564;
635;725;1;2;12867;
299;57;1;2;21314;
991;847;1;2;11141;
550;705;1;2;4074;
79;734;1;2;9361;
478;148;1;2;11420;
457;33;1;2;19774;
539;848;1;2;17007;
189;300;1;2;9040;
499;103;1;2;11212;
564;89;1;2;10962;
340;387;1;2;17434;
653;729;1;2;18000;
117;278;1;2;14491;
901;709;1;2;13177;
205;538;1;2;19680;
143;995;1;2;20077;
556;533;1;2;16956;
211;721;1;2;5012;
138;572;1;2;5584;
495;135;1;2;9198;
577;827;1;2;17726;
715;479;1;2;24836;
699;595;1;2;23864;
0;1;240;245;
1;1;299;214;
2;1;51;237;
3;1;435;244;
4;1;183;242;
5;1;249;215;
6;1;244;211;
7;1;288;247;
8;1;300;209;
9;1;305;245;
10;1;345;249;
11;1;371;221;
12;1;31;236;
13;1;150;242;
14;1;136;246;
15;1;83;225;
16;1;91;233;
17;1;240;243;
18;1;421;226;
19;1;186;203;
