****10****
100
80;70;1;2;0;
29;17;1;2;0;
41;93;1;2;0;
89;35;1;2;0;
18;38;1;2;0;
54;20;1;2;0;
66;61;1;2;0;
76;48;1;2;0;
23;67;1;2;0;
31;68;1;2;0;
69;88;1;2;0;
95;25;1;2;0;
92;96;1;2;0;
13;59;1;2;0;
92;90;1;2;0;
77;24;1;2;0;
11;57;1;2;0;
40;52;1;2;0;
49;80;1;2;0;
86;19;1;2;0;
69;92;1;2;0;
38;35;1;2;0;
52;13;1;2;0;
82;74;1;2;0;
32;13;1;2;0;
42;100;1;2;0;
52;88;1;2;0;
24;43;1;2;0;
83;37;1;2;0;
53;27;1;2;0;
78;81;1;2;0;
50;41;1;2;0;
37;89;1;2;0;
92;38;1;2;0;
20;29;1;2;0;
56;89;1;2;0;
20;93;1;2;0;
23;24;1;2;0;
58;56;1;2;0;
49;89;1;2;0;
20;42;1;2;0;
40;24;1;2;0;
30;64;1;2;0;
66;64;1;2;0;
52;19;1;2;0;
90;81;1;2;0;
51;39;1;2;0;
21;88;1;2;0;
79;64;1;2;0;
25;99;1;2;0;
93;32;1;2;1240;
64;24;1;2;1215;
39;33;1;2;1297;
40;73;1;2;1649;
81;13;1;2;122;
62;28;1;2;2145;
78;79;1;2;320;
67;11;1;2;1633;
58;32;1;2;1160;
88;95;1;2;649;
38;39;1;2;703;
76;55;1;2;394;
88;93;1;2;1029;
56;84;1;2;704;
95;17;1;2;1274;
57;78;1;2;1089;
36;55;1;2;1496;
86;74;1;2;1664;
86;83;1;2;2301;
73;70;1;2;908;
36;8;1;2;1163;
30;35;1;2;469;
99;23;1;2;1314;
53;78;1;2;98;
80;24;1;2;1072;
70;80;1;2;799;
36;67;1;2;1347;
83;52;1;2;2465;
89;37;1;2;1744;
78;61;1;2;1760;
14;96;1;2;1312;
88;77;1;2;1640;
16;28;1;2;1459;
40;80;1;2;2069;
48;11;1;2;115;
20;81;1;2;723;
74;68;1;2;1036;
82;50;1;2;1378;
67;39;1;2;883;
82;68;1;2;711;
18;81;1;2;1511;
14;68;1;2;1485;
44;35;1;2;1030;
48;27;1;2;1173;
29;74;1;2;119;
33;46;1;2;1646;
68;19;1;2;1840;
69;52;1;2;2199;
74;18;1;2;1889;
16;51;1;2;710;
0;1;570;537;
1;1;586;586;
2;1;533;731;
3;1;597;622;
4;1;592;941;
5;1;523;587;
6;1;539;1082;
7;1;592;997;
8;1;535;1038;
9;1;517;1008;
10;1;507;1236;
11;1;575;1134;
12;1;510;1537;
13;1;579;1851;
14;1;515;1618;
15;1;553;1719;
16;1;596;2149;
17;1;555;2253;
18;1;595;1810;
19;1;556;1974;
20;1;553;2532;
21;1;556;2226;
22;1;533;2653;
23;1;580;2807;
24;1;587;2539;
25;1;573;2610;
26;1;510;2756;
27;1;554;3168;
28;1;547;2940;
29;1;518;3162;
30;1;512;3117;
31;1;597;3224;
32;1;512;3202;
33;1;588;3537;
34;1;553;3803;
35;1;596;3816;
36;1;573;4115;
37;1;547;4120;
38;1;554;3895;
39;1;525;4090;
40;1;573;4418;
41;1;537;4602;
42;1;596;4490;
43;1;505;4758;
44;1;526;4489;
45;1;506;4599;
46;1;596;5177;
47;1;545;5038;
48;1;556;5295;
49;1;516;5260;
