****18****
100
93;19;1;2;0;
23;60;1;2;0;
33;39;1;2;0;
26;86;1;2;0;
43;40;1;2;0;
58;22;1;2;0;
68;8;1;2;0;
42;89;1;2;0;
40;27;1;2;0;
95;11;1;2;0;
46;56;1;2;0;
38;99;1;2;0;
1;33;1;2;0;
93;75;1;2;0;
69;30;1;2;0;
3;13;1;2;0;
48;78;1;2;0;
24;32;1;2;0;
16;49;1;2;0;
17;58;1;2;0;
88;26;1;2;0;
31;7;1;2;0;
86;24;1;2;0;
48;25;1;2;0;
50;94;1;2;0;
36;47;1;2;0;
49;25;1;2;0;
98;49;1;2;0;
57;90;1;2;0;
23;77;1;2;0;
19;77;1;2;0;
89;19;1;2;0;
6;65;1;2;0;
2;21;1;2;0;
13;71;1;2;0;
30;1;1;2;0;
48;12;1;2;0;
59;33;1;2;0;
35;6;1;2;0;
10;84;1;2;0;
99;45;1;2;0;
83;47;1;2;0;
21;80;1;2;0;
95;29;1;2;0;
21;69;1;2;0;
5;91;1;2;0;
46;45;1;2;0;
61;51;1;2;0;
9;63;1;2;0;
24;74;1;2;0;
85;5;1;2;1785;
32;17;1;2;39;
65;51;1;2;1172;
74;87;1;2;658;
70;69;1;2;347;
42;100;1;2;2445;
70;20;1;2;732;
26;10;1;2;2242;
22;71;1;2;1879;
31;85;1;2;53;
56;21;1;2;2430;
81;52;1;2;2260;
64;68;1;2;1125;
5;93;1;2;788;
97;14;1;2;2284;
35;55;1;2;2247;
19;76;1;2;2306;
72;1;1;2;702;
22;23;1;2;1252;
75;5;1;2;370;
50;12;1;2;234;
82;92;1;2;1271;
30;7;1;2;408;
81;64;1;2;1620;
17;12;1;2;1249;
74;46;1;2;1585;
81;16;1;2;897;
8;88;1;2;2331;
96;61;1;2;416;
54;87;1;2;197;
100;89;1;2;489;
66;70;1;2;572;
35;52;1;2;492;
72;32;1;2;1420;
2;100;1;2;1514;
97;25;1;2;1121;
98;6;1;2;189;
75;13;1;2;1952;
5;8;1;2;1149;
8;13;1;2;2159;
68;64;1;2;37;
38;29;1;2;2217;
52;63;1;2;954;
24;35;1;2;2374;
59;88;1;2;2269;
5;36;1;2;420;
48;33;1;2;1576;
6;60;1;2;541;
4;16;1;2;522;
62;23;1;2;268;
0;1;558;59;
1;1;516;610;
2;1;532;591;
3;1;597;446;
4;1;558;907;
5;1;558;801;
6;1;594;1003;
7;1;531;891;
8;1;572;993;
9;1;549;1266;
10;1;551;1101;
11;1;528;1469;
12;1;503;1649;
13;1;577;1860;
14;1;544;1538;
15;1;547;1669;
16;1;545;2063;
17;1;596;1971;
18;1;509;2168;
19;1;510;1958;
20;1;549;2330;
21;1;562;2273;
22;1;582;2596;
23;1;578;2470;
24;1;562;2634;
25;1;527;3002;
26;1;548;3085;
27;1;525;3202;
28;1;537;2920;
29;1;545;3306;
30;1;504;3475;
31;1;585;3582;
32;1;557;3591;
33;1;523;3621;
34;1;575;3531;
35;1;536;3986;
36;1;598;4142;
37;1;568;4122;
38;1;541;4310;
39;1;587;4474;
40;1;576;4440;
41;1;566;4344;
42;1;566;4630;
43;1;577;4620;
44;1;543;4479;
45;1;586;4621;
46;1;517;4791;
47;1;593;5248;
48;1;506;4836;
49;1;542;5215;
