****4****
100
710;416;1;2;0;
504;354;1;2;0;
456;833;1;2;0;
77;838;1;2;0;
442;567;1;2;0;
538;690;1;2;0;
448;589;1;2;0;
410;793;1;2;0;
459;42;1;2;0;
993;748;1;2;0;
324;558;1;2;0;
809;234;1;2;0;
586;731;1;2;0;
49;997;1;2;0;
894;546;1;2;0;
879;603;1;2;0;
314;734;1;2;0;
957;769;1;2;0;
566;385;1;2;0;
959;8;1;2;0;
303;496;1;2;0;
49;750;1;2;0;
437;458;1;2;0;
542;247;1;2;0;
852;886;1;2;0;
994;175;1;2;0;
444;802;1;2;0;
408;381;1;2;0;
532;808;1;2;0;
377;777;1;2;0;
353;255;1;2;0;
380;18;1;2;0;
340;688;1;2;0;
787;906;1;2;0;
424;97;1;2;0;
265;726;1;2;0;
592;665;1;2;0;
475;380;1;2;0;
123;369;1;2;0;
626;974;1;2;0;
606;619;1;2;0;
500;401;1;2;0;
773;259;1;2;0;
782;656;1;2;0;
66;158;1;2;0;
433;770;1;2;0;
765;164;1;2;0;
140;104;1;2;0;
851;926;1;2;0;
361;274;1;2;0;
374;625;1;2;20303;
317;642;1;2;12007;
697;764;1;2;383;
322;89;1;2;21109;
941;588;1;2;1767;
713;846;1;2;3981;
368;263;1;2;8192;
800;384;1;2;22015;
963;523;1;2;17528;
165;800;1;2;8422;
790;173;1;2;116;
140;490;1;2;6120;
317;186;1;2;11327;
213;507;1;2;15950;
715;799;1;2;9151;
618;511;1;2;19717;
301;231;1;2;24002;
142;382;1;2;13493;
747;697;1;2;11201;
808;861;1;2;414;
229;3;1;2;8515;
626;494;1;2;341;
665;162;1;2;12854;
818;375;1;2;16253;
60;89;1;2;58;
240;58;1;2;8589;
618;359;1;2;23002;
905;852;1;2;11950;
928;951;1;2;7309;
826;758;1;2;9963;
171;338;1;2;20921;
688;963;1;2;8236;
47;979;1;2;15662;
590;797;1;2;14084;
640;208;1;2;6354;
841;447;1;2;16994;
904;64;1;2;2230;
549;321;1;2;18008;
223;600;1;2;13589;
946;425;1;2;8749;
881;947;1;2;11910;
818;635;1;2;2684;
600;681;1;2;14439;
544;270;1;2;8502;
214;262;1;2;823;
325;454;1;2;5050;
141;709;1;2;15898;
19;257;1;2;7369;
396;831;1;2;22453;
76;128;1;2;20100;
0;1;364;208;
1;1;483;240;
2;1;177;217;
3;1;78;227;
4;1;149;248;
5;1;172;220;
6;1;415;236;
7;1;383;240;
8;1;210;238;
9;1;112;202;
10;1;396;250;
11;1;220;204;
12;1;259;217;
13;1;187;218;
14;1;42;214;
15;1;406;206;
16;1;322;238;
17;1;395;248;
18;1;356;224;
19;1;126;206;
